5 0.0903765

6 0.180983

7 0.414198

8 0.924969

9 1.5159

10 1.81868

11 1.94838

12 2.14524

13 2.55141

14 3.15679

15 5.02576

16 5.26418

17 8.03136

18 8.68999

19 9.14503

20 9.50724

21 9.81283

22 10.4598

23 11.6362

24 11.7959

25 13.4364

26 13.7825

27 13.8749

28 14.341

29 15.7066

30 16.5169

31 17.7842

32 18.4223

33 18.6977

34 18.9053

35 19.2402

36 19.9567

37 20.2247

38 20.6432

39 21.7271

40 22.7324

41 23.4551

42 24.619

43 25.1176

44 26.6707

45 26.9554

46 27.1932

47 27.5747

48 28.7827

49 29.4433

50 30.4772

51 33.6086

52 34.1819

53 34.8425

54 37.1564

55 37.5114

56 38.2019

57 39.3729

58 39.9559

59 41.107

60 43.2979

61 43.5976

