5 0.0193605

8 0.402438

11 0.513212

14 0.770128

17 0.939173

20 1.58509

23 2.3143

26 3.10743

29 3.59835

32 4.1508

35 4.89505

38 5.4027

41 6.03271

44 6.81915

47 8.0429

50 9.15442

53 10.0192

56 10.712

59 11.5226

62 12.4834

65 12.9611

68 13.6378

71 15.0868

74 16.4679

77 17.7824

80 20.7972

83 22.4629

86 23.8957

89 25.1301

92 26.5494

95 27.724

98 30.2523

101 30.9948

104 32.9954

107 34.7105

110 35.6314

113 37.1103

116 39.4164

119 40.6999

122 42.0646

125 43.6269

128 45.1032

131 47.3801

134 48.3707

137 49.6627

140 51.1976

