5 0.0260601

8 0.0969199

11 0.326791

14 0.838338

17 1.42489

20 2.37221

23 2.97769

26 4.33328

29 5.55757

32 5.99566

35 6.37552

38 7.43801

41 7.90972

44 9.30158

47 9.91475

50 10.8436

53 12.5349

56 13.3876

59 14.2875

62 16.629

65 17.2848

68 18.2595

71 21.3081

74 21.6633

77 22.2254

80 23.7924

83 24.5656

86 25.1105

89 27.2702

92 28.4766

95 29.8457

98 32.2197

101 33.9188

104 34.7846

107 35.962

110 37.6516

113 41.8529

116 43.1562

119 44.8908

122 45.846

125 51.841

128 54.0503

131 55.4114

134 57.4384

137 63.5768

140 65.7528

143 67.566

146 68.8929

149 71.3886

152 74.9314

155 77.606

