5 0.0251352

8 0.13844

11 0.418976

14 0.700782

17 1.38496

20 2.01245

23 2.53353

26 2.87338

29 3.24804

32 3.56898

35 3.90588

38 4.18449

41 4.53817

44 4.95998

47 5.36046

50 5.98895

53 6.75442

56 8.41797

59 9.32014

62 11.7397

65 12.3824

68 12.9551

71 15.6924

74 16.3689

77 17.4561

80 18.74

83 20.4489

86 21.8869

89 23.4924

92 25.3597

95 27.7004

98 29.3525

101 30.3786

104 31.327

107 32.6177

110 33.6107

113 34.7111

116 36.2954

119 37.7517

122 39.29

125 40.3865

128 41.2416

131 45.3819

134 47.2018

137 51.4508

140 56.1087

143 58.0432

