5 0.00591733

6 0.00936238

7 0.0689624

8 0.293346

9 0.325127

10 0.907939

11 1.41208

12 2.15553

13 2.50697

14 2.66172

15 2.95587

16 3.11929

17 3.35218

18 4.35715

19 4.79634

20 5.90073

21 6.21054

22 7.29861

23 8.27573

24 9.6252

25 9.86169

26 11.1355

27 12.2227

28 14.2787

29 14.3875

30 14.5969

31 15.7505

32 16.5605

33 17.0571

34 19.5836

35 20.2366

36 21.3061

37 22.0332

38 23.997

39 24.5856

40 26.1239

41 27.2978

42 29.7277

43 30.4333

44 32.4169

45 32.9294

46 34.9513

47 35.1064

48 36.9754

49 38.3122

50 38.783

51 39.899

