5 0.0027099

6 0.671809

7 1.00482

8 1.27913

9 1.77885

10 3.04955

11 3.26039

12 5.80437

13 6.60891

14 7.20306

15 8.50009

16 10.0708

17 10.9811

18 12.3229

19 12.7548

20 14.7935

21 15.0496

22 16.5921

23 17.0296

24 17.0803

25 17.2404

26 17.3297

27 17.9663

28 18.2538

29 18.3851

30 20.1035

31 20.6105

32 22.409

33 23.0101

34 24.2223

35 25.1816

36 27.8995

37 28.2448

38 31.2595

39 32.0956

40 32.9305

41 34.6896

42 37.9869

43 39.2951

44 42.3304

45 43.0926

46 47.4527

47 48.1296

48 52.0261

49 53.0336

