5 0.00434225

6 0.200506

7 0.355766

8 0.752675

9 0.831568

10 1.78133

11 2.04017

12 2.21613

13 3.54485

14 4.81724

15 5.50466

16 7.38038

17 7.52246

18 8.20806

19 8.64211

20 9.00327

21 9.38892

22 9.86368

23 10.6314

24 12.8447

25 13.3631

26 16.5573

27 17.3005

28 17.6272

29 19.0496

30 19.282

31 19.6853

32 20.2774

33 21.3139

34 22.4624

35 22.7143

36 23.7833

37 24.7715

38 26.183

39 26.299

40 28.8181

41 29.7362

42 30.079

43 32.0921

44 34.1127

45 35.4851

46 38.7171

47 39.0326

48 40.4003

49 41.0855

50 41.3825

51 41.7368

52 42.0211

53 42.6284

54 43.6904

55 44.6659

56 47.735

57 48.5938

58 52.509

59 53.688

60 54.2112

61 55.8936

62 56.7134

63 57.7749

64 58.8184

