5 0.00290295

6 0.00823905

7 0.0183807

8 0.149916

9 0.186624

10 0.260692

11 0.38017

12 1.01088

13 1.05798

14 2.42446

15 2.58572

16 2.88676

17 3.06738

18 3.39795

19 3.69024

20 5.17714

21 5.51738

22 7.52548

23 8.18941

24 8.43234

25 8.86934

26 11.434

27 11.9049

28 12.6778

29 13.6639

30 15.5593

31 15.9436

32 15.9992

33 16.064

34 16.1412

35 16.2193

36 16.5335

37 16.8741

38 16.9695

39 17.1393

40 17.225

41 17.5464

42 18.333

43 18.4266

44 19.5419

45 20.0326

46 20.4875

47 20.9017

48 22.221

49 22.7202

50 24.6736

51 25.3631

52 25.5695

53 25.9566

54 28.5888

55 29.1751

56 30.0283

57 31.0782

