5 0.036991

6 0.0623336

7 0.219366

8 0.270767

9 0.360288

10 0.398275

11 0.593265

12 0.673335

13 1.56666

14 1.81474

15 1.89331

16 2.06409

17 2.70963

18 2.77189

19 2.95282

20 3.2183

21 3.25267

22 3.41616

23 3.63614

24 3.75495

25 4.33254

26 4.64587

27 5.28503

28 5.85496

29 6.94681

30 7.64155

31 7.83595

32 8.54987

33 10.914

34 11.7321

35 12.3928

36 13.0783

37 13.9003

38 14.3218

39 14.6801

40 15.6786

41 18.0988

42 18.9895

43 22.8656

44 23.3753

45 27.3283

46 27.8167

