5 0.0226333

8 0.302513

11 0.564779

14 0.913447

17 1.06883

20 1.40236

23 1.68793

26 2.1027

29 2.4202

32 3.17771

35 3.6023

38 4.09419

41 4.5958

44 5.03099

47 5.76567

50 7.89679

53 8.36483

56 9.283

59 10.7664

62 11.2812

65 12.1126

68 12.8042

71 13.8545

74 15.4843

77 16.7997

80 18.2605

83 22.2796

86 23.2006

89 24.7796

92 29.9913

95 31.5427

98 32.6417

101 34.3165

104 35.8892

107 37.4315

110 38.7926

113 39.9953

116 40.9845

119 42.2842

122 44.5218

125 46.0179

128 47.1188

131 47.9891

134 48.9341

137 49.8176

140 50.4449

143 51.4977

146 53.1837

149 54.4573

