5 0.0507997

8 0.202442

11 0.448077

14 0.509423

17 0.782371

20 1.35519

23 1.90191

26 3.20639

29 3.60502

32 3.782

35 4.33105

38 4.7388

41 4.95928

44 5.33025

47 5.81527

50 6.84331

53 8.17736

56 8.84742

59 10.0912

62 10.755

65 11.7177

68 14.2057

71 15.3405

74 16.4455

77 17.8227

80 19.3874

83 21.7921

86 22.8285

89 23.7263

92 24.9212

95 27.7702

98 29.0198

101 30.1598

104 31.7523

107 32.3216

110 32.7675

113 33.0739

116 33.5166

119 34.2506

122 34.9496

125 35.5949

128 37.9006

131 38.8361

134 39.8007

137 40.7145

