5 0.0219243

6 0.381285

7 0.710665

8 0.933378

9 1.2061

10 1.40536

11 1.83072

12 2.27073

13 3.18194

14 3.47331

15 3.56795

16 3.68958

17 3.83082

18 4.62739

19 6.58389

20 7.16051

21 7.47663

22 8.32257

23 9.1297

24 9.67292

25 10.9109

26 11.9182

27 12.1958

28 12.3217

29 12.6675

30 13.6575

31 13.8381

32 13.9282

33 14.412

34 15.0545

35 15.3727

36 17.0845

37 17.3407

38 17.5609

39 18.0518

40 18.4381

41 18.8768

42 20.7988

43 21.5536

44 21.8658

45 22.4193

46 24.0617

47 24.6387

48 24.9528

49 25.4502

50 26.5345

51 27.1717

52 27.9893

53 30.5859

54 32.893

55 33.9695

56 35.0254

57 37.8512

58 39.601

59 40.6803

