5 0.00583011

6 0.594969

7 0.780396

8 2.54132

9 2.9175

10 3.19969

11 3.28814

12 4.03947

13 4.42326

14 4.98983

15 5.30458

16 5.93699

17 6.33132

18 7.64159

19 9.4509

20 9.95837

21 10.427

22 10.5933

23 11.8406

24 12.6589

25 13.3392

26 13.9177

27 14.2275

28 14.467

29 15.7354

30 16.3952

31 17.2501

32 17.8891

33 18.2897

34 19.1122

35 19.3512

36 20.8636

37 21.4602

38 22.2103

39 22.6879

40 23.4734

41 23.9426

42 24.8488

43 25.7474

44 26.7301

45 27.1445

46 28.1098

47 30.8814

48 31.4218

49 32.2512

50 32.5112

51 33.3018

52 33.606

53 34.3455

54 34.874

55 35.3654

56 36.291

57 37.0459

58 39.8325

