5 0.129543

6 0.311499

7 0.711291

8 1.01698

9 1.82795

10 2.55298

11 2.80379

12 3.31386

13 3.94208

14 5.01504

15 5.49734

16 6.19089

17 6.72052

18 8.20798

19 8.55947

20 8.81887

21 9.29392

22 9.9714

23 10.4908

24 12.8141

25 12.8791

26 13.8298

27 14.0238

28 14.6454

29 14.9714

30 15.9197

31 16.0201

32 17.7423

33 18.0188

34 18.924

35 19.331

36 19.8685

37 20.0394

38 20.6257

39 21.3343

40 21.7572

41 22.5273

42 24.5115

43 25.6217

44 27.2686

45 28.2186

46 30.2539

47 31.3945

48 33.8623

49 35.4812

50 36.5951

51 37.9855

52 44.0437

53 44.8248

54 45.7194

55 46.1456

56 46.3404

57 46.6753

