5 0.0133873

8 0.183568

11 0.401396

14 0.684207

17 1.91147

20 2.52955

23 4.90841

26 5.36744

29 6.14769

32 6.55643

35 7.11451

38 9.50496

41 10.2694

44 13.7188

47 14.6797

50 15.3455

53 15.9206

56 16.4253

59 17.7731

62 18.5375

65 19.3149

68 20.1863

71 22.1416

74 23.3768

77 24.8511

80 27.2814

83 28.7715

86 30.2353

89 31.0287

92 31.764

95 32.5998

98 33.5461

101 34.9247

104 35.8268

107 36.8123

110 38.2497

113 41.4666

116 42.6504

119 44.0913

122 44.7973

125 46.8013

128 47.9149

131 48.8022

134 49.6706

137 51.4999

140 53.0428

143 54.6983

146 56.2917

149 58.0195

152 59.8132

155 61.1051

158 62.466

