5 0.0256371

8 0.200203

11 0.417942

14 0.683922

17 1.45483

20 1.65123

23 1.84923

26 2.11909

29 2.51739

32 2.83587

35 3.80116

38 4.61156

41 5.62825

44 7.50908

47 8.74709

50 9.13275

53 9.46995

56 10.03

59 10.7289

62 13.2205

65 15.1837

68 16.3551

71 17.7428

74 19.0292

77 20.3783

80 21.9953

83 22.7328

86 23.6739

89 24.8177

92 26.0986

95 28.9212

98 29.7371

101 33.519

104 38.4465

107 40.0812

110 41.5887

113 44.1763

116 45.0893

119 46.4757

122 49.5435

125 50.719

128 53.5132

131 56.0289

134 58.5223

137 60.1663

140 62.0672

143 63.869

146 65.3969

149 67.5468

152 68.7142

