5 0.00531736

6 0.0311544

7 0.170166

8 0.301914

9 0.556721

10 0.633744

11 0.680781

12 0.825325

13 1.26257

14 1.56217

15 1.7102

16 1.95306

17 3.04973

18 3.45464

19 3.70496

20 4.68001

21 5.91878

22 6.0152

23 6.15683

24 6.40425

25 7.20544

26 7.35305

27 7.66931

28 8.21789

29 8.49911

30 9.36136

31 9.69671

32 12.5547

33 12.8616

34 16.094

35 16.3414

36 16.5406

37 17.4746

38 20.1819

39 20.7259

40 21.4617

41 22.0623

42 22.6795

43 23.4175

44 24.5596

45 24.8078

46 26.8235

47 27.4055

48 28.6294

49 28.904

50 31.0987

