5 0.04109

6 0.0611498

7 0.166492

8 0.184728

9 0.657009

10 0.728862

11 1.06529

12 1.14031

13 1.28736

14 1.76948

15 3.39838

16 3.92999

17 4.0596

18 5.61971

19 8.90816

20 9.4529

21 9.68578

22 10.9181

23 13.4389

24 15.3329

25 15.5134

26 15.75

27 16.2886

28 17.4343

29 19.2129

30 19.5999

31 19.9367

32 20.6482

33 21.2146

34 21.8991

35 22.5317

36 23.2616

37 25.2149

38 25.6882

39 25.9078

40 26.045

41 26.2847

42 26.4266

43 26.6873

44 27.2137

45 28.8901

46 29.4681

47 30.0677

48 32.2081

49 34.6011

50 34.8478

51 40.8032

52 41.1075

53 41.3685

54 41.8826

55 42.1956

56 43.0242

57 43.4037

58 44.1756

59 44.6686

60 45.5192

61 49.2747

62 49.9344

63 50.2778

64 52.1711

