5 0.0139864

6 0.590589

7 0.602261

8 0.680083

9 0.895995

10 0.977951

11 1.03962

12 1.57782

13 2.07333

14 3.30532

15 4.2196

16 4.45115

17 4.88125

18 5.21221

19 5.66692

20 6.33192

21 6.98171

22 8.19278

23 8.66555

24 9.35121

25 9.71528

26 10.5467

27 11.1729

28 12.1608

29 12.6946

30 13.4545

31 13.8771

32 14.1232

33 15.0454

34 15.8171

35 15.9696

36 17.3413

37 18.1118

38 18.8119

39 19.7222

40 20.7348

41 21.6627

42 21.9923

43 23.542

44 24.005

45 25.0949

46 25.32

47 26.3235

48 26.431

