5 0.018505

8 0.166012

11 0.40909

14 0.536989

17 1.19578

20 1.64708

23 2.8725

26 3.32228

29 3.64292

32 4.06282

35 5.37292

38 5.95383

41 7.63295

44 8.33186

47 9.48512

50 11.2909

53 12.3622

56 13.7919

59 15.2605

62 17.0966

65 18.3285

68 20.1598

71 21.2337

74 22.9824

77 24.1452

80 24.7842

83 25.4876

86 27.2813

89 28.839

92 31.0553

95 33.3469

98 35.7635

101 37.1747

104 40.5253

107 41.8843

110 43.7715

113 45.1368

116 48.9675

119 51.5039

122 52.6241

125 55.8998

