5 0.00512294

8 0.380968

11 0.480355

14 0.683994

17 1.23454

20 2.00623

23 2.5195

26 2.97495

29 3.45289

32 3.74736

35 4.05567

38 4.25612

41 4.51885

44 4.99225

47 5.50605

50 6.23058

53 7.06761

56 8.10639

59 9.8839

62 10.9275

65 12.9945

68 14.4374

71 15.1045

74 15.9904

77 17.0919

80 18.177

83 19.409

86 20.4591

89 21.4268

92 22.9207

95 24.874

98 27.3315

101 28.2895

104 29.366

107 31.241

110 32.3944

113 33.4437

116 34.6755

119 35.4601

122 39.9899

125 41.3298

128 46.192

131 47.1862

134 52.6986

137 54.4547

140 55.789

143 57.5797

