5 0.0167619

8 0.199686

11 0.501703

14 0.915191

17 1.33974

20 1.76246

23 2.17779

26 2.6518

29 3.01294

32 3.66709

35 4.30003

38 4.86552

41 5.47889

44 6.10179

47 7.17162

50 7.90128

53 8.34458

56 10.2741

59 10.9108

62 11.3849

65 12.2782

68 13.2738

71 16.2138

74 17.3194

77 18.7356

80 19.9902

83 20.8896

86 22.4208

89 23.8292

92 25.1342

95 26.0094

98 27.1873

101 33.2855

104 34.8147

107 36.0672

110 37.3648

113 38.6344

116 39.8978

119 41.133

122 43.0584

125 44.8753

128 47.451

131 55.9804

