5 0.00135465

6 0.00583359

7 0.0304615

8 0.0947943

9 0.103243

10 0.214087

11 0.37123

12 1.49927

13 1.72658

14 2.49207

15 2.75759

16 2.86727

17 3.13393

18 3.65961

19 4.07494

20 4.39797

21 5.50367

22 6.3915

23 7.35535

24 7.53225

25 7.96413

26 8.19505

27 8.34064

28 10.1796

29 10.9279

30 11.713

31 12.1761

32 13.733

33 14.1987

34 15.1398

35 16.5162

36 17.2321

37 19.7709

38 20.1904

39 21.5277

40 21.915

41 22.0672

42 23.0734

43 24.0146

44 25.3052

45 27.4177

46 27.7012

47 29.727

48 32.6712

