5 0.000113061

8 0.176706

11 1.2978

14 1.88093

17 2.92779

20 3.37792

23 3.80406

26 5.13071

29 5.40172

32 6.10595

35 7.48167

38 8.41654

41 9.86169

44 10.9884

47 12.0415

50 15.725

53 16.2784

56 16.9419

59 17.5673

62 19.3145

65 20.0536

68 20.5704

71 21.8454

74 22.3046

77 22.7089

80 23.4287

83 24.1941

86 25.1625

89 26.2512

92 27.205

95 29.3782

98 30.2318

101 31.1085

104 33.6779

107 34.7873

110 36.2041

113 37.522

116 37.9862

119 40.4006

122 41.7401

125 44.6444

128 48.0337

131 49.2795

134 50.904

137 51.8728

140 54.372

143 55.0508

146 55.929

149 59.0597

152 60.6286

