5 0.000105345

6 0.0411162

7 0.319815

8 1.08646

9 1.35393

10 2.04088

11 2.65923

12 4.18869

13 4.26704

14 4.33877

15 4.39801

16 4.46194

17 4.73471

18 4.91876

19 5.29739

20 5.86371

21 7.46091

22 9.01852

23 10.4002

24 11.1467

25 11.56

26 12.7643

27 13.5779

28 14.0432

29 14.9888

30 16.0753

31 17.6398

32 18.7823

33 19.5704

34 19.8311

35 20.138

36 21.4472

37 22.3253

38 25.4862

39 26.6445

40 26.9089

41 27.1353

42 27.8364

43 29.0668

44 30.5989

45 31.0237

46 31.9342

47 32.8643

48 34.3083

