5 0.010854

6 0.062418

7 0.0903297

8 0.171554

9 0.231201

10 0.881068

11 1.03805

12 1.30433

13 1.87128

14 1.96762

15 3.23647

16 3.29543

17 3.40855

18 3.75161

19 3.9659

20 4.20746

21 4.49073

22 4.72655

23 4.90277

24 5.29152

25 5.68655

26 7.74879

27 7.99201

28 8.60843

29 8.78769

30 10.0381

31 10.6998

32 14.4638

33 15.1935

34 16.0448

35 17.1181

36 17.6064

37 18.8922

38 21.9988

39 22.3999

40 22.9052

41 23.856

42 25.8015

43 26.3432

44 27.2337

45 27.6512

46 28.9563

47 29.9495

48 31.7583

49 32.3679

50 33.2243

51 33.9004

52 36.9139

53 37.4575

54 38.1222

55 39.3498

