5 0.0118109

8 0.11625

11 0.25831

14 0.797323

17 1.12249

20 2.34941

23 2.92106

26 3.69787

29 4.70649

32 5.73762

35 6.44053

38 6.99767

41 7.73195

44 8.49076

47 9.09103

50 10.133

53 12.3848

56 13.557

59 14.5943

62 16.5659

65 17.2256

68 17.5295

71 17.7871

74 18.5083

77 19.3387

80 20.6612

83 21.3496

86 23.3118

89 24.3049

92 26.1045

95 26.8008

98 27.9886

101 29.5907

104 31.052

107 33.2522

110 34.2761

113 35.5833

116 37.9534

119 39.2111

122 40.1845

125 43.2876

128 46.3272

131 47.1058

134 48.3343

137 51.7078

140 53.4555

