5 0.0293824

8 0.0877321

11 0.383857

14 0.513527

17 0.978858

20 1.43911

23 2.587

26 2.97872

29 3.60898

32 4.17658

35 5.05514

38 5.60192

41 6.87048

44 7.23709

47 7.5861

50 7.98816

53 8.45391

56 8.82777

59 9.4061

62 10.1019

65 10.7571

68 11.5866

71 12.5898

74 13.8103

77 15.7175

80 16.5998

83 17.6475

86 18.8892

89 19.5966

92 20.305

95 21.3648

98 22.1644

101 23.2138

104 24.1096

107 25.0886

110 26.1988

113 27.3873

116 28.9189

119 31.3378

122 32.3818

125 33.4662

128 35.2944

131 36.6614

134 38.5534

137 39.8524

140 41.4684

143 43.1725

146 43.6529

149 45.9203

152 47.2162

155 49.1521

158 49.8452

161 50.5945

164 51.2284

167 51.9632

170 55.0678

173 56.5929

176 58.0013

179 59.3792

182 60.9759

185 62.8651

188 63.8474

191 64.7279

194 65.6511

197 66.8183

200 68.3196

