5 0.000455982

8 0.117007

11 0.548995

14 0.746298

17 0.899076

20 1.02819

23 1.41759

26 1.97879

29 2.50307

32 2.93895

35 3.78379

38 4.72868

41 5.40524

44 5.75485

47 6.1005

50 6.8329

53 9.22955

56 9.64124

59 11.861

62 12.6113

65 14.5849

68 15.3986

71 16.6435

74 17.2367

77 17.669

80 18.6303

83 19.9711

86 20.8904

89 21.4884

92 22.6951

95 26.212

98 26.8269

101 31.309

104 32.0179

107 33.0525

110 37.9706

113 39.0869

116 40.0953

119 41.0001

122 43.2819

125 44.5457

128 45.977

131 49.7342

134 52.1067

137 54.3198

140 58.1022

143 59.875

146 62.7997

149 65.0161

152 67.2283

155 68.9693

