5 0.227213

6 0.451584

7 0.570653

8 0.638082

9 0.750811

10 0.772093

11 0.848015

12 1.79775

13 2.1506

14 2.89494

15 3.41842

16 3.47432

17 4.85087

18 5.1552

19 6.52971

20 7.41435

21 8.09852

22 10.3824

23 11.4153

24 12.1722

25 12.4125

26 12.6801

27 13.3356

28 13.5535

29 14.0904

30 14.9826

31 17.0547

32 17.6242

33 17.8733

34 19.7411

35 21.057

36 21.4878

37 23.8097

38 24.4862

39 25.8205

40 26.3311

41 29.0111

42 30.0655

43 32.3592

44 34.3468

45 37.0657

46 38.6419

47 40.3804

48 40.9196

49 41.5687

