5 0.0660067

8 0.312655

11 0.612248

14 0.888045

17 1.19579

20 1.44062

23 1.88559

26 2.13159

29 2.44058

32 3.29585

35 3.86515

38 4.45505

41 5.41847

44 6.45147

47 7.29891

50 8.38978

53 9.54922

56 10.6031

59 11.7628

62 12.7527

65 13.8758

68 15.0098

71 16.2619

74 17.4879

77 18.0539

80 18.7417

83 19.5674

86 21.5213

89 22.8934

92 24.0541

95 25.3762

98 26.8049

101 28.26

104 29.9383

107 31.3315

110 32.676

113 34.1755

116 35.7556

119 37.4163

122 39.0589

125 40.5444

128 43.6845

131 45.2506

