5 0.009565

6 0.540271

7 0.573647

8 0.643562

9 0.916016

10 1.39795

11 1.87422

12 3.0248

13 3.47994

14 3.9686

15 4.4285

16 4.54176

17 4.70195

18 4.90202

19 5.04232

20 5.35372

21 6.00058

22 7.16927

23 7.68518

24 8.32116

25 8.66826

26 9.34248

27 10.2299

28 11.2122

29 11.7363

30 12.5128

31 12.811

32 13.1723

33 13.9969

34 14.7968

35 14.9491

36 16.352

37 17.2684

38 18.0047

39 18.686

40 19.8353

41 20.8409

42 21.172

43 22.8

44 23.2099

45 24.3937

46 24.6269

47 25.4952

48 25.7485

