5 0.0251402

8 0.20153

11 0.504825

14 0.709001

17 0.967383

20 1.37417

23 1.65875

26 2.24391

29 2.73678

32 3.05003

35 3.35874

38 3.87694

41 4.37649

44 5.23151

47 6.11975

50 6.87106

53 7.6087

56 8.63794

59 10.271

62 12.1196

65 12.4702

68 15.0577

71 16.9798

74 18.4793

77 20.1059

80 21.4255

83 22.7707

86 23.5562

89 24.5767

92 26.5316

95 28.3499

98 30.0935

101 32.5216

104 33.3662

107 35.8009

110 36.7469

113 38.0116

116 38.987

119 46.3075

122 47.9487

125 51.0035

128 52.8121

131 54.5382

134 57.7357

