5 0.239981

6 0.261695

7 0.325472

8 0.361145

9 0.381667

10 0.864682

11 1.30626

12 2.13918

13 2.568

14 2.72638

15 3.76887

16 4.03483

17 4.87772

18 5.17217

19 7.04782

20 7.55682

21 8.55929

22 9.41158

23 9.85165

24 10.6453

25 11.5111

26 11.7368

27 11.9319

28 12.6143

29 13.2126

30 13.705

31 16.3129

32 16.441

33 19.7932

34 20.1374

35 24.3973

36 26.1857

37 27.3495

38 28.0268

39 28.415

40 28.9575

41 30.6427

42 31.2427

43 32.8198

44 33.1673

45 34.6876

46 35.0172

47 36.726

48 37.2709

49 38.2892

50 39.6407

51 40.279

52 40.8149

53 42.5499

54 42.7764

