5 0.0177932

8 0.0438688

11 0.238806

14 0.674851

17 1.24344

20 2.44621

23 3.00177

26 3.61682

29 4.21008

32 4.76716

35 5.48308

38 8.02102

41 8.39924

44 9.11301

47 9.93572

50 12.1092

53 12.7882

56 15.2963

59 17.8745

62 18.6423

65 19.6446

68 20.8094

71 22.5842

74 23.4115

77 27.4189

80 28.5242

83 29.194

86 29.916

89 30.0686

92 31.957

95 33.3075

98 34.3814

101 34.7299

104 35.8019

107 36.5708

110 37.5643

113 38.5788

116 40.2078

119 41.4956

122 46.4113

125 47.5579

128 48.9801

131 50.9827

134 52.4731

137 53.5234

140 55.4822

