5 0.0537275

6 0.217984

7 0.558833

8 0.830471

9 1.17536

10 1.52989

11 1.92538

12 2.19415

13 2.37837

14 2.57269

15 3.24971

16 3.85349

17 5.25337

18 6.12268

19 6.65502

20 7.8189

21 9.1395

22 9.28879

23 9.456

24 9.69166

25 9.91354

26 10.0775

27 10.7443

28 10.9047

29 12.2634

30 13.2475

31 15.473

32 15.7652

33 17.5509

34 18.3709

35 20.9401

36 22.269

37 23.1208

38 24.3219

39 24.6751

40 24.8304

41 24.9589

42 25.2803

43 25.7115

44 27.4436

45 29.5537

46 30.1689

47 30.8913

48 32.313

