5 0.0682463

8 0.163587

11 0.331853

14 0.568095

17 0.970948

20 1.14487

23 1.68682

26 2.19257

29 2.90467

32 4.04215

35 5.54622

38 6.09783

41 7.22567

44 7.93084

47 8.42511

50 8.99548

53 10.5005

56 11.3929

59 14.0163

62 16.0774

65 17.3348

68 19.6999

71 20.7426

74 21.5431

77 22.0178

80 23.5346

83 24.6562

86 25.7643

89 26.3879

92 28.2635

95 30.9261

98 32.4063

101 34.1577

104 35.6638

107 37.1373

110 38.4665

113 41.0409

116 43.9371

119 45.2868

122 48.5341

125 49.9487

128 51.9249

131 53.8747

