5 0.00324314

8 0.118451

11 0.207472

14 0.442688

17 1.21796

20 1.55668

23 2.03061

26 2.96468

29 3.31952

32 4.03759

35 5.36552

38 6.07432

41 6.6844

44 7.52302

47 9.55464

50 10.5577

53 13.3315

56 14.4544

59 15.6404

62 19.363

65 20.3145

68 21.4275

71 23.01

74 24.6197

77 27.5179

80 28.4216

83 28.9948

86 29.6945

89 30.0379

92 31.6426

95 32.8608

98 33.8781

101 34.8442

104 35.8712

107 37.0761

110 38.2308

113 39.1244

116 40.3362

119 44.9357

122 46.1059

125 47.0925

128 49.482

131 51.451

134 54.6951

