5 0.0227729

6 0.179299

7 0.262846

8 0.431973

9 0.477725

10 0.491713

11 1.24884

12 1.36712

13 2.12515

14 2.61491

15 3.20013

16 3.90686

17 4.11601

18 4.29932

19 4.47074

20 4.77441

21 5.88652

22 7.02522

23 7.53675

24 7.94178

25 8.22124

26 8.77284

27 9.72687

28 9.87457

29 10.6857

30 11.607

31 12.3633

32 12.7669

33 14.5284

34 15.0288

35 15.8683

36 16.6245

37 18.4203

38 18.7569

39 19.0047

40 19.5842

41 19.9701

42 21.5554

43 22.5783

44 23.5714

45 25.0435

46 25.2424

