5 0.00156464

6 0.340598

7 0.452577

8 0.960977

9 1.06354

10 1.31542

11 1.43968

12 1.63562

13 1.87665

14 3.79663

15 4.07699

16 5.47437

17 5.65084

18 7.91484

19 8.2555

20 9.61633

21 9.81597

22 10.587

23 10.9491

24 12.1679

25 12.3604

26 13.2449

27 13.505

28 15.2212

29 15.3594

30 15.7176

31 16.298

32 16.4446

33 16.5624

34 16.9742

35 17.0805

36 18.3936

37 19.251

38 19.8005

39 20.0014

40 20.5307

41 20.7404

42 21.2188

43 21.6005

44 22.1095

45 22.8474

46 23.6902

47 24.204

48 27.1184

49 27.4047

50 27.9079

51 29.4545

52 30.1715

