5 0.020638

8 0.163865

11 0.253608

14 0.461922

17 0.675389

20 1.20663

23 1.54403

26 2.49509

29 2.92616

32 3.7464

35 5.3722

38 6.3679

41 7.15814

44 8.70235

47 10.0258

50 10.8688

53 11.3611

56 12.9159

59 14.5784

62 15.4405

65 17.6922

68 18.8702

71 20.0797

74 20.5799

77 21.6495

80 22.7297

83 23.4037

86 24.9629

89 25.633

92 26.3003

95 29.157

98 30.0453

101 31.3396

104 34.8815

107 36.2124

110 37.228

113 38.1094

116 38.9742

119 40.1455

122 42.8697

125 43.9442

128 45.9172

131 47.0792

134 48.2007

137 50.7079

140 51.8941

