5 0.0370573

8 0.100642

11 0.306325

14 0.528259

17 0.760203

20 0.982503

23 1.35908

26 2.06827

29 3.53194

32 5.18416

35 5.98011

38 6.55584

41 8.57853

44 9.01583

47 10.0663

50 10.9896

53 12.4899

56 14.0198

59 15.3059

62 16.4154

65 17.7753

68 19.0736

71 20.1432

74 21.6234

77 22.8995

80 23.7011

83 24.7245

86 25.3727

89 28.9378

92 29.4949

95 30.4024

98 35.3638

101 36.9269

104 38.0659

107 40.1974

110 45.2725

113 46.2924

116 47.5195

119 48.6347

122 50.1856

125 52.5307

128 57.2432

