5 0.0203422

8 0.179236

11 0.394721

14 0.832802

17 1.12307

20 1.41162

23 1.91114

26 2.4677

29 3.05123

32 3.83608

35 4.68865

38 5.606

41 6.16905

44 6.71357

47 7.45838

50 8.49844

53 9.57222

56 10.6624

59 11.77

62 12.8589

65 13.6344

68 14.3879

71 15.5596

74 16.8007

77 17.9876

80 19.4834

83 20.8015

86 21.8382

89 22.8153

92 23.9535

95 25.3152

98 26.7637

101 28.1978

104 29.6469

107 31.0837

110 31.9527

113 34.1779

116 35.3638

119 36.9291

122 38.1176

125 39.8994

128 41.799

131 43.2038

134 44.8811

137 46.9506

140 48.033

143 49.5606

