5 0.0176247

8 0.0610376

11 0.447673

14 0.857906

17 1.99862

20 2.31959

23 2.9512

26 4.07569

29 6.09376

32 7.48891

35 8.58283

38 9.20256

41 10.4005

44 12.2933

47 12.761

50 14.6405

53 15.9982

56 18.2092

59 18.806

62 19.4586

65 19.9662

68 21.3789

71 21.8364

74 22.2544

77 22.8252

80 23.7211

83 26.7569

86 27.8544

89 30.0841

92 32.4758

95 33.3591

98 34.573

101 36.8761

104 38.0114

107 39.2034

110 40.4068

113 42.0932

116 45.9032

119 47.4428

122 48.9407

125 52.8456

128 58.7698

131 60.515

134 62.3161

