5 0.0242282

8 0.173381

11 0.423329

14 0.763213

17 1.87934

20 2.78127

23 3.19581

26 3.59896

29 4.06829

32 4.50572

35 4.91195

38 5.26077

41 5.56911

44 5.91546

47 6.34524

50 7.23228

53 8.0017

56 9.14352

59 10.3958

62 11.9925

65 13.4653

68 14.3577

71 15.308

74 16.1525

77 17.4686

80 18.6891

83 20.5949

86 23.2151

89 23.985

92 24.9717

95 26.7629

98 27.9225

101 28.9366

104 33.1571

107 34.2736

110 39.5693

113 40.5459

116 41.8249

119 47.4029

122 48.5903

125 52.3702

