5 0.0133603

6 0.0602797

7 0.385944

8 0.577058

9 1.29077

10 1.51475

11 2.67247

12 2.94475

13 3.31771

14 3.3743

15 4.08907

16 5.38893

17 5.7247

18 5.95549

19 7.36632

20 8.24015

21 8.56256

22 8.89365

23 12.4743

24 12.8754

25 15.0516

26 15.9845

27 17.4664

28 17.8194

29 17.8854

30 18.0441

31 18.2439

32 18.3681

33 19.2608

34 19.727

35 20.1363

36 20.3098

37 21.2243

38 21.9705

39 22.5479

40 23.2834

41 23.682

42 26.4601

43 27.4346

44 29.1691

45 29.6725

46 29.9971

47 31.8962

48 33.3767

