5 0.0538712

6 0.411995

7 0.673857

8 1.27522

9 1.82249

10 2.06092

11 3.30041

12 3.73747

13 5.79596

14 6.12048

15 6.35181

16 6.50993

17 6.6096

18 6.85197

19 7.07604

20 7.2131

21 7.43207

22 7.57735

23 7.86234

24 8.06389

25 9.14949

26 9.28798

27 9.46694

28 10.431

29 11.0918

30 11.4003

31 12.9593

32 13.2315

33 15.8744

34 17.0786

35 20.1296

36 20.9653

37 25.2645

38 25.9925

39 29.8751

40 31.3562

41 32.7407

42 37.6044

43 38.563

44 39.5055

45 40.5211

46 41.7511

47 43.2143

48 47.2755

49 49.8809

50 52.5478

51 53.267

