5 0.018145

6 0.0620504

7 0.0759598

8 0.111965

9 0.142828

10 0.281774

11 0.743137

12 0.895689

13 0.958188

14 1.04677

15 1.49889

16 1.55159

17 1.75071

18 2.14614

19 2.3248

20 2.99126

21 4.1465

22 4.39679

23 5.41766

24 6.23412

25 6.57995

26 7.90885

27 9.11941

28 9.56348

29 9.90868

30 10.603

31 11.3015

32 12.3973

33 12.7838

34 12.9827

35 13.5248

36 13.8345

37 15.6031

38 17.8379

39 18.1693

40 20.6535

41 21.4695

42 21.8924

43 22.8598

44 23.2368

45 24.3015

46 27.8438

47 28.7104

48 29.7063

49 31.6323

