5 0.0498523

6 0.286639

7 1.02943

8 1.06484

9 1.11455

10 1.17119

11 1.2195

12 1.30435

13 1.55508

14 2.20605

15 2.5699

16 3.25988

17 3.73399

18 4.91648

19 4.97225

20 5.29218

21 5.43241

22 6.0945

23 7.25426

24 7.92043

25 8.52439

26 8.64673

27 8.9309

28 9.20909

29 9.3995

30 10.1232

31 10.9372

32 12.0818

33 12.6956

34 13.9015

35 14.6794

36 15.1462

37 15.9993

38 16.4869

39 17.2178

40 18.0109

41 18.871

42 19.4959

43 20.1748

44 22.1033

45 22.5334

46 22.9401

47 23.7307

48 25.9657

