5 0.000720673

6 0.0048545

7 0.0112006

8 0.0622569

9 0.241316

10 0.63601

11 0.828922

12 1.30792

13 1.41151

14 1.52456

15 1.91656

16 3.08054

17 3.23941

18 4.66139

19 5.37075

20 5.61583

21 5.88282

22 8.0399

23 8.27803

24 9.89502

25 10.8332

26 12.377

27 12.8466

28 12.9325

29 13.1733

30 13.4239

31 13.5282

32 13.6826

33 13.8419

34 14.7888

35 15.4535

36 16.1803

37 16.3598

38 17.1993

39 17.7473

40 18.6599

41 19.2845

42 19.8084

43 20.1844

44 23.1693

45 23.4616

46 24.1242

47 24.6044

48 27.0499

49 27.5224

