5 0.0341518

8 0.249216

11 0.557077

14 0.833165

17 1.4249

20 1.99779

23 2.64865

26 3.03993

29 3.49218

32 3.97251

35 4.40006

38 4.67285

41 4.83819

44 5.25694

47 5.66225

50 6.27348

53 6.99655

56 7.95708

59 9.74396

62 11.9366

65 12.7525

68 14.4125

71 15.1163

74 16.2332

77 17.2904

80 18.2629

83 19.5233

86 20.3723

89 21.4722

92 23.5324

95 26.3396

98 27.194

101 28.4349

104 30.3452

107 31.3887

110 32.384

113 33.5519

116 34.2327

119 37.8485

122 39.2377

125 40.942

128 44.6705

131 46.1239

134 51.321

137 53.121

140 54.4122

143 59.1403

