5 0.0731815

8 0.179704

11 0.410917

14 0.725035

17 1.34399

20 1.67249

23 2.16928

26 2.88344

29 3.40711

32 4.21099

35 5.56836

38 5.90298

41 6.44576

44 7.67514

47 8.02788

50 9.07584

53 11.0651

56 11.6777

59 13.2243

62 14.1531

65 15.2075

68 15.9988

71 16.8506

74 17.8066

77 18.9043

80 22.4686

83 22.8809

86 23.4172

89 24.3486

92 27.1191

95 28.0117

98 31.1519

101 32.2808

104 36.1438

107 37.5109

110 39.3865

113 41.4179

116 42.3823

119 45.8251

122 49.9688

125 51.9151

128 53.4164

131 54.8752

134 55.9971

137 57.6138

140 59.4534

143 60.8085

146 68.4307

149 70.0394

