5 0.001086

6 0.00918098

7 0.0314429

8 0.202109

9 0.26064

10 0.422268

11 0.590176

12 0.918487

13 1.30074

14 1.73789

15 1.86086

16 3.12845

17 4.11571

18 5.18821

19 5.27425

20 6.07746

21 7.09746

22 8.14211

23 8.33736

24 8.43234

25 8.56397

26 10.0157

27 10.8293

28 12.619

29 12.9207

30 13.0341

31 13.4045

32 15.053

33 16.3966

34 17.7846

35 18.3971

36 20.176

37 21.0286

38 22.7306

39 23.4391

40 23.9579

41 25.242

42 27.4613

43 28.6345

44 29.3346

45 30.1

46 32.0572

47 32.6212

