5 0.0471862

6 0.0815732

7 0.0942333

8 0.128485

9 0.225917

10 0.263252

11 0.33765

12 0.619412

13 0.74974

14 2.53797

15 2.88809

16 3.46256

17 3.79839

18 5.08035

19 5.26868

20 5.36178

21 6.05673

22 8.39032

23 8.76623

24 10.2083

25 11.2287

26 11.6533

27 11.8572

28 12.1381

29 12.9312

30 13.4482

31 14.9604

32 15.681

33 15.8849

34 16.1499

35 16.3559

36 16.5894

37 17.3082

38 18.0117

39 20.8565

40 21.6052

41 25.525

42 26.0238

43 27.141

44 28.0016

45 29.0398

46 30.5427

47 34.5995

48 35.9948

49 36.7536

