5 0.0187389

6 0.0387454

7 0.0918971

8 0.735317

9 0.928916

10 1.1451

11 1.43882

12 1.54727

13 1.81296

14 2.10375

15 2.4667

16 4.24233

17 4.61283

18 5.7573

19 6.17061

20 9.27997

21 9.51576

22 10.2344

23 10.8231

24 11.1366

25 11.6998

26 13.3819

27 13.8495

28 14.8222

29 16.2052

30 16.629

31 17.1271

32 17.5283

33 17.569

34 18.0122

35 18.2886

36 19.0424

37 19.8285

38 20.0589

39 20.2771

40 20.6101

41 20.8167

42 21.4719

43 22.4242

44 22.762

45 23.4044

46 23.8814

47 24.2812

48 26.3258

49 26.6543

50 29.9302

51 30.1354

52 30.6349

53 31.2725

54 34.8152

55 35.6415

56 40.2836

57 40.5849

