5 0.0208599

6 0.0315382

7 0.0400179

8 0.053097

9 0.068147

10 0.269805

11 0.574506

12 0.790066

13 1.04304

14 1.3136

15 1.47144

16 1.76736

17 1.91716

18 2.31272

19 2.76936

20 3.0973

21 3.3512

22 3.93154

23 4.02791

24 4.33315

25 4.66694

26 5.15118

27 5.36224

28 5.84364

29 6.0804

30 6.59181

31 7.21187

32 7.71867

33 8.17456

34 9.15185

35 9.40597

36 10.0417

37 10.3217

38 10.7134

39 11.7927

40 12.437

41 12.8527

42 13.7615

43 14.0887

44 14.7666

45 15.1248

46 15.3517

47 15.5826

48 15.7543

49 16.2692

50 16.509

51 17.493

52 18.255

53 18.6151

54 19.4409

55 19.8291

56 20.5503

57 21.0365

58 22.2524

59 22.8406

60 24.2955

61 24.6689

62 25.5635

63 25.9916

64 26.8192

65 27.2661

66 28.3771

67 28.8495

68 29.9247

69 30.3194

70 31.2293

71 31.7274

72 32.263

73 32.7824

74 33.8944

75 34.3487

76 34.9505

77 35.4742

78 36.4527

79 36.7152

80 37.0419

