5 0.0184672

6 0.0421504

7 0.16671

8 0.242702

9 0.346579

10 0.39279

11 0.464167

12 0.89537

13 1.04634

14 1.3279

15 1.469

16 1.53109

17 1.67703

18 1.89693

19 2.24939

20 2.42501

21 2.51544

22 2.72453

23 2.96624

24 4.6226

25 5.01374

26 5.24059

27 5.56596

28 5.73291

29 6.54596

30 7.65017

31 8.61517

32 9.8081

33 10.3206

34 10.6684

35 10.996

36 12.1153

37 12.7925

38 14.1941

39 14.6633

40 16.0205

41 16.5858

42 18.9368

43 19.5439

44 20.7954

45 21.2271

46 22.945

47 23.9772

