5 0.000297624

8 0.13267

11 0.318492

14 0.68435

17 1.21664

20 1.61767

23 1.84588

26 2.13718

29 2.43874

32 2.96667

35 3.51348

38 4.39901

41 6.48322

44 6.94216

47 7.67785

50 8.30221

53 8.95641

56 9.51118

59 11.1599

62 17.3036

65 17.8494

68 23.1303

71 26.4939

74 27.4645

77 27.8199

80 28.1197

83 28.6357

86 29.2344

89 30.9239

92 32.1611

95 35.9059

98 37.2617

101 44.3692

104 45.4629

107 46.5529

110 49.1714

113 51.5644

116 53.1131

119 55.044

122 56.9653

125 58.788

128 60.8967

131 63.0117

134 64.6678

137 66.2121

140 71.9406

