5 0.014037

6 0.92228

7 1.00608

8 1.6507

9 1.81673

10 2.15952

11 2.42736

12 2.70807

13 3.38193

14 5.11389

15 5.54647

16 5.67866

17 5.7599

18 7.63225

19 8.82884

20 10.2779

21 10.4792

22 12.1358

23 12.5811

24 14.3368

25 15.1041

26 15.3107

27 15.5743

28 15.7798

29 16.1155

30 16.3829

31 16.6553

32 17.0419

33 17.2052

34 18.2233

35 18.4988

36 18.8293

37 19.2241

38 20.1776

39 20.6327

40 23.0043

41 23.6581

42 24.3994

43 25.436

44 25.7172

45 26.5371

46 28.0145

47 28.4071

48 28.9681

49 29.4704

50 30.4379

51 30.8475

52 31.3357

53 32.1134

54 34.5062

55 35.263

56 35.8227

57 36.1632

