5 0.162762

6 0.278306

7 0.442907

8 0.486166

9 0.888913

10 1.34286

11 2.0192

12 2.30877

13 2.93937

14 3.68763

15 4.63444

16 4.81309

17 5.24713

18 6.15224

19 7.07113

20 7.40913

21 7.71273

22 8.0627

23 8.91898

24 10.0462

25 11.3384

26 11.5612

27 13.7784

28 15.1725

29 17.8336

30 18.1628

31 18.3414

32 18.4626

33 19.1748

34 19.782

35 20.9702

36 22.1548

37 24.0042

38 24.5502

39 26.1625

40 27.4645

41 31.014

42 31.9514

43 33.2796

44 36.6116

45 37.0609

46 37.3433

