5 0.0276956

8 0.229489

11 0.388604

14 0.456481

17 0.602207

20 0.704474

23 0.896393

26 1.25374

29 2.33994

32 2.57391

35 3.0591

38 3.55227

41 5.57861

44 6.48747

47 7.49099

50 8.29943

53 11.6285

56 12.418

59 14.0819

62 14.5215

65 15.6647

68 16.7976

71 20.2334

74 21.3352

77 25.6103

80 26.4298

83 28.1768

86 30.0137

89 31.4056

92 32.6797

95 33.2136

98 34.795

101 36.0976

104 37.8852

107 40.9559

110 42.7618

113 43.945

116 46.1777

119 49.9992

122 51.0607

125 52.3224

128 57.4358

131 59.0674

134 65.7046

137 67.8483

140 69.078

143 72.8504

146 74.8443

149 76.2005

152 78.0569

