5 0.0204696

8 0.149748

11 0.254112

14 0.683479

17 1.25697

20 1.61384

23 2.19669

26 2.41532

29 2.73825

32 3.41328

35 3.86934

38 4.09221

41 4.38487

44 4.79477

47 6.24693

50 7.27981

53 8.33745

56 9.35146

59 10.5059

62 11.6286

65 12.1636

68 13.0201

71 14.7106

74 15.8124

77 18.3423

80 19.1211

83 20.3745

86 22.6603

89 23.4699

92 26.7797

95 28.2968

98 29.2467

101 30.6493

104 33.7815

107 34.6042

110 35.8722

113 39.4672

116 42.1526

119 43.9532

122 47.9098

125 51.8971

128 53.5463

131 55.9209

