5 0.00526562

6 0.0693731

7 0.103442

8 0.607052

9 1.15222

10 1.64308

11 1.86815

12 2.45219

13 2.56588

14 2.88734

15 3.55428

16 4.568

17 4.99609

18 6.13083

19 7.13497

20 7.42633

21 7.71647

22 10.043

23 11.0418

24 11.6861

25 12.6075

26 14.6251

27 14.7599

28 14.8001

29 14.9411

30 15.0951

31 15.1806

32 15.265

33 15.3682

34 16.3416

35 16.6549

36 17.1703

37 17.3278

38 17.9102

39 18.3559

40 19.8994

41 20.357

42 22.8459

43 23.0944

44 23.6482

45 25.543

46 25.9236

