5 0.162864

6 0.185647

7 0.773179

8 0.875221

9 0.906766

10 1.04714

11 1.5951

12 1.99314

13 2.90448

14 3.36649

15 3.62792

16 3.90228

17 4.11501

18 4.66169

19 4.76567

20 5.05266

21 6.40283

22 6.50542

23 6.5944

24 7.09382

25 7.33524

26 7.64736

27 8.49135

28 8.71575

29 8.86698

30 9.07896

31 11.2698

32 12.0083

33 14.571

34 15.1384

35 16.9594

36 17.6711

37 20.2079

38 20.4513

39 24.9826

40 25.4966

41 29.6207

42 31.9759

43 35.426

44 37.3841

45 38.1514

46 38.9238

47 39.5207

48 40.4508

49 41.1368

50 44.4059

51 45.9223

52 46.6376

53 47.864

54 56.902

