5 0.0578241

6 0.0868511

7 0.168649

8 0.180565

9 1.21782

10 1.25117

11 1.93017

12 2.02926

13 2.18425

14 2.70352

15 2.89023

16 4.4152

17 4.99518

18 5.09832

19 5.68965

20 6.52287

21 7.35941

22 7.88526

23 9.63918

24 9.91442

25 12.3554

26 14.1672

27 14.4289

28 15.0473

29 16.6445

30 17.5147

31 18.0045

32 18.7353

33 21.4323

34 21.5547

35 22.1019

36 22.8528

37 24.6086

38 25.222

39 25.7779

40 27.6292

41 29.9756

42 30.2752

43 36.2147

44 36.8327

45 40.2579

46 40.8509

47 41.1984

48 42.4643

49 42.8778

