5 0.0820164

6 0.0968938

7 1.08661

8 1.1524

9 2.2871

10 2.47865

11 2.93853

12 3.09337

13 3.34741

14 4.04947

15 4.45455

16 5.07368

17 6.3175

18 6.55535

19 6.63471

20 6.97172

21 7.21839

22 8.09402

23 10.836

24 11.0539

25 11.2612

26 12.053

27 12.2811

28 13.2281

29 16.1514

30 16.5547

31 16.6399

32 16.9856

33 17.2169

34 17.6547

35 18.267

36 19.0032

37 19.3244

38 19.6174

39 19.798

40 20.555

41 22.5184

42 23.0746

43 25.1237

44 25.2605

45 25.5454

46 25.7821

47 26.1255

48 26.6965

49 28.5253

50 31.0589

51 32.9403

52 34.333

53 37.3861

54 38.3602

55 38.8218

56 39.6617

57 42.861

58 44.6106

59 46.6789

