5 0.0383818

8 0.158852

11 0.260074

14 0.596566

17 1.41032

20 2.90912

23 3.3498

26 4.41718

29 5.27076

32 6.88465

35 7.44864

38 8.96108

41 10.2557

44 11.4657

47 12.5323

50 12.9105

53 13.3595

56 13.8018

59 14.2943

62 14.9194

65 18.0593

68 20.1401

71 21.0835

74 21.7968

77 22.7491

80 25.7561

83 26.4218

86 30.1394

89 31.1544

92 32.9476

95 34.311

98 35.604

101 37.5153

104 38.8111

107 39.859

110 41.0662

113 42.958

116 45.2885

119 46.5249

122 48.0443

125 49.6415

128 52.5091

131 54.2249

134 55.9862

137 56.8713

140 58.1008

143 59.1374

146 59.7375

