5 0.00361756

6 0.00955613

7 0.0138641

8 0.195696

9 0.277637

10 0.521157

11 0.680563

12 1.28982

13 1.41556

14 3.07366

15 3.30302

16 3.79478

17 3.88962

18 4.23138

19 4.64952

20 6.09243

21 6.37032

22 6.6182

23 8.25435

24 9.0175

25 9.27656

26 9.57959

27 12.9771

28 13.348

29 15.7938

30 16.833

31 18.4751

32 18.9702

33 19.0583

34 19.2443

35 19.5032

36 19.6697

37 20.7528

38 21.3457

39 21.7761

40 21.964

41 22.2005

42 22.4805

43 22.9961

44 23.7469

45 24.3502

46 25.1067

47 25.5417

48 28.3826

49 29.3822

50 31.2214

51 31.6948

52 32.0723

