5 0.267281

6 0.27591

7 1.23187

8 1.3012

9 3.03739

10 3.14494

11 4.46622

12 4.96446

13 5.50632

14 5.83901

15 6.93698

16 7.84407

17 9.97408

18 10.3638

19 10.4566

20 11.3393

21 11.8248

22 12.3318

23 12.4717

24 12.8455

25 13.1804

26 13.7609

27 14.2332

28 16.9872

29 17.6706

30 21.2839

31 21.4915

32 23.2614

33 24.0495

34 25.171

35 26.1458

36 26.369

37 26.6143

38 27.4611

39 27.8514

40 28.5335

41 28.8822

42 29.4015

43 30.9979

44 32.02

45 32.3324

46 32.897

47 33.2777

48 34.6634

49 35.5914

50 37.1262

51 38.5556

52 41.7658

53 42.3475

