5 0.0739079

6 0.0774889

7 0.126272

8 0.188719

9 0.426996

10 0.692824

11 0.869629

12 1.2244

13 1.30977

14 1.4252

15 1.60862

16 1.9131

17 2.03152

18 2.37277

19 2.79781

20 2.98852

21 3.34187

22 3.71924

23 4.00808

24 4.83111

25 6.10496

26 6.25431

27 6.6352

28 6.99179

29 7.51085

30 8.81563

31 9.60342

32 11.6778

33 12.0994

34 13.2314

35 14.4833

36 15.524

37 15.936

38 18.962

39 19.6875

40 20.1127

41 20.3592

42 21.5448

43 22.4652

44 25.039

45 25.7258

46 26.2059

