5 0.0318208

6 0.0488338

7 0.0799208

8 0.166958

9 0.178669

10 1.19106

11 1.22864

12 1.91562

13 2.01909

14 2.1654

15 2.67253

16 2.89085

17 4.42302

18 4.99511

19 5.10861

20 6.42274

21 10.1029

22 10.4594

23 10.6006

24 11.0826

25 11.274

26 12.3579

27 14.9613

28 16.298

29 16.4795

30 16.7177

31 17.2403

32 17.9315

33 18.1399

34 19.1458

35 21.1148

36 21.5504

37 21.8805

38 22.6215

39 23.1698

40 23.8814

41 24.5121

42 25.2975

43 28.583

44 28.7314

45 29.3361

46 30.2697

47 32.1822

48 32.8858

49 33.5743

50 35.7037

51 38.5138

52 38.8258

53 45.4775

54 46.2287

55 49.9927

56 50.7051

57 51.0742

