5 0.0386376

8 0.202461

11 0.580942

14 0.796166

17 1.24021

20 1.52159

23 1.87015

26 2.16367

29 2.59347

32 4.00421

35 4.74101

38 5.0182

41 5.30903

44 5.74521

47 6.08341

50 6.36393

53 6.89792

56 7.51857

59 7.96149

62 8.65218

65 9.72108

68 10.6758

71 11.9315

74 12.805

77 14.1441

80 14.8605

83 15.7817

86 18.7414

89 20.1245

92 22.6644

95 23.5516

98 25.0221

101 25.6414

104 26.1778

107 26.7388

110 27.3521

113 28.0486

116 29.8111

119 30.7768

122 32.154

125 33.349

128 34.3872

131 37.5178

134 38.509

137 39.7368

140 41.0364

