5 0.0117956

6 0.888719

7 0.955312

8 2.3853

9 2.49625

10 2.87081

11 3.24256

12 3.31156

13 3.67812

14 5.49554

15 5.6033

16 8.76988

17 9.21246

18 9.42635

19 9.58495

20 9.80147

21 10.5143

22 11.8254

23 12.2178

24 13.3084

25 13.8619

26 15.3783

27 16.488

28 17.0388

29 17.7101

30 17.8881

31 18.3462

32 18.5993

33 19.7528

34 19.9267

35 20.8583

36 22.6113

37 23.9562

38 25.1848

39 25.8678

40 26.1796

41 28.5222

42 28.7859

43 29.526

44 30.6757

45 32.2665

46 32.9442

47 33.2728

