5 0.00282352

6 0.0169274

7 0.0588788

8 0.497904

9 0.613256

10 0.774117

11 1.52067

12 1.65224

13 2.78873

14 2.86224

15 3.22224

16 3.27856

17 3.62242

18 4.04256

19 5.26646

20 5.53793

21 6.90897

22 7.77093

23 8.07778

24 8.37592

25 11.6585

26 12.6854

27 14.5472

28 15.5224

29 17.029

30 17.6282

31 17.7134

32 17.8763

33 18.1033

34 18.285

35 19.0567

36 19.5808

37 20.0892

38 20.2716

39 20.5065

40 20.8054

41 21.2249

42 22.0723

43 22.7331

44 23.1878

45 23.6066

46 26.3357

47 26.6396

48 26.8939

49 27.1817

50 29.2632

51 29.8447

52 30.2756

