5 0.107138

6 0.613192

7 0.833049

8 0.868465

9 0.988116

10 1.09634

11 1.61502

12 3.00671

13 3.11821

14 5.46655

15 6.1791

16 6.33781

17 6.70946

18 6.91147

19 7.26633

20 8.71782

21 10.0199

22 11.1283

23 11.3718

24 12.9383

25 13.5446

26 13.6559

27 13.8611

28 14.041

29 14.2274

30 14.4008

31 15.5342

32 16.9037

33 17.3808

34 20.5889

35 21.1939

36 22.053

37 23.3884

38 25.7529

39 26.9059

40 29.0323

41 29.9346

42 36.1802

43 37.3797

44 42.5654

45 43.8254

46 44.5179

47 45.1949

48 45.512

49 46.1754

50 46.4726

51 46.881

52 47.5192

53 47.9413

