5 0.011303

6 0.0532022

7 0.0908783

8 0.674984

9 1.20497

10 1.78724

11 2.00029

12 2.50254

13 2.62985

14 2.95838

15 3.58827

16 4.65041

17 5.08383

18 6.30161

19 7.01505

20 7.31615

21 7.96794

22 10.3394

23 11.0839

24 12.1009

25 13.0818

26 15.1574

27 15.3444

28 15.3977

29 15.5864

30 15.7798

31 15.8883

32 15.95

33 16.0471

34 17.2066

35 17.577

36 18.0971

37 18.2661

38 18.9208

39 19.3839

40 20.8577

41 21.4164

42 23.9957

43 24.2904

44 24.8553

45 26.4735

46 27.2821

