5 0.0043452

6 0.0148757

7 0.0270107

8 0.186491

9 0.277918

10 0.687016

11 0.859329

12 1.36674

13 1.43677

14 1.64065

15 2.09027

16 2.26335

17 2.54204

18 2.84841

19 3.40308

20 3.79223

21 4.13978

22 4.26103

23 4.415

24 4.64636

25 5.00662

26 5.11487

27 5.19608

28 5.42473

29 5.5416

30 5.75056

31 5.99169

32 6.80482

33 7.16347

34 8.35983

35 8.72304

36 8.99829

37 9.20773

38 10.0976

39 11.8576

40 12.6566

41 15.5787

42 15.7664

43 17.7863

44 18.3506

45 19.3158

46 21.033

47 22.1021

48 22.6733

