5 0.0147731

6 0.0368702

7 0.0872587

8 0.305186

9 0.400515

10 0.620998

11 0.765954

12 0.947527

13 1.40877

14 2.33505

15 2.75068

16 2.85733

17 3.00192

18 3.16109

19 3.30162

20 4.42277

21 5.42047

22 6.57133

23 6.74458

24 8.17326

25 8.41009

26 8.78721

27 10.6167

28 11.1634

29 11.2361

30 11.3287

31 11.3822

32 11.5839

33 11.8632

34 12.6154

35 12.7906

36 13.0667

37 13.6514

38 13.7085

39 14.5548

40 15.0079

41 15.892

42 16.536

43 17.7841

44 18.9389

45 19.5269

46 20.602

47 22.4858

48 23.1179

49 24.8945

50 25.8854

51 29.0093

52 29.4556

53 29.9779

54 30.2331

