5 0.00180749

6 0.0145757

7 0.0453665

8 0.447147

9 0.571153

10 0.81054

11 0.881346

12 1.66829

13 1.81394

14 3.70984

15 3.90381

16 4.39849

17 4.47585

18 4.74515

19 5.18368

20 6.62262

21 6.9134

22 8.46138

23 9.58409

24 9.83861

25 10.1116

26 13.7249

27 14.1134

28 16.6542

29 17.6323

30 19.572

31 19.923

32 20.006

33 20.1976

34 20.485

35 20.6888

36 21.5618

37 22.1454

38 22.6744

39 22.8903

40 23.1337

41 23.466

42 23.928

43 24.8126

44 25.4002

45 26.0162

46 26.3591

47 29.1914

48 30.2824

49 32.1414

50 32.8141

51 33.2517

