5 0.00829019

6 0.198224

7 0.586802

8 0.621077

9 0.757715

10 1.19689

11 1.54484

12 2.04713

13 3.27259

14 3.75166

15 4.17594

16 4.73988

17 5.27724

18 5.89281

19 7.01083

20 7.40582

21 8.044

22 8.37427

23 9.07216

24 9.69923

25 10.6663

26 11.2884

27 11.9399

28 12.2419

29 12.4364

30 13.2509

31 13.5726

32 13.9642

33 15.1254

34 15.5585

35 16.1675

36 16.5761

37 17.5373

38 18.6247

39 19.1198

40 19.9089

41 20.9869

42 21.4766

43 25.0299

44 25.1828

45 25.8637

46 26.6395

