5 0.000760482

6 0.195048

7 0.25252

8 0.481202

9 0.5714

10 1.13066

11 1.38293

12 1.73506

13 1.75743

14 1.92277

15 1.95213

16 2.25675

17 2.30479

18 2.37231

19 2.45255

20 2.71544

21 2.95936

22 3.20132

23 3.42124

24 4.77794

25 5.05692

26 5.13176

27 5.32293

28 5.57596

29 5.73994

30 6.31581

31 7.80676

32 9.05473

33 9.31254

34 10.0709

35 10.8811

36 11.2843

37 12.5296

38 12.8732

39 13.8626

40 14.3294

41 15.3047

42 16.0156

43 16.593

44 18.4075

45 18.9729

46 20.1386

47 20.9017

48 21.9556

49 22.2163

50 23.6381

51 24.2276

52 25.4876

53 26.0435

54 27.4724

55 28.7981

