5 0.0611999

6 0.0690024

7 1.12423

8 1.68825

9 2.39244

10 2.5205

11 3.03396

12 3.26552

13 4.4619

14 4.74222

15 7.72026

16 8.38714

17 11.2769

18 12.9263

19 17.5367

20 18.0521

21 18.412

22 19.0314

23 21.2401

24 22.0851

25 25.1649

26 25.9247

27 27.2019

28 27.3826

29 27.6121

30 28.8046

31 29.014

32 30.0434

33 30.2438

34 33.5968

35 33.8154

36 34.0276

37 35.036

38 35.5679

39 36.5013

40 36.761

41 37.199

42 38.5063

43 38.9001

44 41.4857

45 41.7725

46 46.7934

47 47.5562

48 51.8191

49 52.3194

50 52.9048

51 53.4318

52 56.8273

53 57.1903

