5 0.00460981

6 0.0594867

7 0.106634

8 0.640699

9 0.922312

10 0.967038

11 1.13963

12 1.37025

13 1.50515

14 2.13254

15 2.35278

16 3.03856

17 3.20079

18 3.58484

19 4.27886

20 5.79889

21 6.1232

22 7.35822

23 8.13806

24 8.43693

25 8.71919

26 11.283

27 12.1637

28 13.0282

29 13.858

30 15.6052

31 15.7875

32 15.8376

33 15.9867

34 16.1404

35 16.2254

36 16.2847

37 16.3906

38 17.297

39 17.6281

40 18.1391

41 18.3094

42 18.7209

43 19.3518

44 20.9001

45 21.3289

46 23.8708

47 24.2941

48 24.7538

49 26.379

50 27.1373

