5 0.00161

6 0.111314

7 0.203516

8 0.328574

9 0.773612

10 1.05121

11 1.84512

12 2.37736

13 3.61001

14 4.08491

15 4.13043

16 5.17814

17 5.96271

18 7.13955

19 8.43677

20 8.82578

21 9.05286

22 9.74233

23 11.2163

24 11.7491

25 13.813

26 14.2291

27 14.4154

28 14.6302

29 15.8809

30 16.9407

31 19.2261

32 19.7401

33 20.0922

34 21.1451

35 23.463

36 23.7755

37 24.6286

38 25.5454

39 27.3274

40 28.6897

41 29.4776

42 30.5923

43 33.0068

44 33.5114

45 34.3208

46 34.8321

47 37.1077

