5 0.0149185

6 0.0356183

7 0.235344

8 0.260254

9 1.51641

10 1.64832

11 3.73955

12 3.94511

13 4.88776

14 5.28877

15 5.35287

16 5.83971

17 7.65094

18 8.17845

19 10.7651

20 11.1789

21 11.3989

22 11.6728

23 11.9273

24 12.7188

25 13.0238

26 13.4003

27 14.1947

28 14.5388

29 15.8214

30 16.4936

31 18.1232

32 19.8306

33 20.2575

34 21.4038

35 21.7163

36 22.1208

37 22.802

38 24.4442

39 26.2911

40 27.216

41 27.9731

42 29.1179

43 30.0296

44 30.7882

45 31.3289

46 32.598

