5 0.000644436

8 0.0884633

11 0.232254

14 0.524187

17 1.15042

20 1.57173

23 2.01704

26 2.29828

29 3.63924

32 4.39376

35 5.20743

38 6.54305

41 7.60532

44 8.31349

47 9.37668

50 10.2821

53 12.0526

56 13.2361

59 14.1117

62 15.2282

65 16.9059

68 18.3842

71 20.09

74 21.1704

77 22.5618

80 23.5255

83 26.6724

86 27.767

89 28.5996

92 29.5934

95 30.916

98 31.8936

101 32.8583

104 33.8162

107 34.9319

110 36.0349

113 37.2764

116 38.8309

119 40.7304

122 42.6619

125 44.2073

128 45.2335

131 46.4463

134 48.8454

137 50.4257

140 54.0679

143 58.2208

