5 0.00132748

6 0.00402468

7 0.137039

8 0.284812

9 0.408048

10 1.15748

11 1.25084

12 2.17877

13 2.74834

14 3.94856

15 4.43674

16 4.48078

17 5.67423

18 6.47943

19 7.78303

20 9.10074

21 9.50438

22 9.75544

23 10.493

24 11.8927

25 12.5562

26 14.6535

27 15.1007

28 15.3135

29 15.4281

30 16.7326

31 17.4757

32 17.8242

33 20.1532

34 21.0516

35 23.3576

36 23.6914

37 24.63

38 25.4973

39 27.4139

40 28.5711

41 29.4016

42 30.5465

43 33.0283

44 33.502

45 34.3093

46 34.909

