5 0.0195996

6 0.412375

7 0.427215

8 0.443842

9 0.73397

10 0.770142

11 1.05079

12 1.11791

13 2.15864

14 2.27469

15 4.51549

16 4.69287

17 7.14989

18 7.64037

19 8.13333

20 10.4198

21 11.307

22 11.4461

23 11.9218

24 12.0224

25 12.2018

26 12.7469

27 13.635

28 14.3427

29 14.6484

30 15.0045

31 15.3839

32 16.1688

33 17.6537

34 19.7346

35 20.2348

36 20.5903

37 21.0212

38 21.5668

39 22.8043

40 24.4211

41 25.935

42 26.1779

43 26.9597

44 27.708

45 29.0911

46 30.0125

47 33.0337

48 33.5645

49 35.0333

50 36.813

51 37.6078

52 39.2113

