5 0.00195557

6 0.00992541

7 0.386856

8 0.610669

9 0.762419

10 0.905343

11 1.06213

12 1.24404

13 1.50175

14 2.42287

15 3.72457

16 4.26963

17 4.50461

18 4.79994

19 5.04666

20 5.56464

21 5.82527

22 6.42239

23 7.12129

24 7.42386

25 7.8549

26 8.07226

27 8.60917

28 8.9106

29 9.64969

30 10.745

31 11.6795

32 12.4283

33 12.5774

34 13.353

35 13.96

36 15.2645

37 15.8746

38 17.0458

39 17.6005

40 17.7906

41 18.2297

42 18.6771

43 19.5475

44 19.9928

45 20.7328

46 21.2995

47 21.7192

48 22.3107

49 23.7461

50 24.8418

51 25.7348

52 26.5156

53 27.8247

54 29.0561

55 29.7375

56 32.0444

