5 0.287809

6 0.349982

7 0.902686

8 1.20829

9 1.25623

10 1.34463

11 1.51147

12 1.56309

13 1.63388

14 1.67948

15 1.73198

16 2.34359

17 3.02177

18 3.51431

19 4.04636

20 5.33123

21 5.55126

22 6.93771

23 7.49038

24 7.7399

25 8.33091

26 8.50426

27 8.86016

28 9.19828

29 9.86245

30 10.5206

31 11.0164

32 12.2449

33 12.5448

34 13.2587

35 13.5582

36 14.6818

37 14.9401

38 17.2527

39 17.9451

40 18.1943

41 18.5148

42 20.9996

43 21.3204

44 24.0057

45 24.2707

46 27.656

47 28.3344

48 31.1395

49 33.0782

50 34.2255

