5 0.0108171

6 0.0299242

7 0.240975

8 0.260697

9 0.677381

10 0.767947

11 1.31985

12 1.40068

13 2.64967

14 2.75426

15 3.12796

16 3.21244

17 3.56085

18 4.00274

19 5.22175

20 5.62003

21 5.83732

22 5.92673

23 8.54299

24 9.33877

25 9.65906

26 9.99982

27 12.5676

28 12.8361

29 15.464

30 16.2892

31 17.636

32 18.248

33 18.3313

34 18.5341

35 19.0987

36 19.1449

37 20.3068

38 20.9286

39 21.5259

40 21.7482

41 22.0064

42 22.3345

43 22.7674

44 23.6662

45 24.3966

46 24.8385

47 25.2356

48 27.9405

49 28.3499

50 28.8826

51 30.6849

52 31.2851

53 31.7339

54 33.822

55 35.7755

56 36.1071

57 36.455

