5 0.0258293

6 0.0429154

7 0.946171

8 1.20001

9 1.59896

10 1.73988

11 2.0792

12 2.86053

13 3.7544

14 4.02916

15 4.49546

16 4.89925

17 5.90475

18 6.37388

19 9.76092

20 11.0808

21 11.6331

22 11.7236

23 11.8749

24 12.0199

25 12.8484

26 13.1701

27 13.8664

28 14.7185

29 15.5588

30 16.1106

31 16.2626

32 17.0314

33 17.1095

34 17.4865

35 17.7288

36 17.9119

37 18.08

38 18.9338

39 19.0931

40 19.5124

41 19.6223

42 19.9566

43 20.2514

44 20.754

45 21.9486

46 22.5168

47 22.929

48 24.0465

49 24.5711

50 25.7145

51 26.6632

52 29.877

