5 0.0232734

8 0.35966

11 0.711541

14 1.03031

17 1.65131

20 2.57471

23 3.43603

26 3.69543

29 4.213

32 4.54601

35 4.7335

38 5.12064

41 6.04058

44 6.5525

47 7.36907

50 7.76033

53 8.16176

56 8.90453

59 9.72063

62 10.5505

65 11.6244

68 13.0514

71 14.7456

74 17.765

77 20.4051

80 21.1465

83 21.9873

86 23.4576

89 27.2383

92 28.3754

95 33.5501

98 35.0158

101 36.2274

104 37.3055

107 38.8399

110 40.7317

113 41.7692

116 44.437

119 47.2867

122 48.7214

125 51.0893

128 53.4888

