5 0.0121736

6 0.0636346

7 0.0820562

8 0.111264

9 0.156218

10 0.417312

11 0.452008

12 0.522918

13 1.0115

14 1.96205

15 2.30701

16 2.42129

17 2.53984

18 2.67379

19 3.48451

20 4.29025

21 4.79117

22 4.99104

23 5.33359

24 6.54195

25 7.24382

26 8.2186

27 8.62171

28 9.74289

29 11.4736

30 14.2991

31 14.6688

32 16.8206

33 17.6866

34 19.774

35 20.0576

36 20.3974

37 20.9436

38 21.3665

39 21.7894

40 23.7663

41 25.4667

42 28.5698

43 28.8186

44 29.4202

45 29.5774

46 32.5992

47 32.8463

48 33.1493

