5 0.00413574

6 0.0200454

7 0.240087

8 0.391561

9 0.454066

10 0.535187

11 0.880667

12 1.02919

13 1.37863

14 2.66356

15 2.7331

16 3.19425

17 3.25856

18 3.52876

19 4.09345

20 4.85234

21 5.29819

22 5.96302

23 6.2029

24 6.70822

25 7.2949

26 8.60219

27 8.71695

28 8.76098

29 8.83998

30 8.91325

31 9.07751

32 9.16059

33 9.85775

34 10.4446

35 10.591

36 12.5239

37 12.884

38 15.0798

39 15.2731

40 17.0506

41 17.9684

42 18.4591

43 18.7133

44 19.7622

45 20.0438

46 22.3267

47 23.0727

48 25.8799

