5 0.00663537

6 0.124028

7 0.233672

8 0.399253

9 0.477948

10 0.519773

11 0.604197

12 1.07506

13 1.31075

14 1.43912

15 2.35535

16 2.54875

17 3.00776

18 3.32573

19 3.63863

20 3.78898

21 3.97826

22 4.60334

23 5.59543

24 5.79241

25 7.37911

26 8.89828

27 9.56594

28 10.1516

29 11.0496

30 11.6642

31 13.8478

32 14.2112

33 14.3299

34 14.882

35 15.5615

36 16.3451

37 20.4679

38 21.4584

39 26.3331

40 27.4334

41 28.9259

42 29.5066

43 30.0108

44 30.4785

45 31.2036

46 31.8768

47 32.1121

48 32.2384

49 32.3224

50 32.7507

51 34.0813

52 34.7598

53 36.4535

54 36.5668

55 36.6175

56 36.822

57 37.1479

58 37.537

59 37.6729

60 37.9727

61 39.2056

62 39.5403

63 40.0907

64 40.5305

65 42.4222

66 43.1021

67 43.9716

68 44.4109

69 46.7178

