5 0.000975948

6 0.0271822

7 0.0765662

8 0.529746

9 0.644908

10 0.857159

11 1.02995

12 1.76642

13 1.89227

14 2.97015

15 3.07075

16 3.47395

17 4.1248

18 5.34737

19 5.62217

20 5.84538

21 7.38826

22 8.0971

23 8.39359

24 8.65071

25 11.8287

26 12.2384

27 14.329

28 15.3134

29 16.8069

30 17.4906

31 17.5866

32 17.7576

33 18.0416

34 18.2267

35 19.067

36 19.6717

37 20.2556

38 20.4645

39 21.4094

40 22.2791

41 22.9254

42 23.5477

43 23.8859

44 26.7683

45 27.3022

46 27.7119

47 29.5212

48 30.1812

49 30.647

