5 0.00127028

8 0.116487

11 0.261476

14 0.425388

17 0.672234

20 1.35933

23 2.03942

26 2.39209

29 2.84868

32 3.40016

35 4.67618

38 5.14764

41 6.53773

44 7.49648

47 8.08456

50 9.10576

53 10.4198

56 11.2101

59 12.6802

62 13.1278

65 13.7423

68 14.3917

71 14.6823

74 14.9699

77 15.5132

80 16.2822

83 17.1037

86 17.596

89 18.9992

92 19.3724

95 20.5399

98 21.509

101 22.1742

104 25.2156

107 25.9678

110 28.1267

113 29.1275

116 31.9356

119 33.5501

122 34.9463

125 36.442

128 37.9375

131 39.5125

134 42.9222

137 44.4716

140 48.1596

143 50.0766

