5 0.0407076

8 0.111848

11 0.361479

14 0.614708

17 0.782522

20 0.90281

23 1.16023

26 1.78741

29 2.38609

32 2.8581

35 3.58505

38 4.02503

41 4.86703

44 6.00827

47 6.95429

50 8.55431

53 9.71146

56 10.7888

59 11.9508

62 12.9848

65 13.9608

68 14.9086

71 15.7679

74 17.3846

77 18.8236

80 20.018

83 20.5011

86 21.7829

89 22.9749

92 24.4919

95 25.1082

98 25.8777

101 26.5648

104 27.3341

107 28.1749

110 29.1776

113 30.6368

116 34.2697

119 38.0525

122 39.9999

125 41.418

128 43.1914

131 48.4551

134 50.0556

137 51.1302

140 52.9791

143 55.8716

146 58.2298

