5 0.0017386

6 0.0693193

7 0.108902

8 0.717129

9 1.27531

10 1.92368

11 2.16581

12 2.7668

13 2.86642

14 3.20543

15 3.88767

16 5.226

17 5.59784

18 6.81127

19 7.80942

20 8.07553

21 8.3669

22 11.1544

23 11.3659

24 11.5164

25 11.6583

26 12.5138

27 13.3745

28 13.9946

29 14.9449

30 16.9867

31 17.0985

32 17.1485

33 17.3048

34 17.476

35 17.5522

36 17.6046

37 17.7033

38 18.6307

39 18.9693

40 19.5809

41 19.7739

42 20.2107

43 20.8977

44 22.4787

45 22.9271

46 25.5183

47 25.8663

48 26.4958

49 28.597

50 29.1521

