5 0.0122493

8 0.0480319

11 0.115104

14 0.387545

17 0.625536

20 0.850912

23 1.22497

26 1.30452

29 1.78329

32 2.82432

35 3.31805

38 3.66121

41 4.33851

44 5.03585

47 5.68446

50 6.26885

53 6.71861

56 7.21327

59 8.09303

62 8.61942

65 9.50973

68 10.4907

71 11.3734

74 12.6573

77 14.0421

80 15.917

83 16.7223

86 17.5855

89 18.851

92 19.8352

95 21.0454

98 21.9174

101 22.9426

104 24.2099

107 25.3051

110 26.6113

113 28.0403

116 29.0622

119 30.1899

122 33.9045

125 35.5812

128 40.4139

131 41.3367

134 42.2727

137 43.2658

140 45.0413

143 46.4164

146 50.1653

149 52.5248

152 54.1545

155 56.2173

158 57.4894

161 59.0031

164 61.6362

167 63.0999

170 63.9057

