5 0.00172582

8 0.239324

11 0.379484

14 0.534528

17 0.725834

20 1.21228

23 1.62425

26 2.10183

29 2.26784

32 4.00034

35 4.58095

38 6.96977

41 7.54095

44 8.15897

47 9.04663

50 11.567

53 12.7267

56 14.2267

59 16.3453

62 17.2014

65 18.0712

68 19.5628

71 22.3714

74 24.1677

77 27.2327

80 28.1811

83 29.0883

86 30.0792

89 30.8146

92 31.4075

95 32.0604

98 33.7757

101 34.7585

104 36.0042

107 39.2133

110 40.291

113 41.5183

116 47.2789

119 49.768

122 53.4907

125 55.0687

128 56.9247

