5 5.98563e-05

8 0.0631493

11 0.122014

14 0.300928

17 1.07878

20 1.42066

23 1.88766

26 2.80442

29 3.02665

32 3.47182

35 5.31996

38 5.8457

41 6.77285

44 7.49231

47 8.307

50 10.3267

53 11.5952

56 14.1988

59 15.3518

62 16.6593

65 20.5502

68 21.4693

71 22.1466

74 23.2187

77 24.9914

80 27.7415

83 30.5257

86 31.5939

89 32.1041

92 32.4696

95 32.8397

98 34.305

101 35.0454

104 35.8795

107 36.5067

110 37.408

113 38.3307

116 39.2849

119 40.5778

122 42.0041

125 46.1617

128 46.9657

131 47.9635

134 49.002

137 51.2727

140 52.7079

