5 0.0241012

8 0.157211

11 0.225753

14 0.402263

17 0.811258

20 1.25574

23 2.28581

26 2.87158

29 3.23365

32 3.8068

35 4.93416

38 5.75956

41 7.90844

44 8.45371

47 9.22926

50 12.0248

53 12.962

56 17.3159

59 17.7472

62 18.3663

65 19.2398

68 20.5419

71 21.0953

74 22.0206

77 23.0626

80 24.1992

83 24.7539

86 25.3173

89 28.0971

92 29.3763

95 30.0653

98 31.0389

101 32.4073

104 35.3673

107 36.1868

110 36.9592

113 41.6798

116 42.0378

119 42.7034

122 50.9329

125 52.1924

