5 0.0973712

6 0.114361

7 0.144171

8 0.169014

9 0.75291

10 1.03737

11 1.075

12 1.14325

13 1.81753

14 1.87771

15 3.61321

16 4.18956

17 5.64082

18 5.90097

19 6.6549

20 7.09907

21 7.65299

22 8.27623

23 9.3137

24 10.4573

25 10.78

26 11.235

27 11.4621

28 11.8704

29 12.0959

30 12.3207

31 14.2534

32 14.7062

33 17.9044

34 18.2344

35 19.1153

36 19.8443

37 20.2061

38 20.9586

39 22.3299

40 22.5013

41 22.6647

42 23.0657

43 23.9313

44 24.3268

45 26.3405

46 26.9009

47 28.5625

48 29.0832

49 30.6634

