5 0.44536

6 0.467585

7 0.536907

8 0.7658

9 0.853273

10 0.932031

11 1.33446

12 1.79755

13 2.95498

14 3.898

15 4.10891

16 4.60085

17 4.91959

18 5.24194

19 6.11395

20 6.82755

21 8.01267

22 8.76256

23 9.35711

24 9.64784

25 10.5386

26 11.1554

27 12.2057

28 12.8874

29 13.6327

30 13.9261

31 14.1017

32 14.7116

33 15.6463

34 15.8045

35 17.0607

36 17.802

37 18.3937

38 19.2664

39 20.0827

40 20.759

41 21.7692

42 23.1258

43 23.5683

44 24.5246

45 25.3424

46 26.0315

47 26.2989

48 26.6476

49 27.3644

