5 0.0189473

6 0.0299344

7 0.361437

8 0.813588

9 1.40389

10 1.51325

11 2.31181

12 2.40886

13 2.71182

14 3.35447

15 4.67142

16 4.99752

17 6.17078

18 6.90008

19 7.17092

20 7.4468

21 10.1977

22 11.1262

23 12.0442

24 13.0326

25 14.9074

26 15.067

27 15.1172

28 15.2755

29 15.4497

30 15.5442

31 15.5973

32 15.6851

33 16.6391

34 16.9788

35 17.4731

36 17.6372

37 18.1004

38 18.7701

39 20.2908

40 20.7446

41 23.3565

42 23.7136

43 24.3651

44 25.9406

45 26.6719

46 28.5413

47 29.0767

