5 0.00142283

6 0.0312433

7 0.0809078

8 0.577617

9 0.710845

10 0.907952

11 1.08513

12 1.83191

13 2.01242

14 3.27519

15 3.38345

16 3.85413

17 4.52196

18 5.82248

19 6.11775

20 6.33605

21 7.92138

22 8.69422

23 9.01182

24 9.36395

25 12.3103

26 12.6903

27 14.7668

28 15.6978

29 17.2438

30 17.8931

31 17.9899

32 18.1702

33 18.4188

34 18.603

35 19.5284

36 20.106

37 20.5722

38 20.7575

39 20.997

40 21.2917

41 21.7105

42 22.5676

43 23.2114

44 23.6913

45 24.1552

46 26.8533

47 27.1175

48 27.9993

49 29.7047

50 30.2675

51 30.6871

