5 1.42139

6 1.46727

7 1.53882

8 1.68686

9 2.0239

10 2.49029

11 2.63673

12 2.81907

13 3.00466

14 3.21808

15 3.40892

16 3.49418

17 4.25458

18 4.39604

19 4.82817

20 5.13217

21 5.40074

22 6.83809

23 8.28131

24 9.92289

25 10.5247

26 10.6225

27 12.7781

28 13.5412

29 15.2784

30 16.5426

31 17.0032

32 17.1472

33 17.3976

34 18.7093

35 19.5789

36 19.9972

37 23.3165

38 24.1741

39 28.1502

40 28.8568

41 29.8111

42 30.5248

43 33.1327

44 33.4684

45 35.1031

46 36.2455

47 38.5811

48 39.5224

49 39.9209

50 41.1725

51 47.586

