5 0.0028625

6 0.0196388

7 0.0567928

8 0.331789

9 0.557552

10 1.10778

11 1.1659

12 2.13779

13 2.38853

14 2.73439

15 2.87758

16 3.08566

17 3.31026

18 5.40775

19 5.74041

20 7.27303

21 7.35625

22 9.27293

23 9.63374

24 11.3878

25 11.5326

26 12.3884

27 12.7397

28 13.9179

29 14.1852

30 17.4229

31 17.5791

32 17.9861

33 18.4991

34 18.6222

35 18.7758

36 19.2154

37 19.3046

38 20.3031

39 21.0583

40 21.6221

41 21.8253

42 22.2394

43 22.4284

44 22.8518

45 23.7273

46 24.5335

47 25.5308

48 26.0557

49 29.1264

50 29.8447

51 30.2539

52 32.154

53 32.9428

