5 0.0504778

6 0.126852

7 0.271621

8 0.859369

9 0.958908

10 1.66886

11 1.69546

12 1.82358

13 2.37489

14 2.471

15 2.72593

16 2.92771

17 3.49074

18 3.64241

19 3.927

20 4.44916

21 5.17217

22 5.85035

23 6.89832

24 8.19808

25 8.693

26 9.28323

27 9.92885

28 11.4648

29 11.7393

30 12.0792

31 12.5705

32 13.4227

33 13.9452

34 15.613

35 15.8392

36 15.926

37 16.1334

38 17.8299

39 18.4209

40 19.3599

41 20.4822

42 22.9701

43 23.2192

44 26.7079

45 28.0187

46 29.0957

47 29.6341

48 30.5513

49 31.9783

50 33.2384

51 33.7647

52 34.978

