5 0.0290315

8 0.199474

11 0.770456

14 0.98834

17 1.8089

20 2.31775

23 2.88783

26 3.2787

29 3.70039

32 4.06167

35 4.5626

38 4.81478

41 5.30438

44 5.72877

47 6.25982

50 7.22746

53 9.15496

56 10.7586

59 13.0884

62 13.8288

65 15.3821

68 16.1711

71 17.3512

74 18.4575

77 19.4041

80 20.7304

83 21.7445

86 23.1943

89 25.0687

92 27.5822

95 28.5776

98 29.7198

101 31.8169

104 32.9618

107 34.0409

110 35.3264

113 36.1782

116 40.7638

119 42.0679

122 46.9554

125 47.9324

128 49.5196

131 54.3649

134 55.7976

137 57.5259

