5 0.0104909

6 0.0124456

7 0.210064

8 0.402324

9 0.547873

10 0.903167

11 0.948279

12 1.26741

13 1.66715

14 1.8191

15 2.71598

16 2.96366

17 3.98051

18 4.31023

19 5.62366

20 6.44314

21 7.73515

22 7.9567

23 8.50319

24 9.10782

25 10.7018

26 10.849

27 11.2157

28 12.8425

29 13.1782

30 13.3833

31 13.5181

32 14.2461

33 14.6046

34 16.2191

35 17.2421

36 17.603

37 18.6478

38 21.8888

39 22.2439

40 25.3254

41 26.4253

42 29.8067

43 31.3307

44 36.0796

45 36.5013

46 36.8361

47 38.5613

