5 0.00367433

8 0.153121

11 0.590833

14 0.784341

17 1.0725

20 1.66478

23 2.10559

26 2.55206

29 4.66786

32 5.34662

35 5.9047

38 6.54997

41 7.20002

44 8.14833

47 10.1813

50 11.0032

53 12.5943

56 13.3608

59 14.5797

62 16.2635

65 17.1663

68 17.8866

71 18.4416

74 19.7854

77 20.9046

80 21.4165

83 22.7403

86 24.0117

89 25.1385

92 26.2521

95 29.2043

98 30.39

101 31.6496

104 33.3308

107 35.5077

110 36.5302

113 38.2272

116 40.5956

119 41.9337

122 44.9527

125 46.6834

128 48.7101

131 50.3538

134 52.6785

