5 0.0176306

6 0.152199

7 0.283389

8 0.777277

9 1.02432

10 1.209

11 1.79008

12 2.23299

13 2.61441

14 2.97756

15 3.23401

16 3.8583

17 3.97607

18 4.05037

19 4.16409

20 4.37397

21 4.78096

22 5.1187

23 5.50395

24 5.8071

25 6.51703

26 7.50225

27 8.62992

28 8.71035

29 8.84193

30 9.0783

31 9.17611

32 9.57096

33 9.70187

34 9.91535

35 10.2675

36 10.8911

37 11.1244

38 11.2839

39 11.6361

40 12.3425

41 12.8235

42 13.606

43 14.4141

44 14.8032

45 15.2962

46 16.3175

47 18.0732

48 18.569

49 19.0131

50 20.5418

51 20.9146

52 21.619

53 22.2693

54 24.2543

55 25.1994

56 25.7819

57 26.2111

58 26.5888

59 28.2434

60 32.3988

61 33.2893

62 35.0154

63 35.5202

64 36.9858

65 38.4709

66 39.3813

67 39.8421

68 40.4063

69 41.5051

70 41.9621

71 45.0293

72 45.8209

73 47.1006

74 48.3886

75 50.3221

