5 0.389098

6 0.489988

7 1.02152

8 1.04972

9 1.4099

10 1.4907

11 1.68757

12 1.96937

13 4.02628

14 4.3131

15 5.64919

16 5.8028

17 7.91575

18 8.21028

19 9.52561

20 9.7386

21 10.5246

22 10.8762

23 12.12

24 12.2606

25 15.6362

26 15.7578

27 16.1637

28 16.7772

29 16.9216

30 17.044

31 17.4593

32 17.5816

33 18.8683

34 19.6744

35 20.2727

36 20.6836

37 20.8808

38 21.6524

39 22.1207

40 22.8781

41 23.7039

42 24.2203

43 27.1713

44 27.4638

45 28.0232

46 29.6661

47 30.4513

48 31.4666

49 32.0478

