5 0.059513

6 0.107241

7 0.628983

8 1.12899

9 1.70378

10 1.89841

11 2.44186

12 2.53832

13 2.81839

14 3.41056

15 4.75758

16 5.11323

17 6.35112

18 7.06569

19 7.33256

20 7.62364

21 10.3124

22 11.1129

23 12.0522

24 13.0332

25 14.7378

26 14.9251

27 14.9774

28 15.1286

29 15.2887

30 15.3731

31 15.4248

32 15.5382

33 16.4907

34 16.7498

35 17.3758

36 17.5472

37 17.9487

38 18.5711

39 19.9794

40 20.4298

41 22.9747

42 23.2657

43 23.8159

44 25.608

45 26.4914

46 28.3655

47 28.773

