5 0.0416551

8 0.315539

11 0.489422

14 0.713178

17 0.831059

20 1.42285

23 1.80128

26 2.7138

29 3.29099

32 4.11513

35 5.06556

38 5.55124

41 6.27274

44 7.19475

47 8.37219

50 9.1639

53 9.82619

56 10.804

59 11.8584

62 12.5874

65 13.7037

68 14.6904

71 15.5766

74 16.5582

77 17.558

80 18.8414

83 19.9964

86 22.2335

89 22.6041

92 23.3322

95 24.9057

98 25.5907

101 26.2893

104 26.8675

107 27.7244

110 28.7833

113 29.3843

116 30.521

119 31.6392

122 32.528

125 33.5515

128 34.475

131 35.7587

134 36.6176

137 37.0724

140 37.7247

143 38.402

