5 0.00108472

6 0.558909

7 0.654634

8 1.38328

9 1.51809

10 1.79489

11 1.88629

12 2.07099

13 2.27393

14 4.51281

15 4.76026

16 6.23641

17 6.36631

18 8.20361

19 8.46962

20 10.1234

21 10.2473

22 11.1121

23 11.4466

24 12.8208

25 13.0545

26 16.4273

27 16.575

28 17.0086

29 17.4745

30 17.5869

31 17.7147

32 18.0009

33 18.17

34 19.067

35 19.6913

36 20.1606

37 20.3104

38 20.7736

39 21.2451

40 21.8704

41 22.5795

42 23.4789

43 23.9548

44 26.4878

45 26.921

46 27.2351

47 27.5587

48 29.4867

49 29.8613

50 31.8721

51 32.4186

52 32.8784

