5 0.0112137

6 0.0307103

7 0.0491167

8 0.0566409

9 0.718309

10 0.971563

11 1.22571

12 1.40662

13 2.26322

14 2.50157

15 2.85313

16 3.32801

17 3.953

18 4.0732

19 5.56027

20 6.28919

21 6.49947

22 6.8784

23 8.78128

24 9.06346

25 9.38287

26 10.798

27 11.3527

28 12.3051

29 12.6398

30 13.6812

31 15.181

32 15.7827

33 16.6605

34 20.0547

35 20.5167

36 20.9763

37 22.3009

38 22.9149

39 24.1019

40 28.0231

41 28.7785

42 29.1731

43 29.5287

44 30.1211

45 30.5733

46 31.4879

47 32.7638

48 34.3218

49 35.3733

