5 0.640942

6 0.683739

7 0.764602

8 0.983478

9 1.08949

10 1.1844

11 1.63718

12 2.13995

13 3.33946

14 3.78992

15 4.29154

16 4.5489

17 5.13129

18 5.33573

19 5.76907

20 5.96299

21 6.20446

22 6.63902

23 7.46331

24 8.64135

25 9.20465

26 9.96023

27 10.2602

28 11.2025

29 11.8582

30 12.8081

31 13.3629

32 14.2998

33 14.559

34 14.9149

35 15.6432

36 16.5522

37 16.85

38 18.2147

39 19.161

40 19.9354

41 20.6311

42 22.0633

43 23.048

44 23.6273

45 24.9818

46 25.4208

47 26.5102

48 26.7537

49 27.3782

50 27.5844

51 28.058

52 28.9247

