5 0.132198

6 0.157887

7 0.998044

8 1.64899

9 1.93031

10 2.08958

11 2.20362

12 2.41424

13 2.9592

14 3.41299

15 4.08521

16 4.24056

17 4.43277

18 4.51396

19 4.62391

20 4.86903

21 5.80625

22 6.07655

23 6.15634

24 6.6546

25 7.35645

26 7.63644

27 9.13749

28 9.38749

29 10.7534

30 11.1419

31 13.0099

32 13.3127

33 13.4342

34 14.2838

35 16.0483

36 16.4458

37 18.2643

38 18.7621

39 21.6919

40 23.2973

41 24.1292

42 25.0514

43 27.3203

44 29.4825

45 34.1964

46 36.3618

47 38.1929

48 38.5723

49 38.7376

50 38.9608

51 39.1765

52 39.7258

53 40.0939

54 40.3813

55 40.5032

56 40.9133

57 42.1517

58 42.6119

59 42.8881

60 43.071

61 44.3216

62 45.0227

63 45.6569

64 46.0201

65 47.1482

66 48.9202

67 49.815

68 50.4939

69 51.1662

70 51.696

71 52.1737

72 52.8234

73 55.6068

74 55.9296

75 57.9626

76 58.3516

77 58.7284

78 59.2306

79 60.9896

80 61.4106

81 62.0132

82 63.0454

83 63.3691

84 63.7591

85 65.5368

86 66.1459

87 66.4562

88 67.2086

89 67.6941

90 68.3405

91 68.9646

92 69.5584

93 71.7902

94 72.4862

95 75.2675

96 75.5688

97 78.4085

98 79.7563

99 81.4796

100 85.9927

101 86.7242

102 87.1554

103 88.0573

104 88.73

105 90.4101

