5 0.00122321

6 0.282305

7 0.331348

8 0.945426

9 1.02968

10 1.3115

11 1.41093

12 1.86051

13 1.96237

14 3.82799

15 4.08347

16 5.46161

17 5.58797

18 7.60948

19 7.86713

20 9.14637

21 9.35908

22 10.1606

23 10.4706

24 11.7291

25 11.871

26 12.8172

27 13.0871

28 14.9256

29 15.0763

30 15.5928

31 16.012

32 16.139

33 16.2622

34 16.6231

35 16.7551

36 17.8588

37 18.6651

38 19.2519

39 19.4523

40 19.939

41 20.7983

42 21.3171

43 22.0174

44 22.8132

45 23.2368

46 26.109

47 26.414

48 26.9036

49 28.5178

50 29.3126

