5 0.0210775

6 0.148025

7 0.185581

8 0.261329

9 0.282612

10 0.426631

11 0.476315

12 1.4962

13 1.56912

14 1.86553

15 2.0576

16 2.4521

17 2.55001

18 2.90443

19 3.1078

20 4.9832

21 5.6337

22 5.83949

23 6.39486

24 6.9886

25 9.24612

26 10.0591

27 10.2857

28 10.5971

29 10.9224

30 11.4857

31 12.248

32 12.5897

33 13.0302

34 13.8151

35 14.5912

36 15.1806

37 16.0164

38 17.2375

39 17.6785

40 19.3114

41 21.1208

42 22.4361

43 24.1538

44 24.7847

45 25.1269

46 26.5605

47 32.1883

48 32.6022

49 35.7453

