5 0.049812

6 0.0801674

7 0.161463

8 0.171569

9 1.2004

10 1.27675

11 1.67128

12 1.75427

13 1.98608

14 2.95685

15 4.37561

16 4.88604

17 5.00019

18 6.48493

19 9.82863

20 10.093

21 10.2063

22 10.6692

23 10.8238

24 11.7576

25 14.251

26 15.8311

27 15.9903

28 16.2133

29 16.7698

30 17.6868

31 17.803

32 18.4847

33 20.525

34 21.3705

35 21.9028

36 22.6665

37 25.4256

38 25.5541

39 26.0947

40 26.8384

41 28.9637

42 29.8432

43 30.4411

44 32.5025

45 34.6857

46 35.3019

47 40.3905

48 40.9727

49 44.5565

50 46.7994

51 47.107

