5 0.0514559

6 1.07406

7 1.13353

8 1.17181

9 1.26773

10 1.42637

11 1.57404

12 1.76262

13 1.83343

14 1.87757

15 1.91726

16 1.96007

17 1.99213

18 2.24887

19 2.4945

20 3.61288

21 4.12641

22 4.89328

23 5.09514

24 5.22847

25 5.31472

26 5.56651

27 6.21286

28 6.51358

29 6.83964

30 7.66982

31 8.00936

32 10.3745

33 11.0446

34 11.4419

35 12.5803

36 13.7136

37 14.2069

38 14.5423

39 14.9871

40 16.2159

41 16.4015

42 18.4548

43 19.1893

44 19.8795

45 20.3282

46 21.1382

47 21.8133

48 22.9018

49 23.3556

50 24.8284

51 25.1736

52 27.7794

53 28.1586

54 28.5086

55 29.3973

56 32.0133

57 32.6156

58 34.274

59 35.5024

60 35.8034

61 37.0461

62 37.388

63 40.3105

64 41.4698

65 42.8704

66 43.7015

67 45.1322

68 45.5496

69 47.3503

70 47.6861

71 50.8617

72 51.8995

73 54.0499

74 55.0942

75 56.0588

76 57.9053

77 60.0781

78 60.5653

79 63.4977

80 64.8673

81 66.7766

82 67.9372

83 68.3171

84 70.0133

85 70.2893

86 72.3359

87 73.4943

88 74.7244

89 76.7514

90 77.9446

91 79.2077

92 81.7882

93 83.3102

94 83.8434

95 84.5948

96 85.034

97 85.4

98 88.0883

99 90.0525

100 92.9813

101 93.4795

102 96.2353

103 96.6206

104 97.2765

105 98.5566

106 100.761

107 102.376

108 103.043

109 103.762

110 105.286

111 106.02

112 107.536

113 108.09

114 108.947

115 110.197

116 110.582

117 113.424

118 116.416

119 117.826

120 120.864

121 122.592

122 126.054

123 128.263

