5 0.066852

6 0.0790656

7 0.146577

8 0.686089

9 0.854958

10 0.914113

11 1.02707

12 1.37762

13 1.53134

14 1.75934

15 2.16723

16 3.06765

17 3.23968

18 4.217

19 4.93952

20 5.26813

21 6.54593

22 7.69492

23 8.09284

24 8.41569

25 9.05166

26 9.57244

27 10.685

28 11.01

29 11.1866

30 11.7879

31 12.0863

32 13.9302

33 16.366

34 16.5974

35 19.1958

36 20.0273

37 20.4663

38 21.4007

39 21.7695

40 22.8738

41 26.3406

42 27.3089

43 28.2787

44 30.1648

45 31.7918

46 32.1915

