5 0.0140334

6 0.235832

7 0.256056

8 0.355958

9 0.474466

10 0.839474

11 0.967722

12 1.01648

13 1.58834

14 1.82239

15 2.47448

16 2.63665

17 3.87478

18 4.53791

19 5.09089

20 5.54131

21 8.27978

22 8.44615

23 11.8772

24 12.9965

25 16.981

26 17.6361

27 17.831

28 17.9242

29 18.0503

30 18.2252

31 18.8498

32 19.1073

33 20.1802

34 20.4137

35 20.7924

36 21.0782

37 22.4914

38 22.7332

39 24.9879

40 25.5898

41 25.9905

42 27.0239

43 28.8967

44 29.4831

45 30.3313

46 31.3113

47 35.2866

48 36.4952

49 40.5228

50 40.8888

51 45.3266

52 46.4062

