5 0.000822442

6 0.025829

7 0.0698028

8 0.465081

9 0.573582

10 0.75265

11 0.844073

12 1.58767

13 1.72231

14 2.96093

15 3.21994

16 3.35256

17 3.71213

18 4.25009

19 4.93018

20 6.39863

21 6.69261

22 8.3101

23 9.06468

24 9.36891

25 9.70769

26 13.3586

27 13.5075

28 13.5887

29 13.9594

30 17.2086

31 18.1393

32 19.6746

33 20.102

34 20.1798

35 20.3482

36 20.5427

37 20.6347

38 20.6929

39 20.7714

40 20.9152

41 22.1007

42 22.5956

43 23.0037

44 23.178

45 23.401

46 23.6532

47 24.0813

48 24.8853

49 25.5656

50 26.0991

51 26.6118

52 29.1086

53 29.3901

54 30.1249

55 31.7563

56 32.2132

57 32.5945

