5 0.0137502

6 0.0438572

7 0.454259

8 0.637614

9 0.808017

10 0.972256

11 1.61436

12 1.75018

13 2.90769

14 2.9922

15 3.35741

16 3.41786

17 3.73705

18 4.1655

19 5.37353

20 5.63532

21 7.02653

22 7.84397

23 8.14799

24 8.45351

25 11.1564

26 12.3546

27 12.8405

28 14.8573

29 17.056

30 18.019

31 19.4489

32 19.9963

33 20.0889

34 20.2784

35 20.5136

36 20.6785

37 21.6048

38 22.1443

39 22.6187

40 22.7887

41 23.0292

42 23.313

43 23.7695

44 24.6031

45 25.2479

46 25.7215

47 26.2164

48 28.9005

49 29.1769

50 29.7939

51 31.8922

52 32.3955

53 32.7995

54 34.8545

55 35.4196

