5 0.0110992

8 0.0717871

11 0.15186

14 0.350868

17 1.20201

20 1.51747

23 1.94875

26 2.88327

29 3.17468

32 3.63184

35 5.22465

38 5.70709

41 6.58485

44 7.0594

47 8.01383

50 9.99265

53 10.7147

56 13.4678

59 14.7513

62 15.9195

65 20.0775

68 21.2581

71 24.5902

74 27.3893

77 28.3546

80 28.807

83 29.345

86 29.5136

89 29.8912

92 30.3073

95 31.909

98 32.8049

101 33.7927

104 34.5104

107 35.587

110 36.6436

113 37.7077

116 38.862

119 39.8018

122 44.3101

125 45.6332

128 46.585

131 47.6625

134 50.4992

137 53.3106

