5 0.0118421

6 0.0319617

7 0.383812

8 0.507034

9 0.736735

10 0.905086

11 1.52545

12 1.74353

13 3.07815

14 3.3232

15 3.79611

16 4.46033

17 5.78285

18 6.05487

19 6.28357

20 7.73803

21 8.58635

22 8.87376

23 9.14951

24 12.27

25 12.537

26 14.9726

27 15.8339

28 17.1995

29 17.7889

30 17.8771

31 18.0698

32 18.3493

33 18.4806

34 18.5571

35 18.6795

36 18.7964

37 19.8643

38 20.4889

39 21.0537

40 21.2999

41 21.5549

42 21.8961

43 22.3513

44 23.2614

45 23.88

46 24.3961

47 24.7604

48 27.3824

49 27.7211

50 28.5147

51 30.2748

52 30.906

53 31.393

54 33.2217

55 34.6676

