5 0.00264478

6 0.122765

7 0.425171

8 0.905272

9 1.27105

10 1.51805

11 2.32983

12 2.84208

13 3.02671

14 3.19297

15 3.56589

16 3.74788

17 4.36201

18 5.21747

19 6.55713

20 6.67154

21 7.27429

22 7.49371

23 8.17171

24 8.8068

25 10.3319

26 10.8277

27 12.5981

28 12.9682

29 13.0733

30 13.2049

31 13.8812

32 14.2722

33 14.7392

34 14.9287

35 15.5213

36 16.4367

37 17.7592

38 18.1169

39 18.2635

40 18.3996

41 19.0208

42 19.858

43 21.4637

44 22.2048

45 22.9951

46 23.321

