5 0.0313984

8 0.215686

11 0.49481

14 0.770451

17 1.21692

20 2.2862

23 3.82698

26 4.61885

29 5.11209

32 5.6407

35 6.64578

38 7.60099

41 9.18126

44 9.59541

47 10.0533

50 10.9426

53 13.1542

56 14.2152

59 14.8457

62 15.5665

65 17.399

68 18.5728

71 21.708

74 23.7232

77 25.2815

80 27.4812

83 28.1037

86 29.9451

89 31.3422

92 32.281

95 33.0143

98 33.969

101 34.9364

104 36.7813

107 38.6705

110 40.0998

113 42.1903

116 43.3968

119 44.5399

122 45.9561

125 50.0087

128 51.0343

131 52.3485

134 54.2701

