5 0.000508276

8 0.080483

11 0.346163

14 0.720338

17 0.9448

20 1.32581

23 1.90875

26 2.49253

29 3.48165

32 4.20355

35 5.96317

38 6.44274

41 8.61859

44 9.50904

47 12.1288

50 12.8294

53 13.4016

56 13.8901

59 14.3091

62 14.6894

65 15.1319

68 15.5983

71 16.4619

74 19.2995

77 20.2036

80 21.2159

83 24.528

86 27.7779

89 29.0266

92 32.5164

95 33.941

98 35.227

101 37.5199

104 40.235

107 41.0545

110 42.7476

113 44.0596

116 45.9707

119 48.0778

122 49.7703

125 52.1424

128 53.2131

131 54.3801

134 55.7268

137 58.5698

140 60.3295

143 61.787

146 64.3454

149 65.8662

152 68.8462

155 71.1668

158 73.5086

