5 0.0644743

6 0.112068

7 0.62603

8 1.06454

9 1.76512

10 1.9923

11 2.55598

12 2.68205

13 3.01856

14 3.66504

15 5.186

16 5.52765

17 6.77357

18 7.54187

19 7.85753

20 8.1408

21 11.1007

22 12.0863

23 13.0751

24 14.0637

25 15.98

26 16.1985

27 16.2488

28 16.4098

29 16.581

30 16.6837

31 16.7377

32 16.84

33 17.8943

34 18.2482

35 18.7745

36 18.9438

37 19.5574

38 20.0416

39 21.559

40 22.0634

41 24.5989

42 24.9177

43 25.4918

44 27.0939

45 27.8881

46 29.5666

47 29.9731

