5 0.029078

8 0.174818

11 0.421468

14 0.623592

17 1.78176

20 2.24158

23 2.88505

26 3.67146

29 4.66042

32 5.13581

35 7.01135

38 7.37663

41 7.97342

44 8.51253

47 9.30209

50 10.9908

53 11.7322

56 12.7052

59 13.5364

62 14.2627

65 14.7581

68 17.4455

71 17.9005

74 18.385

77 19.3851

80 22.3805

83 23.1953

86 23.9642

89 24.7109

92 26.2558

95 27.6503

98 29.7343

101 32.8618

104 33.4219

107 34.0805

110 35.0524

113 36.6398

116 38.8791

119 40.2497

122 41.4651

125 42.5959

128 43.7978

131 45.0935

134 48.2415

137 50.8975

140 52.4694

143 55.1034

146 57.9877

149 65.2249

152 66.8291

155 68.3762

