5 0.0174573

6 0.0364819

7 0.192971

8 0.206082

9 0.30529

10 0.557806

11 1.06239

12 1.29505

13 1.96293

14 2.03153

15 2.13019

16 2.57437

17 3.85437

18 4.056

19 5.44046

20 6.38553

21 6.64936

22 6.92399

23 8.99322

24 9.26586

25 10.9056

26 11.8174

27 13.8592

28 14.1651

29 14.2035

30 14.3472

31 14.4595

32 14.5335

33 14.6134

34 14.7478

35 15.6416

36 15.9484

37 16.5626

38 16.7444

39 17.3067

40 17.7579

41 18.377

42 18.8751

43 19.5998

44 20.0722

45 22.7161

46 23.004

47 23.5376

48 23.9473

49 26.0322

50 26.4466

51 28.6695

52 28.9609

