5 0.00926961

8 0.023086

11 0.195098

14 0.368106

17 0.573932

20 0.900172

23 1.17044

26 1.35738

29 1.58547

32 2.87786

35 3.60665

38 4.24472

41 5.83833

44 6.13249

47 6.56297

50 7.57619

53 8.94272

56 10.6316

59 13.585

62 14.6324

65 15.5972

68 18.999

71 19.7901

74 20.7939

77 22.3754

80 27.8994

83 30.2872

86 31.0412

89 32.3896

92 33.6613

95 35.063

98 36.209

101 37.1351

104 37.9756

107 39.0623

110 42.2996

113 42.9461

116 43.8847

119 45.2114

122 46.901

125 49.1199

128 50.616

131 53.8782

134 55.1511

137 56.9724

140 59.0619

143 60.6302

146 65.8699

149 67.5888

152 69.7472

155 71.0766

158 72.2177

161 76.3986

164 78.226

