5 0.04084

8 0.229539

11 0.495993

14 0.885283

17 1.13058

20 1.43412

23 2.26885

26 3.56004

29 3.97206

32 4.61538

35 6.25773

38 7.12831

41 8.48536

44 9.20188

47 11.9781

50 13.1298

53 13.8226

56 14.7113

59 17.6421

62 20.421

65 21.2723

68 24.507

71 26.0389

74 27.4388

77 28.4853

80 29.1746

83 29.791

86 30.7711

89 31.9015

92 33.4397

95 34.0043

98 35.808

101 36.4851

104 37.3382

107 38.8425

110 39.744

113 42.3006

116 43.3642

119 46.3308

122 49.2482

125 53.4837

128 55.2464

131 59.6288

134 61.0893

137 63.2101

140 67.8981

