5 0.00543425

6 0.0720045

7 0.106216

8 0.637149

9 1.13587

10 1.7718

11 2.0121

12 2.58055

13 2.69431

14 3.02867

15 3.65981

16 4.94653

17 5.15839

18 6.4997

19 7.55108

20 7.84909

21 8.15084

22 10.8866

23 11.7151

24 12.6033

25 13.517

26 15.6264

27 15.7767

28 15.8244

29 15.9771

30 16.14

31 16.2287

32 16.3122

33 16.4116

34 17.3944

35 17.7138

36 18.2278

37 18.3979

38 18.7969

39 19.4281

40 20.9306

41 21.3843

42 23.8993

43 24.1836

44 24.7522

45 26.2754

46 26.9579

