5 0.016487

6 0.0836827

7 0.604879

8 0.913542

9 1.6114

10 1.8337

11 3.11136

12 3.43008

13 3.81717

14 4.1361

15 4.52143

16 5.89946

17 6.11807

18 7.69745

19 8.53882

20 8.84493

21 9.1912

22 12.9874

23 13.1879

24 13.5844

25 15.1712

26 16.1742

27 17.2396

28 18.8049

29 19.4153

30 19.511

31 19.7142

32 20.0146

33 20.2562

34 21.1578

35 21.7724

36 22.3502

37 22.7221

38 22.9992

39 23.7859

40 24.3083

41 24.9723

42 25.4061

43 25.7708

44 28.6189

45 28.881

46 29.788

47 31.6488

48 32.2571

49 32.7524

50 34.8463

51 35.6457

