5 0.264466

6 0.560568

7 0.626005

8 0.965164

9 1.04225

10 1.18118

11 1.19623

12 1.50358

13 1.5619

14 1.98075

15 2.69067

16 2.99173

17 3.48233

18 3.96347

19 5.99004

20 6.42158

21 6.67431

22 7.48595

23 9.21726

24 10.0007

25 10.4474

26 11.084

27 11.3433

28 11.7754

29 12.4885

30 13.2011

31 14.4846

32 14.8848

33 15.0467

34 15.7844

35 16.3948

36 17.0774

37 19.6622

38 20.9607

39 21.4634

40 23.2821

41 24.8331

42 26.5187

43 26.9629

44 27.6225

45 28.0512

46 28.3906

47 28.6841

48 28.9424

49 30.6008

