5 0.15731

6 0.264194

7 0.486584

8 0.735199

9 1.25593

10 1.53701

11 2.41054

12 2.62492

13 2.99351

14 3.3271

15 3.95149

16 4.37561

17 5.30222

18 5.63817

19 6.07628

20 6.60375

21 7.08395

22 7.71243

23 8.64109

24 9.33373

25 10.2957

26 10.901

27 11.9662

28 12.3013

29 13.0415

30 13.6585

31 14.5813

32 15.057

33 16.2802

34 16.6356

35 17.0946

36 17.5431

37 18.1303

38 18.2648

39 18.584

40 19.0527

41 20.1139

42 20.6442

43 21.2997

44 21.976

45 23.0085

46 23.4344

47 25.131

48 25.368

49 26.0761

50 26.7677

51 27.8655

52 28.2276

53 29.8888

54 30.0651

55 31.0076

56 31.4723

57 32.4443

58 33.0146

59 34.5692

60 34.7842

