5 0.00132691

6 0.0114979

7 0.0592458

8 0.357473

9 0.474214

10 0.684132

11 1.54472

12 1.7725

13 2.55848

14 2.66227

15 3.12565

16 3.40435

17 3.81497

18 5.13753

19 5.45099

20 5.68988

21 7.17856

22 7.96415

23 8.26639

24 8.59023

25 11.9558

26 13.42

27 14.3668

28 15.1991

29 16.6046

30 17.1894

31 17.2747

32 17.4814

33 17.7624

34 17.9719

35 18.862

36 19.4218

37 19.9167

38 20.1531

39 20.3908

40 20.7317

41 21.1973

42 22.0041

43 22.5629

44 23.2809

45 23.6061

46 26.379

47 27.4237

48 29.2766

49 29.855

50 30.3187

