5 0.0353584

6 0.0518402

7 0.414948

8 0.441263

9 1.32547

10 1.54459

11 1.70135

12 2.14401

13 2.73565

14 3.62486

15 3.97128

16 4.50019

17 4.80552

18 4.88012

19 5.17335

20 5.36417

21 7.22926

22 7.47276

23 9.98163

24 11.2154

25 15.0265

26 15.6749

27 20.7424

28 22.5086

29 23.9551

30 24.7468

31 24.9565

32 25.152

33 26.0484

34 26.1366

35 27.7471

36 28.5262

37 30.5073

38 30.8739

39 31.55

40 32.5586

41 33.8023

42 34.1668

43 38.5246

44 39.0833

45 39.4292

46 40.9444

47 45.5083

48 46.0823

49 51.5468

50 52.537

