5 0.0116271

8 0.0472264

11 0.177165

14 0.366978

17 0.835896

20 1.31119

23 2.11897

26 2.43475

29 3.0848

32 4.27827

35 5.12182

38 5.78797

41 6.53824

44 7.39616

47 8.67562

50 9.76663

53 11.0731

56 13.4753

59 14.2747

62 15.8016

65 17.2871

68 19.4259

71 19.9242

74 20.2846

77 20.6425

80 20.9955

83 22.4819

86 23.6616

89 24.7801

92 25.3878

95 26.2436

98 27.0418

101 29.0378

104 30.1956

107 31.3629

110 35.5628

113 36.5532

116 39.0355

119 40.2839

122 41.3069

125 43.8732

