5 0.00542709

8 0.110486

11 0.577282

14 0.824357

17 1.16446

20 1.51407

23 1.6843

26 2.06182

29 2.40221

32 3.12142

35 3.95307

38 4.71824

41 5.24635

44 5.60462

47 6.03572

50 6.90854

53 9.08673

56 11.0364

59 11.8049

62 13.9295

65 14.6481

68 15.996

71 16.5532

74 17.1435

77 17.8641

80 19.2271

83 20.3849

86 20.9913

89 21.987

92 22.9907

95 26.2057

98 30.5272

101 31.8844

104 36.3398

107 37.8899

110 38.933

113 39.956

116 40.7681

119 43.3053

122 44.4569

125 46.1247

128 49.9566

131 52.3191

134 56.5882

137 57.8034

140 60.8082

143 62.9587

146 65.4848

149 67.6576

