5 0.0198625

8 0.134637

11 0.292695

14 0.523939

17 0.797309

20 1.34187

23 1.70839

26 2.38598

29 3.24446

32 4.1931

35 4.666

38 5.04365

41 5.46643

44 6.08388

47 6.80171

50 8.33282

53 9.16645

56 11.0625

59 12.7736

62 14.6201

65 16.358

68 17.2808

71 19.0634

74 19.8614

77 22.0384

80 22.8584

83 23.9104

86 26.251

89 28.4453

92 29.4306

95 30.4603

98 32.5606

101 33.5085

104 34.8894

107 37.2984

110 38.3274

113 40.5318

116 42.1046

119 44.1259

122 46.1436

125 47.2678

128 48.2317

131 49.1667

134 51.7651

137 55.5204

140 56.4691

143 58.8199

146 60.551

149 62.5885

152 64.0136

155 65.0077

158 65.8599

161 66.8961

164 70.2177

167 71.6653

170 73.4176

173 76.5734

176 77.8934

179 78.7914

182 79.7497

185 81.1915

188 85.615

191 87.9025

194 91.0547

197 94.2283

200 95.3134

203 97.1783

206 99.1131

209 101.581

212 103.442

215 105.258

218 110.892

221 112.328

224 117.997

227 119.429

230 125.248

233 127.633

236 133.175

239 135.35

242 138.278

