5 0.0280512

6 0.1678

7 0.185888

8 1.22933

9 1.33021

10 3.62802

11 3.8941

12 4.6238

13 4.96675

14 5.02281

15 5.48586

16 7.18045

17 7.59938

18 10.4335

19 10.8697

20 10.9253

21 11.2243

22 11.4629

23 12.2316

24 13.3351

25 13.6904

26 14.9552

27 15.6056

28 17.2922

29 18.5914

30 18.8115

31 18.988

32 19.4453

33 20.245

34 22.3073

35 23.1765

36 23.8579

37 24.9316

38 25.0796

39 26.493

40 27.2203

41 27.6973

42 28.7422

43 29.9024

44 30.0508

45 30.5462

46 30.9862

47 31.2077

