0.006390260000000001	1195.988
0.0066655099999999995	1267.221
0.006940770000000001	1233.714
0.00721602	1215.421
0.00749127	1137.862
0.007766520000000001	1203.645
0.00804177	1088.029
0.00831702	1127.84
0.008592279999999999	1185.684
0.00886753	1108.778
0.009142780000000001	1052.674
0.00941803	1102.382
0.00969328	1099.351
0.00996854	1046.424
0.0102438	1053.952
0.010519	1085.59
0.0107943	1059.427
0.011069500000000001	1037.579
0.0113448	1036.412
0.01162	1068.519
0.011895300000000001	1036.216
0.0121705	1024.893
0.0124458	1029.434
0.012721099999999999	1019.224
0.0129963	1006.621
0.013271600000000001	1029.228
0.013546800000000001	1012.248
0.013822100000000002	1009.264
0.0140973	1024.073
0.0143726	1030.324
0.0146478	1012.113
0.014923100000000002	1002.815
0.015198300000000001	1009.386
0.015473600000000002	992.5717
0.0157488	979.9934
0.0160241	971.3953
0.0162993	989.1557
0.016574600000000002	964.2745
0.0168498	945.3066
0.0171251	995.2557
0.0174003	955.1538
0.0176756	959.4226
0.0179508	988.4811
0.018226100000000002	939.9425
0.018501300000000002	918.3777
0.0187766	928.3837
0.0190518	928.5712
0.0193271	938.6642
0.019602300000000003	951.7887
0.019877600000000002	933.9358
0.0201529	936.7075
0.0204281	901.0893
0.0207034	886.7876
0.0209786	890.0633
0.021253900000000003	873.5505
0.021529100000000002	879.8829
0.0218044	882.8002
0.0220796	874.5309
0.0223549	890.5835
0.0226301	865.1677
0.022905400000000003	888.5197
0.023180600000000003	861.3661
0.023455900000000002	871.2606
0.0237311	848.3028
0.0240064	859.9279
0.0242816	846.9796
0.024556900000000003	846.7523
0.0248321	858.4321
0.025107400000000002	846.9995
0.0253826	832.9017
0.0256579	834.5442
0.0259331	818.6965
0.0262084	823.4246
0.026483600000000003	810.9992
0.026758900000000002	821.2778
0.027034100000000002	802.0395
0.0273094	797.7465
0.0275846	811.936
0.0278599	787.418
0.0281352	784.0111
0.028410400000000002	776.4478
0.028685699999999998	782.2625
0.0289609	773.4955
0.029236200000000004	767.4415
0.0295114	787.1975
0.0297867	764.1882
0.030061900000000003	741.6856
0.030337199999999998	742.8477
0.0306124	752.0172
0.030887700000000004	731.2694
0.0311629	747.577
0.0314382	729.816
0.0317134	722.023
0.0319887	732.1053
0.032263900000000005	723.3894
0.032539200000000004	701.1754
0.0328144	714.2162
0.0330897	730.1677
0.033364899999999996	702.8477
0.0336402	683.7932
0.033915400000000005	690.53
0.034190700000000004	673.8258
0.0344659	687.3861
0.0347412	687.4793
0.035016399999999996	678.1675
0.0352917	679.2402
0.035566900000000005	670.9828
0.035842200000000005	649.2636
0.036117500000000004	665.0163
0.0363927	647.8477
0.036668	654.7463
0.0369432	647.7225
0.0372185	645.7575
0.037493700000000005	633.7558
0.037769000000000004	644.3674
0.0380442	651.7848
0.038319500000000006	639.5403
0.0385947	619.5487
0.03887	605.3286
0.039145200000000005	618.11
0.039420500000000004	610.9415
0.0396957	594.4003
0.039971000000000007	595.8059
0.0402462	593.3908
0.0405215	610.7849
0.040796700000000005	586.0039
0.041072	573.4364
0.0413472	566.0557
0.04162250000000001	585.2931
0.0418977	579.9652
0.042173	586.0055
0.042448200000000005	575.9122
0.0427235	575.7455
0.0429987	567.7714
0.04327400000000001	551.4858
0.0435492	559.4881
0.0438245	554.9955
0.0440998	550.7878
0.044375	540.5964
0.044650300000000004	541.7135
0.04492550000000001	540.0553
0.045200800000000006	517.8831
0.045476	550.5462
0.0457513	519.6321
0.0460265	525.9061
0.046301800000000004	519.658
0.04657700000000001	503.1176
0.046852300000000006	502.9673
0.0471275	521.4813
0.0474028	495.1007
0.047678	494.2035
0.047953300000000004	487.8008
0.04822850000000001	487.7932
0.04850380000000001	473.1964
0.048779	486.2466
0.0490543	489.0149
0.0493295	469.3448
0.049604800000000004	469.5132
0.04988000000000001	454.4538
0.05015530000000001	472.2469
0.0504305	465.389
0.0507058	469.5956
0.050981	438.6486
0.051256300000000005	459.5717
0.051531600000000004	455.1718
0.0518068	433.011
0.0520821	451.0779
0.052357299999999996	428.4658
0.0526326	434.4346
0.052907800000000005	430.7549
0.05318310000000001	418.5535
0.05345830000000001	427.8842
0.053733600000000006	417.7575
0.0540088	417.0295
0.0542841	411.6033
0.054559300000000005	407.0311
0.054834600000000004	414.2728
0.0551098	399.0433
0.0553851	390.9695
0.055660299999999996	412.4806
0.0559356	401.6172
0.056210800000000005	399.8233
0.0564861	384.9573
0.05676130000000001	381.9288
0.05703660000000001	364.3555
0.0573118	392.239
0.0575871	384.2981
0.057862300000000005	370.4103
0.058137600000000005	368.873
0.0584128	353.1057
0.0586881	367.9929
0.058963299999999996	365.3069
0.0592386	364.607
0.0595139	359.9066
0.0597891	353.7077
0.0600644	341.0227
0.06033960000000001	340.2454
0.060614900000000006	338.0078
0.0608901	350.1304
0.06116540000000001	341.8174
0.061440600000000005	345.1358
0.061715900000000004	343.4939
0.0619911	343.1428
0.0622664	336.9923
0.0625416	323.0415
0.0628169	320.7925
0.0630921	336.0412
0.0633674	315.5738
0.06364260000000001	316.3695
0.06391790000000001	318.3356
0.0641931	304.2533
0.06446840000000001	308.3776
0.0647436	310.5657
0.0650189	305.0735
0.06529410000000001	304.2395
0.0655694	300.8242
0.0658446	299.9129
0.0661199	286.8565
0.0663951	284.3184
0.0666704	278.6012
0.06694560000000001	287.0525
0.0672209	283.6971
0.06749619999999999	283.9631
0.06777140000000001	280.5042
0.0680467	275.484
0.0683219	278.8697
0.06859720000000001	266.4384
0.0688724	286.9569
0.0691477	271.9593
0.0694229	287.1152
0.0696982	262.0145
0.0699734	267.7196
0.0702487	257.4453
0.0705239	261.5655
0.07079919999999999	255.7925
0.07107440000000001	255.5717
0.0713497	259.9108
0.0716249	246.4029
0.07190020000000001	254.4926
0.0721754	252.0342
0.0724507	240.015
0.0727259	245.0162
0.0730012	238.7375
0.0732764	248.642
0.0735517	239.6007
0.0738269	243.8635
0.0741022	228.4129
0.07437740000000001	230.829
0.0746527	226.5083
0.0749279	230.346
0.07520320000000001	235.111
0.0754785	229.2345
0.07575370000000001	220.6772
0.07602900000000001	213.0113
0.0763042	216.8
0.07657950000000001	220.0686
0.0768547	216.8653
0.07713	208.4645
0.07740520000000001	211.1316
0.0776805	216.9913
0.07795570000000002	224.3634
0.078231	211.6479
0.07850620000000001	209.2186
0.0787815	203.4501
0.07905670000000001	198.2863
0.07933200000000001	193.5937
0.0796072	199.4658
0.07988250000000001	199.194
0.0801577	200.7678
0.080433	203.8303
0.08070820000000001	192.825
0.0809835	195.5757
0.0812587	197.9737
0.081534	183.2172
0.08180920000000001	185.1723
0.0820845	187.1486
0.08235970000000001	189.7037
0.08263500000000001	182.7528
0.0829103	187.0298
0.08318550000000001	186.7597
0.0834608	172.6788
0.083736	165.5847
0.08401130000000001	177.007
0.0842865	173.6669
0.0845618	175.8798
0.084837	177.2993
0.0851123	164.7925
0.0853875	182.6039
0.0856628	164.6759
0.08593800000000001	166.6575
0.0862133	178.3314
0.08648850000000001	154.0413
0.0867638	157.9367
0.087039	156.9532
0.08731430000000001	160.842
0.0875895	165.947
0.0878648	159.7875
0.08814	156.5133
0.0884153	161.8145
0.0886905	155.9273
0.0889658	156.2877
0.08924100000000001	148.1933
0.08951630000000001	151.0947
0.08979150000000001	132.4533
0.0900668	137.9714
0.090342	152.6735
0.09061730000000001	153.7818
0.0908926	145.2125
0.09116780000000001	141.8308
0.0914431	144.3516
0.0917183	141.4598
0.09199360000000001	135.9924
0.0922688	138.2282
0.0925441	135.9533
0.09281930000000001	138.7751
0.09309460000000001	142.4757
0.0933698	140.0173
0.09364510000000001	136.1372
0.09392030000000001	147.9745
0.0941956	135.1975
0.09447080000000001	136.8123
0.0947461	134.243
0.0950213	131.8769
0.09529660000000001	132.8576
0.0955718	135.9895
0.0958471	123.3516
0.09612230000000001	126.283
0.09639760000000001	114.9129
0.0966728	133.3102
0.09694810000000001	136.9518
0.09722330000000001	115.074
0.0974986	120.0474
0.09777380000000001	120.3792
0.0980491	116.8371
0.0983243	115.1742
0.09859960000000001	116.2545
0.0988749	117.1557
0.0991501	119.0537
0.0994254	115.645
0.0997006	117.0277
0.0999759	112.1949
0.100251	118.0175
0.100526	108.4723
0.100802	104.9725
0.101077	98.91472
0.101352	125.9358
0.10162700000000001	116.8166
0.10190300000000002	116.7686
0.10217799999999999	108.4025
0.102453	102.4188
0.102728	103.6076
0.10300400000000001	105.9054
0.10327900000000001	91.96085
0.103554	118.4605
0.103829	107.8086
0.104105	101.9063
0.10438000000000001	98.8633
0.10465500000000001	103.9579
0.10493	100.0473
0.10520600000000001	100.4903
0.105481	103.4213
0.10575600000000002	100.7815
0.10603100000000001	98.46406
0.106307	101.3612
0.10658200000000001	107.1813
0.10685700000000001	91.39462
0.107132	100.0128
0.107408	95.41972
0.107683	85.575
0.107958	88.73972
0.10823300000000001	86.15302
0.10850900000000002	92.89717
0.10878399999999999	96.70877
0.109059	92.07368
0.109334	101.8742
0.10961000000000001	87.49925
0.10988500000000001	78.04953
0.11016	97.6483
0.110435	100.6549
0.110711	96.65189
0.11098600000000002	98.2816
0.11126100000000001	83.88887
0.111536	86.25623
0.11181200000000001	86.72
0.112087	97.17226
0.11236200000000002	84.53491
0.11263700000000001	77.33972
0.112913	89.44415
0.11318800000000001	91.43877
0.11346300000000001	89.63151
0.113738	84.84255
0.114014	77.18123
0.114289	82.8167
0.114564	77.74038
0.11483900000000001	79.73943
0.115115	77.16132
0.11538999999999999	82.93962
0.115665	73.45368
0.11594	89.13368
0.11621600000000001	79.30387
0.116491	75.15792
0.116766	74.25264
0.117041	78.47613
0.117317	81.45972
0.11759200000000002	76.50896
0.11786700000000001	73.93821
0.118142	67.53472
0.11841800000000001	70.12038
0.118693	77.87349
0.11896800000000002	67.28443
0.11924300000000002	77.15151
0.119519	65.83151
0.11979400000000001	69.96472
0.12006900000000001	84.45245
0.120344	70.02943
0.12062	68.16981
0.120895	62.55245
0.12117	79.8283
0.12144500000000001	67.56283
0.121721	69.53981
0.121996	71.25208
0.122271	66.42368
0.12254700000000002	72.31755
0.12282200000000001	77.42443
0.123097	67.45632
0.123372	65.91972
0.12364800000000001	64.88396
0.123923	61.57802
0.12419800000000002	66.5683
0.124473	64.34038
0.124749	66.91415
0.125024	57.39594
0.12529900000000002	54.89028
0.12557400000000002	59.60057
0.12585	63.90708
0.12612500000000001	62.09689
0.1264	64.75991
0.126675	55.92396
0.126951	58.84679
0.127226	69.10321
0.127501	59.04425
0.127776	50.94179
0.12805200000000003	60.04868
0.128327	60.80887
0.128602	58.26755
0.128877	54.20877
0.12915300000000002	59.3017
0.12942800000000002	57.55981
0.12970299999999998	51.32849
0.129978	51.51113
0.130254	53.39651
0.130529	56.19877
0.130804	63.73698
0.131079	54.05528
0.131355	51.80774
0.13163	51.03302
0.13190500000000002	55.33642
0.13218000000000002	51.24415
0.132456	51.55821
0.13273100000000002	51.75745
0.133006	42.07792
0.133281	52.96038
0.133557	48.86038
0.133832	62.74453
0.134107	50.09085
0.134382	57.16849
0.13465800000000003	54.52868
0.134933	43.92755
0.135208	55.31396
0.135483	45.34538
0.13575900000000002	51.28726
0.13603400000000002	59.13047
0.13630899999999999	47.38764
0.136584	47.75217
0.13686	43.78236
0.137135	57.83877
0.13741	49.94887
0.137685	48.93962
0.137961	37.74981
0.138236	48.23811
0.13851100000000002	43.45472
0.13878600000000002	52.05472
0.139062	34.74509
0.13933700000000002	45.92217
0.139612	45.5917
0.139887	48.66575
0.140163	45.24075
0.140438	45.49783
0.140713	39.90519
0.140988	45.25915
0.141264	34.36179
0.141539	45.94311
0.141814	44.23962
0.142089	40.08462
0.14236500000000002	46.55377
0.14264	49.31613
0.142915	42.5633
0.14319	42.17349
0.143466	39.77075
0.143741	46.55255
0.144016	45.60868
0.144291	28.09651
0.144567	37.68632
0.144842	39.28217
0.14511700000000002	34.03698
0.14539200000000002	39.75151
0.145668	32.65651
0.14594300000000002	37.06321
0.14621800000000001	40.67962
0.146493	37.19302
0.146769	39.00179
0.147044	35.90075
0.147319	44.83991
0.147594	33.34142
0.14787	41.45198
0.148145	38.06594
0.14842	37.71783
0.148695	33.14519
0.14897100000000002	36.4216
0.149246	43.72774
0.149521	34.07811
0.149796	41.62019
0.150072	39.92538
0.150347	32.19094
0.150622	40.59726
0.150897	29.73236
0.151173	37.1934
0.15144800000000003	26.52123
0.15172300000000002	32.43377
0.15199800000000002	31.75462
0.15227400000000002	31.14349
0.15254900000000002	32.64906
0.15282400000000002	35.1234
0.153099	32.09387
0.153375	35.2167
0.15365	36.32849
0.153925	31.95594
0.1542	32.54679
0.154476	34.12387
0.154751	40.46387
0.155026	41.08236
0.15530100000000002	30.70236
0.15557700000000002	33.26962
0.155852	34.06255
0.15612700000000002	35.04981
0.156402	35.91302
0.156678	29.84925
0.156953	26.75708
0.157228	31.0034
0.157503	31.07302
0.157779	28.96642
0.15805400000000003	25.8133
0.15832900000000003	30.12887
0.158604	24.89528
0.15888000000000002	21.66019
0.15915500000000002	35.78821
0.15943000000000002	36.16236
0.159705	27.80915
0.159981	35.7166
0.160256	26.08462
0.160531	20.47
0.160806	29.77453
0.161082	27.47811
0.161357	27.59528
0.161632	28.23764
0.16190800000000002	27.92755
0.16218300000000002	17.96453
0.162458	26.02613
0.16273300000000002	28.30566
0.16300900000000001	19.61462
0.163284	28.27708
0.163559	33.10934
0.163834	28.95557
0.16411	32.48698
0.164385	25.61792
0.16466000000000003	22.7516
0.16493500000000003	27.05292
0.165211	18.7983
0.16548600000000002	23.08547
0.16576100000000002	21.29302
0.16603600000000002	23.73462
0.16631200000000002	21.91104
0.166587	17.98151
0.166862	20.34821
0.167137	21.74047
0.167413	23.82415
0.167688	23.8367
0.167963	26.025
0.168238	25.46962
0.16851400000000002	20.88953
0.168789	21.40708
0.169064	22.55708
0.16933900000000002	27.0116
0.16961500000000002	25.68198
0.16989	24.59679
0.170165	20.88358
0.17044	20.07142
0.170716	20.74415
0.170991	16.34019
0.17126600000000003	23.22217
0.17154100000000003	23.16896
0.171817	19.62774
0.17209200000000002	25.56557
0.17236700000000002	16.04679
0.17264200000000002	27.73179
0.17291800000000002	19.55245
0.173193	23.46104
0.173468	17.38887
0.173743	17.34632
0.174019	21.17425
0.174294	24.4567
0.174569	20.66821
0.174844	26.33991
0.17512000000000003	20.17302
0.175395	18.52679
0.17567	19.67179
0.17594500000000002	15.38811
0.17622100000000002	26.56226
0.17649600000000001	21.88934
0.176771	17.37594
0.177046	13.60179
0.177322	23.44745
0.177597	18.54066
0.17787200000000003	21.64906
0.17814700000000003	21.32472
0.178423	19.1617
0.17869800000000002	10.94566
0.17897300000000002	15.92189
0.17924800000000002	14.45575
0.17952400000000002	11.31255
0.17979900000000001	15.43443
0.180074	16.29066
0.180349	19.42792
0.180625	19.28538
0.1809	17.09632
0.181175	14.2567
0.18145	14.95377
0.18172600000000003	19.54462
0.182001	15.54972
0.182276	13.18774
0.18255100000000002	17.74594
0.18282700000000002	15.02198
0.18310200000000001	16.88151
0.183377	17.07066
0.183652	18.35104
0.183928	22.65792
0.184203	14.18151
0.18447800000000003	23.09538
0.184753	20.83991
0.185029	14.76915
0.18530400000000002	13.65302
0.18557900000000002	12.19028
0.18585400000000002	15.14981
0.18613000000000002	12.76604
0.18640500000000002	15.0966
0.18668	17.03915
0.186955	10.42434
0.187231	12.08274
0.187506	18.19698
0.187781	12.83311
0.188056	16.91028
0.18833200000000003	12.17962
0.188607	14.2933
0.188882	14.25736
0.18915700000000002	12.44991
0.18943300000000002	15.80972
0.18970800000000002	15.85717
0.189983	12.32708
0.190258	14.89302
0.190534	13.46038
0.190809	15.84453
0.19108400000000003	8.074245
0.191359	18.42255
0.191635	8.109717
0.19191000000000003	11.09755
0.19218500000000002	5.100943
0.19246000000000002	15.065
0.19273600000000002	17.99123
0.19301100000000002	15.64821
0.193286	12.57538
0.193561	10.855
0.193837	11.05462
0.194112	14.50368
0.194387	7.993679
0.194662	22.67755
0.194938	14.1884
0.195213	11.36849
0.195488	9.69717
0.19576300000000002	11.45481
0.19603900000000002	7.968585
0.19631400000000002	20.18849
0.196589	19.67113
0.196864	4.617453
0.19714	11.32585
0.197415	9.923019
0.19769000000000003	8.948113
0.197965	14.03604
0.198241	12.0683
0.19851600000000003	15.20094
0.19879100000000002	11.61264
0.19906600000000002	14.42943
0.19934200000000002	15.01642
0.19961700000000002	8.544811
0.19989200000000001	16.73708
0.20016699999999998	7.528491
0.20044300000000004	21.63566
0.200718	8.961321
0.20099300000000003	12.8217
0.20126900000000003	18.27726
0.201544	11.48623
0.20181900000000003	18.06491
0.202094	10.22236
0.20237	7.723679
0.20264500000000002	13.18708
0.20292	5.865189
0.20319500000000001	15.99472
0.203471	10.75292
0.20374599999999998	10.23604
0.204021	8.263208
0.204296	14.54632
0.20457200000000003	9.903302
0.204847	10.03811
0.205122	13.00962
0.20539700000000002	3.111321
0.205673	17.63849
0.20594800000000002	6.276226
0.20622300000000002	13.355
0.206498	11.3933
0.206774	13.00972
0.207049	12.79104
0.20732400000000004	12.12104
0.207599	4.965283
0.207875	11.4917
0.20815000000000003	15.07585
0.208425	6.445189
0.20870000000000002	8.980094
0.20897600000000002	12.00934
0.209251	8.444717
0.20952600000000002	10.28858
0.20980100000000002	2.571604
0.21007699999999999	10.21953
0.210352	8.779151
0.210627	10.59566
0.21090200000000003	11.17434
0.211178	1.582453
0.211453	1.267358
0.21172800000000003	6.24
0.212003	5.725943
0.21227900000000002	11.02113
0.21255400000000002	7.910094
0.212829	13.40623
0.21310400000000002	2.824811
0.21338000000000001	15.08594
0.21365500000000004	10.64113
0.21393	2.838396
0.21420499999999998	5.298585
0.21448100000000003	11.19151
0.214756	17.43094
0.21503100000000003	6.665283
0.215306	6.097736
0.215582	13.21698
0.21585700000000002	6.668208
0.216132	11.85547
0.21640700000000002	6.534906
0.21668300000000001	11.57585
0.21695799999999998	13.16689
0.217233	8.401698
0.217508	11.14802
0.21778400000000003	9.050943
0.218059	6.433774
0.218334	9.59783
0.21860900000000003	11.95377
0.218885	7.635755
0.21916000000000002	1.041981
0.21943500000000002	9.599434
0.21971	8.915849
0.21998600000000001	4.380377
0.220261	11.53849
0.22053600000000004	5.574717
0.220811	7.659151
0.221087	3.903113
0.22136200000000003	8.551604
0.221637	5.439528
0.22191200000000003	5.255755
0.22218800000000002	5.741509
0.222463	9.211509
0.22273800000000002	11.97434
0.22301300000000002	9.251226
0.223289	6.206226
0.223564	6.010094
0.223839	5.398208
0.22411400000000004	5.130283
0.22439	8.195566
0.224665	4.000377
0.22494000000000003	6.379906
0.225215	10.32745
0.22549100000000002	7.696038
0.22576600000000002	6.476226
0.226041	5.085472
0.22631600000000002	2.928019
0.22659200000000002	4.887642
0.22686700000000004	-0.06575472
0.227142	17.21943
0.22741699999999998	11.38726
0.22769300000000003	11.67292
0.227968	9.595755
0.22824300000000003	11.06396
0.228518	4.572547
0.228794	7.014151
0.22906900000000002	5.027075
0.229344	9.714057
0.22961900000000002	9.236887
0.22989500000000002	9.630849
0.23016999999999999	12.40387
0.230445	6.563679
0.23072	11.70028
0.23099599999999998	9.099434
0.231271	12.6383
0.231546	4.272264
0.23182100000000003	10.43509
0.232097	7.938585
0.232372	8.574717
0.23264700000000002	5.567264
0.232922	13.74792
0.23319800000000002	3.907547
0.233473	13.12179
0.23374799999999998	9.711604
0.234023	6.330472
0.234299	8.995755
0.23457400000000003	2.773962
0.234849	2.311321
0.23512400000000003	3.761415
0.23540000000000003	18.42745
0.235675	4.637075
0.23595000000000002	1.672642
0.23622500000000002	8.804057
0.236501	13.93066
0.23677600000000001	5.64566
0.237051	6.791604
0.23732600000000004	4.272264
0.237602	4.880566
0.237877	11.96991
0.23815200000000003	3.169434
0.238427	8.588962
0.23870300000000003	3.474906
0.23897800000000002	2.361226
0.239253	4.397547
0.23952900000000002	9.655094
0.23980400000000002	9.611887
0.24007900000000004	6.078585
0.240354	6.668679
0.24063	10.68528
0.24090500000000004	6.33934
0.24118	4.449811
0.24145500000000003	5.991038
0.24173100000000003	3.110283
0.242006	11.7734
0.24228100000000002	12.89038
0.242556	10.56925
0.242832	9.150943
0.24310700000000002	-0.7836792
0.243382	3.165755
0.243657	1.578208
0.243933	-2.585943
0.24420799999999998	8.413585
0.244483	6.311321
0.244758	3.59566
0.24503400000000003	4.709623
0.245309	5.487925
0.245584	8.364906
0.24585900000000002	2.166415
0.246135	0.9925472
0.24641000000000002	6.824623
0.24668500000000002	-4.470094
0.24695999999999999	2.52
0.247236	3.109057
0.247511	3.024623
0.24778600000000003	4.073208
0.248061	6.309434
0.248337	10.15651
0.24861200000000003	7.376792
0.248887	10.72123
0.24916200000000002	10.55462
0.24943800000000002	7.676321
0.249713	5.571132
0.24998800000000002	8.078679
0.250263	10.13472
0.250539	10.15283
0.25081400000000004	4.757075
0.251089	8.009528
0.25136400000000003	9.732453
0.25164000000000003	11.10934
0.251915	7.462453
0.25219	9.665094
0.252465	10.90396
0.25274100000000005	8.983585
0.253016	3.392547
0.25329100000000004	2.636792
0.253566	14.06717
0.253842	7.610189
0.25411700000000004	-3.263113
0.254392	5.241604
0.25466700000000003	-1.364434
0.25494300000000003	4.828491
0.255218	12.35274
0.255493	6.94
0.255768	5.093774
0.256044	5.282736
0.256319	6.156509
0.256594	6.073208
0.256869	3.317547
0.257145	5.843396
0.25742	3.233491
0.257695	4.601509
0.25797	9.613491
0.25824600000000003	3.068396
0.258521	10.77283
0.25879599999999997	5.216038
0.259071	7.109434
0.259347	2.800189
0.259622	4.65283
0.259897	5.244906
0.260172	7.043962
0.260448	13.99491
0.260723	14.40651
0.260998	10.91189
0.26127300000000003	6.643962
0.261549	5.694623
0.261824	8.548679
0.262099	8.424245
0.26237400000000005	7.461792
0.26265	7.516038
0.262925	4.510566
0.26320000000000005	6.09566
0.263475	4.347736
0.263751	-1.239906
0.26402600000000004	4.252642
0.264301	2.691321
0.26457600000000003	8.608585
0.26485200000000003	9.83283
0.265127	8.793585
0.265402	9.035
0.265677	9.956604
0.26595300000000005	5.334434
0.266228	7.778396
0.266503	8.058868
0.266778	2.277453
0.267054	5.845283
0.26732900000000004	6.724151
0.267604	6.618868
0.267879	4.785
0.26815500000000003	5.175
0.26843	10.99075
0.268705	5.190943
0.26898	1.922925
0.269256	6.489434
0.269531	0.7050943
0.269806	7.517925
0.270081	7.870943
0.270357	8.163396
0.270632	1.894245
0.270907	-0.2900943
0.271182	9.593962
0.27145800000000003	1.354057
0.271733	14.76094
0.27200799999999997	7.493396
0.272283	3.728679
0.272559	4.423396
0.272834	11.3933
0.273109	9.964623
0.273384	7.28566
0.27366	7.861415
0.273935	1.673019
0.27421	5.470943
0.27448500000000003	9.113019
0.274761	6.004245
0.275036	8.592264
0.27531100000000003	9.765849
0.27558600000000005	0.614717
0.275862	12.13962
0.276137	3.143679
0.27641200000000005	4.268113
0.276687	5.909623
0.276963	12.13302
0.27723800000000004	5.457925
0.277513	6.49
0.27778800000000003	0.8487736
0.27806400000000003	8.472264
0.278339	12.81953
0.27861400000000003	6.481509
0.27889	6.658585
0.27916500000000005	0.8791509
0.27944	1.626981
0.279715	2.694811
0.27999100000000005	7.748585
0.280266	0.704434
0.28054100000000004	-3.120943
0.280816	5.803962
0.281092	9.176792
0.28136700000000003	9.127264
0.281642	5.391604
0.28191700000000003	11.52189
0.282193	7.735566
0.282468	5.935
0.282743	4.123491
0.283018	5.347547
0.283294	8.087264
0.283569	-0.6830189
0.283844	4.403491
0.284119	4.579245
0.284395	3.770283
0.28467	5.397736
0.284945	12.29179
0.28522	4.503019
0.285496	12.67623
0.285771	4.565
0.28604599999999997	1.901226
0.286321	1.899906
0.286597	8.276415
0.286872	9.02717
0.287147	1.556415
0.287422	1.782642
0.287698	2.186981
0.287973	-2.434245
0.288248	5.363679
0.28852300000000003	4.553396
0.288799	4.835472
0.289074	6.038585
0.289349	-1.255377
0.28962400000000005	7.570283
0.2899	15.22151
0.290175	9.39283
0.29045000000000004	3.389906
0.290725	8.186698
0.291001	7.053491
0.29127600000000003	9.21566
0.291551	7.280189
0.29182600000000003	2.096509
0.29210200000000003	3.71066
0.29237700000000005	4.765094
0.292652	5.847358
0.292927	5.695943
0.29320300000000005	3.112358
0.293478	1.218868
0.29375300000000004	1.761132
0.294028	1.945
0.294304	5.106226
0.29457900000000004	-0.3700943
0.294854	9.925094
0.29512900000000003	4.025094
0.29540500000000003	6.004434
0.29568	8.471981
0.295955	5.475377
0.29623	0.6833962
0.296506	6.555849
0.296781	3.437358
0.297056	7.189434
0.297331	12.7367
0.297607	8.489151
0.297882	9.155943
0.298157	8.607642
0.298432	7.729906
0.29870800000000003	1.207264
0.298983	8.039717
0.29925799999999997	7.236132
0.299533	2.286226
0.299809	6.488868
0.300084	8.431038
0.30035900000000004	12.24057
0.300634	2.39434
0.30091	-0.5162264
0.30118500000000004	2.859057
0.30146000000000006	8.691038
0.30173500000000003	8.572642
0.30201100000000003	12.93896
0.30228600000000005	6.390377
0.302561	6.24717
0.30283600000000005	6.072453
0.30311200000000005	1.524906
0.303387	5.162736
0.30366200000000004	1.27434
0.303937	5.756981
0.304213	2.174434
0.30448800000000004	4.881038
0.304763	5.226887
0.30503800000000003	5.015377
0.30531400000000003	4.727736
0.30558900000000006	10.07425
0.305864	6.183679
0.306139	2.02066
0.30641500000000005	9.557736
0.30669	8.40934
0.30696500000000004	5.976415
0.30724	7.754717
0.307516	-0.1982075
0.30779100000000004	3.087547
0.308066	6.367264
0.30834100000000003	2.234623
0.30861700000000003	6.176226
0.308892	10.42283
0.309167	4.204245
0.309442	5.178491
0.309718	8.589717
0.309993	4.74
0.310268	7.175377
0.310543	1.050094
0.310819	5.233208
0.311094	9.743396
0.311369	8.341792
0.31164400000000003	8.156509
0.31192000000000003	1.463585
0.312195	-1.615189
0.31247	4.281415
0.31274500000000005	3.032453
0.313021	4.753019
0.313296	4.99566
0.31357100000000004	0.2572642
0.313846	3.664811
0.314122	10.33481
0.31439700000000004	7.771321
0.31467200000000006	3.198302
0.31494700000000003	1.842358
0.31522300000000003	4.625472
0.31549800000000006	-5.684906
0.315773	-0.624434
0.31604800000000005	12.56302
0.31632400000000005	10.40094
0.316599	9.335
0.31687400000000004	8.095377
0.317149	6.433774
0.317425	6.674245
0.31770000000000004	4.282642
0.317975	2.669434
0.31825100000000006	8.116226
0.31852600000000003	2.011981
0.318801	2.798396
0.319076	5.804811
0.319352	3.00434
0.31962700000000005	8.102642
0.319902	6.707075
0.320177	-2.16434
0.32045300000000004	6.231604
0.320728	10.91434
0.32100300000000004	4.488302
0.321278	2.970566
0.321554	5.030283
0.32182900000000003	3.526132
0.322104	4.972358
0.322379	2.283113
0.322655	8.682453
0.32293	0.439717
0.323205	5.408962
0.32348	2.049717
0.32375600000000004	12.61406
0.324031	5.271604
0.324306	6.972547
0.324581	7.227075
0.324857	2.533679
0.32513200000000003	8.463208
0.325407	4.909906
0.325682	7.702264
0.325958	3.757264
0.326233	4.862925
0.326508	11.7933
0.32678300000000005	4.003962
0.327059	4.89783
0.327334	10.93236
0.32760900000000004	6.986132
0.32788400000000006	1.31434
0.32816	8.270094
0.32843500000000003	6.381509
0.32871000000000006	4.075283
0.328985	4.728774
0.329261	6.945094
0.32953600000000005	5.001415
0.329811	10.60481
0.33008600000000005	3.031132
0.33036200000000004	4.194057
0.330637	2.627736
0.33091200000000004	5.906792
0.331187	5.151226
0.33146300000000006	8.263679
0.33173800000000003	5.989057
0.332013	1.016038
0.33228800000000003	6.483302
0.332564	3.164528
0.33283900000000005	4.953679
0.333114	5.926038
0.333389	5.420849
0.33366500000000004	8.908679
0.33394	9.144151
0.33421500000000004	8.401981
0.33449	3.660472
0.334766	5.096792
0.33504100000000003	5.711415
0.335316	6.755849
0.33559100000000003	9.256415
0.335867	12.34236
0.336142	6.688491
0.336417	4.914151
0.336692	1.653679
0.336968	8.092642
0.337243	9.375943
0.337518	3.522925
0.337793	4.645094
0.338069	0.1478302
0.338344	1.27217
0.338619	2.035
0.33889400000000003	3.482075
0.33917	0.2290566
0.339445	6.490377
0.33972	4.157642
0.33999500000000005	5.510377
0.340271	7.542453
0.340546	4.810566
0.34082100000000004	0.3133019
0.34109600000000007	6.664528
0.341372	5.807075
0.34164700000000003	8.48066
0.34192200000000006	10.85321
0.34219700000000003	6.000377
0.342473	2.152925
0.34274800000000005	9.394151
0.343023	-0.6621698
0.34329800000000005	6.187075
0.34357400000000005	10.73774
0.343849	7.490472
0.34412400000000004	6.012075
0.344399	2.299528
0.34467500000000006	0.9549057
0.34495000000000003	6.017264
0.345225	8.321698
0.34550000000000003	7.175189
0.34577600000000003	6.413962
0.34605100000000005	8.541509
0.346326	11.29698
0.346601	5.153585
0.34687700000000005	5.261321
0.347152	2.718491
0.34742700000000004	3.256604
0.347702	2.185094
0.347978	4.286604
0.34825300000000003	5.745472
0.348528	-0.7758491
0.34880300000000003	6.160849
0.34907900000000003	2.722736
0.349354	12.04651
0.349629	6.243679
0.349904	5.910566
0.35018	10.07462
0.350455	6.852453
0.35073	4.58066
0.351005	1.165
0.351281	7.736698
0.351556	7.158679
0.351831	4.488113
0.35210600000000003	8.215377
0.35238200000000003	14.85726
0.352657	5.445755
0.352932	3.172547
0.35320700000000005	6.640755
0.353483	9.753585
0.353758	-0.9182075
0.35403300000000004	7.579717
0.354308	4.408868
0.354584	9.329717
0.35485900000000004	4.107736
0.35513400000000006	1.526887
0.35540900000000003	6.056132
0.35568500000000003	4.118208
0.35596000000000005	12.77217
0.356235	7.818868
0.35651000000000005	-2.554623
0.35678600000000005	4.637547
0.357061	1.799811
0.35733600000000004	9.506604
0.35761200000000004	3.923396
0.35788700000000007	-1.069623
0.35816200000000004	5.019151
0.358437	4.868962
0.35871300000000006	1.531415
0.35898800000000003	5.54934
0.35926300000000005	7.956887
0.359538	5.682736
0.359814	-0.4349057
0.36008900000000005	0.829717
0.360364	2.452358
0.36063900000000004	9.093868
0.36091500000000004	4.148208
0.36119	3.092453
0.36146500000000004	5.646604
0.36174	11.08104
0.362016	2.946321
0.36229100000000003	-0.2323585
0.362566	3.422264
0.362841	5.676038
0.363117	5.428491
0.363392	5.371981
0.363667	9.364151
0.363942	0.4470755
0.36421800000000004	3.800283
0.364493	5.685
0.364768	7.290566
0.365043	8.484528
0.365319	11.14094
0.36559400000000003	3.04
0.365869	4.805283
0.366144	3.391509
0.36642	10.38179
0.366695	6.375943
0.36697	1.410943
0.36724500000000004	1.015566
0.367521	6.594245
0.367796	1.671226
0.36807100000000004	3.816509
0.36834600000000006	4.116132
0.368622	-0.003301887
0.36889700000000003	3.232075
0.36917200000000006	10.13321
0.369447	3.599057
0.369723	7.148679
0.36999800000000005	1.483113
0.370273	9.863774
0.37054800000000004	9.824623
0.37082400000000004	3.169057
0.371099	0.4396226
0.37137400000000004	1.193679
0.371649	-2.606132
0.37192500000000006	5.159151
0.37220000000000003	2.259245
0.372475	5.422642
0.37275	6.299434
0.373026	2.298774
0.37330100000000005	-0.9075472
0.373576	-2.177642
0.37385100000000004	11.49566
0.37412700000000004	3.591604
0.374402	2.570283
0.37467700000000004	4.256792
0.374952	1.803491
0.375228	5.79566
0.37550300000000003	6.639906
0.375778	6.071792
0.376053	7.734057
0.376329	3.984057
0.376604	2.334245
0.376879	12.07896
0.377154	13.34415
0.37743000000000004	3.163019
0.377705	2.707264
0.37798	9.250189
0.378255	8.952547
0.378531	7.72783
0.37880600000000003	-0.7478302
0.379081	4.851981
0.379356	8.681509
0.379632	5.65434
0.379907	9.736887
0.380182	6.854623
0.38045700000000005	4.141321
0.380733	10.4433
0.381008	2.64217
0.38128300000000004	2.77
0.38155800000000006	6.119434
0.381834	8.462642
0.38210900000000003	9.44066
0.38238400000000006	1.90783
0.382659	-0.2577358
0.382935	9.652547
0.38321000000000005	3.160189
0.383485	3.727925
0.38376000000000005	-3.698208
0.38403600000000004	5.465755
0.384311	7.774906
0.38458600000000004	5.713585
0.384861	1.890566
0.38513700000000006	1.468679
0.38541200000000003	5.168113
0.385687	7.887736
0.385962	7.734528
0.386238	2.124623
0.38651300000000005	5.879717
0.386788	7.615755
0.387063	6.945
0.38733900000000004	2.633585
0.387614	7.284906
0.38788900000000004	6.443113
0.388164	0.8488679
0.38844	3.456887
0.38871500000000003	7.07
0.38899	6.784057
0.389265	2.184717
0.389541	2.826415
0.389816	4.723019
0.390091	7.046792
0.390366	1.211981
0.390642	6.749906
0.390917	4.257264
0.391192	6.304623
0.391467	3.281887
0.391743	6.926509
0.39201800000000003	7.954151
0.392293	2.608113
0.39256800000000003	3.182925
0.392844	11.19434
0.393119	5.656321
0.393394	3.224245
0.39366900000000005	9.762264
0.393945	2.528679
0.39422	11.40642
0.39449500000000004	2.551415
0.39477000000000007	3.73283
0.395046	9.426792
0.39532100000000003	5.836792
0.39559600000000006	1.955755
0.39587100000000003	3.500377
0.396147	6.226132
0.39642200000000005	7.133396
0.396697	7.107642
0.396973	6.800566
0.39724800000000005	8.104623
0.397523	3.092453
0.39779800000000004	4.306321
0.39807400000000004	0.9074528
0.39834900000000006	-0.280283
0.39862400000000003	6.540094
0.398899	4.095283
0.39917500000000006	2.803302
0.39945	6.017358
0.39972500000000005	5.319434
0.4	5.157925
0.4002760000000001	2.870094
0.40055100000000005	-0.1913208
0.400826	-0.6616981
0.401101	3.394057
0.40137700000000004	9.101226
0.401652	5.845189
0.401927	4.905189
0.40220200000000006	4.082642
0.402478	0.8243396
0.40275299999999997	8.254151
0.40302800000000005	-0.9918868
0.403303	5.231887
0.4035790000000001	6.812264
0.40385400000000005	6.479906
0.404129	3.973019
0.404404	5.456226
0.40468000000000004	-2.365189
0.404955	3.347075
0.40523	-1.431038
0.405505	3.120755
0.405781	9.888679
0.406056	5.089434
0.40633100000000005	0.2828302
0.406606	11.9716
0.40688199999999997	0.03575472
0.40715700000000005	8.007453
0.407432	0.8819811
0.40770700000000004	4.434623
0.40798300000000004	7.190849
0.408258	9.009906
0.40853300000000004	2.712264
0.408808	3.266226
0.409084	6.533302
0.40935900000000003	-1.439811
0.409634	5.154245
0.4099090000000001	5.220283
0.410185	7.134717
0.41046	2.180094
0.4107350000000001	6.209434
0.41101000000000004	8.397075
0.41128600000000004	3.513679
0.41156100000000007	3.22934
0.41183600000000004	2.525943
0.412111	4.066509
0.41238700000000006	9.289528
0.41266200000000003	3.973113
0.412937	6.543113
0.41321199999999997	9.066415
0.413488	-0.2531132
0.413763	-0.09264151
0.4140380000000001	5.764811
0.41431300000000004	6.959717
0.414589	0.5153774
0.41486400000000007	-1.253679
0.41513900000000004	3.429057
0.415414	0.02622642
0.41569000000000006	0.7540566
0.41596500000000003	8.392453
0.41624	4.771792
0.41651499999999997	4.111415
0.416791	5.69066
0.417066	6.205472
0.41734099999999996	11.31651
0.41761600000000004	-3.307075
0.417892	11.18953
0.41816700000000007	3.454717
0.41844200000000004	11.87396
0.418717	12.66868
0.41899300000000006	6.014811
0.41926800000000003	1.886698
0.419543	6.623113
0.419818	3.402075
0.420094	4.527075
0.420369	7.392925
0.420644	10.20802
0.42091900000000004	5.679151
0.421195	1.923774
0.42147	4.67
0.42174500000000004	10.15009
0.42202000000000006	-2.752547
0.422296	3.472264
0.42257100000000003	9.019245
0.42284600000000006	5.90434
0.423121	7.083585
0.423397	8.987925
0.42367200000000005	6.165472
0.423947	5.571226
0.424222	9.171132
0.42449800000000004	5.251415
0.424773	5.898774
0.425048	4.437264
0.42532300000000006	5.747453
0.425599	14.25519
0.4258740000000001	5.013491
0.42614900000000006	-1.530189
0.426424	2.378208
0.4267000000000001	1.913868
0.42697500000000005	-2.066226
0.42725	2.144717
0.427525	6.921226
0.42780100000000004	0.04943396
0.428076	8.80934
0.428351	6.274151
0.42862600000000006	5.417925
0.428902	6.316981
0.429177	2.041321
0.42945200000000006	4.065943
0.429727	2.054906
0.43000299999999997	5.341415
0.43027800000000005	-0.02056604
0.430553	7.345566
0.430828	1.
0.43110400000000004	4.078585
0.431379	9.660849
0.431654	2.859151
0.431929	1.056132
0.432205	10.34217
0.43248	3.548019
0.432755	2.598585
0.43303	1.529245
0.43330599999999997	3.784245
0.43358100000000005	6.238679
0.433856	5.727358
0.43413100000000004	9.384906
0.43440700000000004	1.906792
0.434682	-0.325283
0.43495700000000004	6.730189
0.435232	1.708208
0.435508	15.48613
0.43578300000000003	5.355566
0.436058	4.16783
0.436334	7.269057
0.436609	-3.245189
0.436884	5.478962
0.4371590000000001	3.306604
0.437435	4.196509
0.43771000000000004	3.928962
0.43798500000000007	7.96783
0.43826000000000004	4.214717
0.43853600000000004	11.74689
0.43881100000000006	7.60566
0.43908600000000003	7.443019
0.439361	8.966226
0.43963700000000006	0.3038679
0.439912	3.969245
0.440187	4.797453
0.4404620000000001	7.218774
0.440738	7.613113
0.441013	10.04434
0.44128800000000007	8.053019
0.44156300000000004	1.159906
0.441839	6.020943
0.44211400000000006	4.680849
0.44238900000000003	3.621981
0.442664	10.925
0.44294000000000006	-1.440943
0.443215	9.038396
0.44349	3.421887
0.44376499999999997	1.361792
0.444041	8.883302
0.444316	6.413491
0.44459099999999996	2.496132
0.44486600000000004	-4.084811
0.445142	7.910094
0.44541700000000006	1.746509
0.44569200000000003	6.707925
0.445967	10.60755
0.44624300000000006	6.37283
0.446518	-0.7477358
0.446793	-0.1807547
0.447068	1.693868
0.447344	6.549906
0.447619	8.211415
0.447894	5.711981
0.44816900000000004	0.6863208
0.448445	4.776226
0.44872	0.7133019
0.44899500000000003	11.98481
0.44927000000000006	6.110189
0.449546	2.890943
0.449821	-3.910094
0.45009600000000005	6.785566
0.450371	7.991792
0.450647	4.793302
0.45092200000000005	9.075377
0.451197	-0.0954717
0.451472	10.56236
0.45174800000000004	2.564057
0.452023	2.836415
0.452298	3.632547
0.45257300000000006	4.46717
0.452849	2.286038
0.4531240000000001	-2.787736
0.45339900000000005	7.585943
0.453674	9.310094
0.4539500000000001	5.262736
0.45422500000000005	1.676981
0.4545	5.830377
0.454775	0.7348113
0.45505100000000004	8.409528
0.455326	7.713491
0.455601	-2.019906
0.45587600000000006	5.630377
0.456152	11.60726
0.45642699999999997	4.488396
0.45670200000000005	4.648585
0.456977	3.959528
0.4572530000000001	4.288962
0.45752800000000005	1.293962
0.457803	7.734245
0.458078	5.18717
0.45835400000000004	2.290094
0.458629	12.92887
0.458904	-4.588019
0.459179	0.1999057
0.459455	-4.501415
0.45972999999999997	6.038208
0.46000500000000005	-1.556321
0.46028	2.30783
0.46055599999999997	0.7261321
0.46083100000000005	3.72934
0.461106	6.383585
0.46138100000000004	7.003962
0.46165700000000004	2.294151
0.461932	-1.235755
0.46220700000000003	13.57698
0.462482	4.532925
0.462758	0.1122642
0.46303300000000003	1.572264
0.463308	6.750472
0.4635830000000001	10.07698
0.463859	1.903396
0.464134	6.041981
0.46440900000000007	11.05679
0.46468400000000004	4.849811
0.46496000000000004	11.12783
0.46523500000000007	-2.687925
0.46551000000000003	12.82632
0.465785	9.255566
0.46606100000000006	4.463774
0.46633600000000003	4.832547
0.466611	1.915943
0.46688599999999997	0.5508491
0.467162	-0.2673585
0.467437	9.309245
0.46771200000000007	3.91
0.46798700000000004	-2.674623
0.468263	6.994434
0.46853800000000007	1.493585
0.46881300000000004	3.978585
0.469088	0.6403774
0.46936400000000006	5.633585
0.46963900000000003	6.476604
0.469914	7.961604
0.47018899999999997	3.39566
0.470465	1.262642
0.47074	1.701792
0.47101499999999996	-0.7884906
0.47129000000000004	2.276509
0.471566	8.17934
0.47184100000000007	6.377264
0.47211600000000004	4.419245
0.472391	10.135
0.47266700000000006	2.640377
0.47294200000000003	12.76123
0.473217	5.724528
0.473492	2.371321
0.473768	-1.107925
0.474043	5.691792
0.474318	10.76604
0.474594	2.221415
0.474869	3.872642
0.475144	11.88613
0.47541900000000004	4.521132
0.475695	-3.714245
0.47597	1.311132
0.47624500000000003	3.290189
0.47652000000000005	1.183491
0.47679600000000005	8.475189
0.477071	11.50877
0.47734600000000005	0.4061321
0.477621	-0.6933962
0.477897	7.218019
0.47817200000000004	5.331226
0.478447	1.369811
0.478722	5.798774
0.47899800000000003	10.39528
0.479273	1.82283
0.4795480000000001	6.148679
0.47982300000000006	4.701509
0.480099	6.453396
0.4803740000000001	6.409245
0.48064900000000005	4.199528
0.480924	4.448396
0.48120000000000007	0.7898113
0.48147500000000004	7.591604
0.48175	3.409151
0.482025	7.322453
0.48230100000000004	-0.4231132
0.482576	3.196604
0.482851	5.141509
0.48312600000000006	0.2966038
0.483402	4.955849
0.48367699999999997	8.862736
0.48395200000000005	5.734528
0.484227	-3.226415
0.4845030000000001	0.2111321
0.48477800000000004	5.109151
0.485053	10.53377
0.485328	3.332547
0.48560400000000004	12.67575
0.485879	5.101321
0.486154	10.7966
0.486429	8.338396
0.486705	11.06038
0.48697999999999997	6.22566
0.48725500000000005	9.097075
0.48753	5.123679
0.48780599999999996	9.356415
0.48808100000000004	2.822453
0.488356	7.523774
0.48863100000000004	3.318962
0.48890700000000004	6.374434
0.489182	5.86783
0.48945700000000003	8.169245
0.489732	1.578962
0.490008	6.934623
0.490283	7.419811
0.490558	4.08
0.4908330000000001	7.74566
0.491109	2.025472
0.49138400000000004	6.288491
0.49165900000000007	17.40368
0.49193400000000004	6.723585
0.49221000000000004	2.664811
0.49248500000000006	4.101132
0.49276000000000003	8.549057
0.493035	6.492453
0.49331100000000006	7.37217
0.493586	6.986321
0.493861	10.43047
0.4941360000000001	1.652547
0.494412	9.926509
0.494687	6.278774
0.49496200000000007	5.115943
0.49523700000000004	2.376792
0.495513	4.95
0.49578800000000006	3.665849
0.49606300000000003	5.140943
0.496338	1.662547
0.49661400000000006	3.63717
0.496889	1.139434
0.497164	6.735189
0.49743899999999996	5.429434
0.497715	8.692925
0.49799	12.62123
0.49826499999999996	4.970755
0.49854000000000004	4.583774
0.498816	7.971321
0.49909100000000006	4.745
0.49936600000000003	5.627925
0.499641	2.533019
0.49991700000000006	-2.50066
0.5001920000000001	5.229906
0.500467	6.302358
0.500742	5.096604
0.5010180000000001	6.828774
0.501293	3.03217
0.501568	5.653208
0.501843	4.617642
0.502119	6.940755
0.502394	3.398585
0.502669	7.882925
0.5029440000000001	3.053302
0.50322	4.543868
0.503495	5.179434
0.50377	2.483396
0.504045	5.841887
0.504321	6.616321
0.504596	4.245283
0.504871	15.81311
0.505146	2.228208
0.505422	3.316698
0.505697	3.478491
0.5059720000000001	0.9623585
0.506247	2.672547
0.506523	7.230849
0.5067980000000001	6.77434
0.507073	14.9866
0.507348	9.65717
0.5076240000000001	-4.357736
0.507899	3.643208
0.508174	5.03566
0.508449	1.395755
0.508725	7.412358
0.509	0.5749057
0.509275	8.915943
0.5095500000000001	7.639245
0.509826	2.51717
0.510101	13.01142
0.510376	0.1848113
0.5106510000000001	5.143774
0.510927	6.682547
0.511202	3.339623
0.5114770000000001	6.436509
0.511752	0.400283
0.512028	6.528679
0.5123030000000001	4.380472
0.512578	6.593679
0.512853	10.84028
0.5131290000000001	3.820755
0.513404	10.21717
0.5136790000000001	5.596132
0.513955	2.673396
0.51423	4.219528
0.5145050000000001	3.235755
0.51478	0.06849057
0.515056	-0.1766038
0.5153310000000001	6.693396
0.515606	2.216698
0.515881	3.460849
0.5161570000000001	8.991698
0.516432	3.859057
0.516707	0.09839623
0.5169819999999999	3.616509
0.517258	0.5214151
0.517533	6.419623
0.5178079999999999	2.269906
0.5180830000000001	7.219057
0.518359	3.320849
0.518634	8.503113
0.5189090000000001	9.201698
0.519184	8.925849
0.51946	8.059151
0.5197350000000001	3.220472
0.52001	4.431981
0.520285	5.845
0.520561	7.503302
0.520836	0.09207547
0.521111	5.401509
0.521386	6.426038
0.521662	6.657547
0.521937	10.47236
0.522212	1.474057
0.522487	5.242075
0.5227630000000001	13.60349
0.523038	0.6185849
0.523313	6.056981
0.523588	7.103302
0.523864	8.31934
0.524139	4.323585
0.524414	13.90075
0.524689	1.14717
0.524965	8.510472
0.52524	8.855566
0.5255150000000001	-1.205472
0.5257900000000001	4.947736
0.526066	3.689811
0.5263410000000001	1.876509
0.5266160000000001	5.162642
0.526891	7.857453
0.527167	5.341981
0.5274420000000001	5.243208
0.527717	-0.5231132
0.527992	1.026887
0.5282680000000001	8.427925
0.528543	4.446415
0.528818	4.935755
0.529093	5.70434
0.529369	1.770377
0.529644	5.934434
0.529919	2.364528
0.530194	4.253019
0.5304700000000001	5.945283
0.530745	4.685566
0.53102	2.353302
0.531295	4.265849
0.531571	5.083208
0.531846	0.7034906
0.532121	3.442075
0.532396	11.88651
0.532672	4.328208
0.532947	9.558019
0.5332220000000001	3.402925
0.533497	-0.389434
0.5337729999999999	9.914434
0.5340480000000001	5.897264
0.534323	2.814245
0.534598	2.161415
0.5348740000000001	7.919528
0.535149	4.025849
0.535424	8.902358
0.535699	7.382075
0.535975	1.829245
0.53625	5.854623
0.536525	6.197453
0.5368	6.578208
0.537076	8.266981
0.537351	7.518019
0.537626	-1.795377
0.5379010000000001	4.772642
0.538177	5.771415
0.538452	6.88717
0.5387270000000001	-1.186698
0.539002	9.763019
0.539278	3.846887
0.5395530000000001	5.481604
0.539828	3.159057
0.5401030000000001	-4.286887
0.540379	-0.8669811
0.540654	2.700094
0.5409290000000001	1.70717
0.541204	7.484245
0.54148	7.445755
0.5417550000000001	1.60783
0.54203	6.927925
0.542305	6.426604
0.5425810000000001	6.431321
0.542856	-1.245189
0.543131	9.474245
0.543406	0.03367925
0.543682	8.549245
0.543957	4.231698
0.5442319999999999	1.63066
0.5445070000000001	-1.58217
0.544783	4.486038
0.545058	2.00783
0.5453330000000001	5.197358
0.545608	0.08660377
0.545884	7.151792
0.5461590000000001	5.993302
0.546434	-0.3842453
0.546709	4.504151
0.546985	-1.951981
0.54726	1.108113
0.547535	5.748774
0.54781	0.1941509
0.548086	3.118585
0.548361	11.31821
0.548636	9.10566
0.548911	6.931887
0.549187	1.950189
0.549462	2.544717
0.549737	6.342547
0.5500120000000001	-0.2092453
0.550288	9.953302
0.550563	2.281038
0.550838	13.49736
0.551113	11.58104
0.551389	0.9477358
0.551664	8.975094
0.551939	11.39623
0.5522140000000001	7.094528
0.55249	3.629151
0.5527650000000001	6.641321
0.5530400000000001	9.66283
0.553316	2.809528
0.553591	5.018679
0.5538660000000001	11.06368
0.554141	11.35802
0.554417	8.264717
0.5546920000000001	-0.4126415
0.554967	4.917453
0.555242	6.987453
0.5555180000000001	7.101698
0.555793	4.827642
0.556068	3.61566
0.556343	8.293585
0.556619	7.783019
0.556894	10.82453
0.557169	5.594717
0.557444	-0.8089623
0.5577200000000001	3.828302
0.557995	2.528396
0.55827	3.825943
0.558545	4.218679
0.558821	4.09566
0.559096	4.152453
0.559371	5.233491
0.5596460000000001	8.36283
0.559922	7.034906
0.560197	5.16783
0.5604720000000001	6.436038
0.560747	9.833868
0.5610229999999999	8.202736
0.5612980000000001	5.58934
0.561573	8.914245
0.561848	2.715943
0.5621240000000001	1.563019
0.562399	7.001698
0.562674	8.490094
0.562949	10.7367
0.563225	7.735283
0.5635	3.457736
0.563775	4.444151
0.56405	-5.49783
0.564326	4.713868
0.564601	2.478019
0.564876	-1.093019
0.5651510000000001	4.504623
0.565427	4.874528
0.565702	2.207453
0.5659770000000001	4.472075
0.566252	9.418208
0.566528	5.923868
0.5668030000000001	7.728302
0.567078	6.936038
0.5673530000000001	5.320189
0.567629	-0.6260377
0.567904	3.356132
0.5681790000000001	5.364623
0.568454	-2.080472
0.56873	-1.691226
0.5690050000000001	7.048019
0.56928	1.771415
0.569555	-1.378679
0.5698310000000001	8.228962
0.570106	11.09009
0.570381	3.701415
0.5706559999999999	3.583679
0.570932	9.711321
0.571207	11.32
0.5714819999999999	1.443302
0.5717570000000001	0.05764151
0.572033	8.168302
0.572308	11.10651
0.5725830000000001	3.601415
0.572858	1.343962
0.573134	1.597264
0.5734090000000001	7.44283
0.573684	8.544717
0.573959	8.03434
0.574235	9.481415
0.57451	6.153208
0.574785	12.74726
0.57506	1.96566
0.575336	9.860377
0.575611	4.938962
0.575886	14.75972
0.576161	8.678679
0.5764370000000001	5.488962
0.576712	4.664717
0.576987	7.80217
0.577262	5.800472
0.577538	10.62123
0.577813	-0.02179245
0.578088	9.004811
0.578363	4.783774
0.578639	-1.221509
0.578914	4.028019
0.5791890000000001	4.714434
0.5794640000000001	0.6983019
0.57974	1.135943
0.5800150000000001	11.71075
0.5802900000000001	4.643019
0.580565	11.08925
0.580841	2.82283
0.5811160000000001	3.628962
0.581391	8.45283
0.581666	2.11434
0.5819420000000001	0.8809434
0.582217	0.264717
0.582492	0.4990566
0.582767	8.960094
0.583043	14.31566
0.583318	5.448868
0.583593	7.508302
0.583868	2.007925
0.5841440000000001	9.794528
0.584419	6.419434
0.584694	-0.2454717
0.584969	2.16
0.585245	8.055472
0.58552	2.807547
0.585795	6.872925
0.58607	5.49566
0.586346	0.6721698
0.586621	5.848302
0.5868960000000001	3.796509
0.587171	-0.5553774
0.5874469999999999	1.454528
0.5877220000000001	6.122075
0.587997	8.699906
0.588272	6.490094
0.5885480000000001	4.77217
0.588823	7.799623
0.589098	4.841698
0.589373	9.774717
0.589649	5.82934
0.589924	7.732358
0.590199	9.561509
0.590474	1.112736
0.59075	7.574245
0.591025	10.7633
0.5913	8.932925
0.5915750000000001	3.915377
0.591851	7.577358
0.592126	6.47066
0.5924010000000001	8.930755
0.592677	5.017358
0.592952	5.416132
0.5932270000000001	-2.355094
0.593502	5.851604
0.593778	3.108491
0.594053	6.787075
0.594328	10.65472
0.5946030000000001	5.559245
0.594879	10.76462
0.595154	8.72283
0.5954290000000001	4.555189
0.595704	5.699811
0.5959800000000001	4.812264
0.5962550000000001	9.978774
0.59653	4.790943
0.596805	4.654717
0.5970810000000001	11.15472
0.597356	6.011415
0.597631	3.561132
0.5979059999999999	3.965755
0.598182	1.235189
0.598457	8.304528
0.598732	5.486132
0.5990070000000001	8.474906
0.599283	9.285566
0.599558	9.809623
0.5998330000000001	11.38009
0.6001080000000001	3.997925
0.600384	3.729245
0.600659	5.679717
0.6009340000000001	1.195283
0.601209	4.103208
0.601485	1.269717
0.6017600000000001	12.52774
0.602035	5.314811
0.6023100000000001	7.511509
0.6025860000000001	0.1858491
0.602861	10.89528
0.6031360000000001	6.741981
0.603411	8.976887
0.6036870000000001	13.09849
0.6039620000000001	13.78811
0.604237	3.069811
0.604512	2.399528
0.6047880000000001	4.294811
0.605063	-1.636321
0.605338	3.294057
0.605613	4.347547
0.605889	4.827547
0.606164	16.06292
0.6064390000000001	2.580755
0.6067140000000001	6.130472
0.60699	3.246321
0.607265	4.987925
0.6075400000000001	-8.4
0.607815	4.02566
0.608091	6.694528
0.6083660000000001	7.345943
0.608641	7.069245
0.608916	7.197925
0.6091920000000001	2.831887
0.609467	2.378208
0.609742	8.937453
0.610017	5.151698
0.610293	0.305
0.6105680000000001	4.430472
0.610843	6.752358
0.611118	1.608585
0.6113940000000001	9.519623
0.611669	-2.590189
0.611944	6.082642
0.6122190000000001	15.2367
0.612495	8.588302
0.61277	4.716132
0.6130450000000001	9.69783
0.6133200000000001	7.848019
0.613596	-0.4311321
0.613871	7.614717
0.6141460000000001	7.840377
0.6144210000000001	8.119057
0.614697	8.053868
0.6149720000000001	8.571226
0.6152470000000001	4.186509
0.615522	4.856792
0.6157980000000001	5.943208
0.6160730000000001	7.64566
0.616348	-1.103679
0.616623	3.18283
0.6168990000000001	1.294151
0.617174	-0.984717
0.617449	4.967925
0.617724	7.881981
0.618	11.09642
0.6182750000000001	8.029811
0.61855	7.120755
0.6188250000000001	5.904151
0.6191010000000001	1.241226
0.619376	12.28019
0.6196510000000001	1.16934
0.619926	3.588962
0.620202	4.491415
0.6204770000000001	0.2334906
0.620752	7.89717
0.6210270000000001	-2.49283
0.621303	6.520283
0.621578	8.627736
0.6218530000000001	7.137358
0.622128	-0.229434
0.622404	2.264151
0.6226790000000001	8.641226
0.622954	6.312075
0.623229	1.921887
0.6235050000000001	11.25802
0.62378	9.834811
0.624055	6.371981
0.62433	0.1666038
0.624606	6.643113
0.624881	8.79434
0.625156	1.944906
0.6254310000000001	10.46132
0.625707	2.443302
0.625982	5.721038
0.6262570000000001	-0.8730189
0.6265320000000001	6.560755
0.626808	4.605189
0.6270830000000001	6.935943
0.6273580000000001	0.05830189
0.627633	4.322925
0.627909	7.325189
0.6281840000000001	4.629717
0.628459	5.110377
0.6287340000000001	1.649906
0.6290100000000001	4.330189
0.629285	10.36858
0.6295600000000001	6.908113
0.629835	8.218208
0.6301110000000001	1.023208
0.6303860000000001	9.00217
0.630661	7.02434
0.630936	6.840566
0.6312120000000001	3.07783
0.631487	-2.161887
0.631762	3.233868
0.6320380000000001	-0.5976415
0.632313	0.5973585
0.632588	-5.621604
0.6328630000000001	5.764906
0.633139	12.79047
0.633414	8.735849
0.6336890000000001	6.925283
0.6339640000000001	0.006132075
0.63424	6.893774
0.634515	-1.710094
0.6347900000000001	-1.223585
0.635065	4.293019
0.635341	11.04783
0.6356160000000001	5.795472
0.635891	-3.197925
0.636166	7.901415
0.6364420000000001	2.586226
0.636717	5.046792
0.636992	4.853585
0.637267	5.383868
0.637543	4.600755
0.6378180000000001	7.983679
0.638093	2.351132
0.638368	8.037547
0.6386440000000001	5.617736
0.638919	6.618868
0.639194	10.24057
0.6394690000000001	2.59066
0.639745	8.332736
0.64002	0.3060377
0.6402950000000001	-0.8012264
0.6405700000000001	1.714245
0.640846	6.179623
0.641121	-1.756792
0.6413960000000001	5.527642
0.6416710000000001	-4.263113
0.641947	4.187736
0.6422220000000001	-1.022736
0.6424970000000001	8.65566
0.642772	2.398868
0.6430480000000001	5.78434
0.6433230000000001	5.472736
0.643598	-1.539245
0.643873	1.812736
0.6441490000000001	10.55142
0.644424	8.835566
0.6446990000000001	3.031604
0.644974	6.536604
0.64525	9.196321
0.6455250000000001	2.758868
0.6458	3.253868
0.6460750000000001	1.231604
0.6463510000000001	8.207358
0.646626	9.253302
0.6469010000000001	-1.403208
0.647176	0.1046226
0.647452	12.00925
0.647727	6.809151
0.648002	3.489245
0.6482770000000001	1.430943
0.648553	4.659057
0.648828	3.765094
0.6491030000000001	7.842075
0.649378	1.420094
0.6496540000000001	5.679906
0.6499290000000001	3.986321
0.650204	3.781415
0.650479	5.769151
0.6507550000000001	0.9491509
0.65103	2.33934
0.651305	0.5279245
0.65158	1.473396
0.651856	2.442358
0.652131	7.290189
0.652406	5.760849
0.6526810000000001	0.7919811
0.652957	1.219151
0.653232	9.035849
0.6535070000000001	0.1943396
0.6537820000000001	8.704245
0.654058	7.907264
0.654333	3.299717
0.6546080000000001	0.6649057
0.654883	0.6716038
0.655159	4.227736
0.6554340000000001	2.526321
0.655709	11.02557
0.6559840000000001	0.006415094
0.6562600000000001	3.511132
0.656535	-1.134717
0.6568100000000001	-1.458962
0.657085	4.291981
0.6573610000000001	2.82283
0.6576360000000001	2.934717
0.657911	17.49821
0.658186	5.296038
0.6584620000000001	-2.254811
0.658737	7.788396
0.659012	7.26217
0.659287	1.037547
0.659563	4.550472
0.659838	2.109623
0.6601130000000001	7.20217
0.6603880000000001	3.805283
0.660664	12.36745
0.660939	6.825755
0.6612140000000001	5.474057
0.661489	4.845566
0.661765	12.59991
0.6620400000000001	9.175566
0.662315	-3.612075
0.66259	3.774811
0.6628660000000001	-1.662736
0.663141	8.255094
0.663416	-5.586321
0.663691	11.07075
0.663967	3.011415
0.6642420000000001	-8.221509
0.664517	8.667453
0.664792	8.162075
0.6650680000000001	2.483396
0.665343	4.663208
0.665618	-6.210943
0.6658930000000001	5.861887
0.666169	6.841038
0.666444	-2.088208
0.6667190000000001	6.989057
0.6669940000000001	0.5463208
0.66727	6.682642
0.667545	7.293396
0.6678200000000001	12.98585
0.6680950000000001	-0.7008491
0.668371	1.389717
0.6686460000000001	6.093396
0.6689210000000001	6.217358
0.669196	1.426132
0.6694720000000001	3.582453
0.6697470000000001	9.346038
0.670022	-5.623208
0.670297	3.218868
0.6705730000000001	2.428868
0.670848	-5.623679
0.671123	3.396132
0.6713990000000001	8.622358
0.671674	7.917358
0.6719490000000001	6.890189
0.672224	1.267075
0.6725	-0.7322642
0.6727750000000001	3.583019
0.67305	7.575943
0.6733250000000001	11.55406
0.6736010000000001	-0.2283019
0.673876	3.051132
0.6741510000000001	1.496698
0.674426	8.351792
0.674702	2.202642
0.674977	12.55245
0.675252	3.290472
0.6755270000000001	10.6133
0.675803	-2.337358
0.676078	9.131132
0.6763530000000001	1.266604
0.676628	0.1741509
0.6769040000000001	16.89236
0.6771790000000001	2.709717
0.677454	4.100849
0.677729	1.640189
0.6780050000000001	17.02821
0.67828	-1.576981
0.678555	4.67217
0.67883	0.8309434
0.679106	8.900566
0.679381	3.614811
0.679656	-8.623585
0.6799310000000001	-3.727358
0.680207	0.5056604
0.680482	-0.02066038
0.6807570000000001	3.125566
0.6810320000000001	6.220472
0.681308	0.05716981
0.681583	7.232925
0.6818580000000001	6.468585
0.682133	13.24179
0.682409	8.332075
0.6826840000000001	5.191038
0.682959	11.79519
0.6832340000000001	4.722358
0.6835100000000001	1.87434
0.6837850000000001	-3.989906
0.6840600000000001	6.595283
0.684335	2.823962
0.6846110000000001	0.8480189
0.6848860000000001	-0.6819811
0.685161	4.988019
0.685436	11.73019
0.6857120000000001	1.66434
0.685987	6.713491
0.686262	6.754811
0.6865370000000001	11.73387
0.686813	5.525472
0.687088	8.643302
0.6873630000000001	-5.898679
0.6876380000000001	7.420566
0.687914	2.361792
0.688189	-4.921698
0.6884640000000001	3.306509
0.688739	3.07
0.689015	-0.2996226
0.6892900000000001	6.771321
0.689565	9.696981
0.68984	-5.501887
0.6901160000000001	1.261981
0.690391	8.708962
0.690666	11.50642
0.690941	-4.023019
0.691217	-1.269811
0.6914920000000001	-4.969057
0.691767	6.697075
0.692042	15.84387
0.6923180000000001	1.572925
0.692593	7.710283
0.692868	7.80566
0.6931430000000001	7.351509
0.693419	4.559717
0.693694	8.457453
0.6939690000000001	8.318491
0.6942440000000001	1.081038
0.69452	0.8450943
0.694795	15.09726
0.6950700000000001	-4.054528
0.6953450000000001	11.25925
0.695621	11.33858
0.6958960000000001	5.981509
0.6961710000000001	7.773679
0.696446	-4.25283
0.6967220000000001	11.03679
0.6969970000000001	-5.260377
0.697272	-5.218396
0.697547	7.728585
0.6978230000000001	1.192547
0.698098	22.05651
0.6983730000000001	1.880377
0.698648	4.557358
0.698924	-1.956038
0.6991990000000001	12.33472
0.699474	-4.214528
0.6997490000000001	-1.250849
0.7000250000000001	-3.981887
0.7003	4.958019
0.7005750000000001	-12.8283
0.70085	21.56208
0.701126	-3.820566
0.701401	-3.767075
0.701676	-16.13774
0.7019510000000001	-3.265094
0.702227	13.48538
0.702502	4.20783
0.7027770000000001	-2.106226
0.703052	11.31226
0.7033280000000001	8.471415
0.7036030000000001	5.974245
0.703878	-9.910943
0.704153	-8.693679
0.7044290000000001	13.17934
0.704704	10.86142
0.704979	0.7734906
0.705254	7.390755
0.70553	13.14094
0.705805	1.38717
0.70608	-9.628679
0.7063550000000001	-4.127264
0.706631	5.856321
0.706906	24.10547
0.7071810000000001	12.05387
0.7074560000000001	-9.392358
0.707732	-2.411887
0.708007	3.325189
0.7082820000000001	10.81519
0.708557	-5.511887
0.708833	-14.36047
0.7091080000000001	9.009151
0.709383	-11.26528
0.709659	1.76
0.7099340000000001	-5.051698
0.710209	-8.615472
0.7104840000000001	11.10189
0.7107600000000001	8.632264
0.7110350000000001	-10.30406
0.7113100000000001	-1.661792
0.711585	-19.93943
0.7118610000000001	8.324717
0.7121360000000001	10.20283
0.712411	17.52632
0.712686	-2.290094
0.7129620000000001	-5.228585
0.713237	13.89575
0.713512	-5.381321
0.7137870000000001	-1.563019
0.714063	-1.647358
0.714338	-9.898113
0.714613	6.005566
0.7148880000000001	-8.464906
0.7151640000000001	-3.078962
0.715439	-6.704623