-13.201 -6.296 -53.957
-10.703 -3.406 -53.291
-9.54 -3.087 -49.639
-11.02 0.322 -48.639
-8.614 1.85 -46.053
-10.787 3.126 -43.162

-9.634 6.195 -41.181
-10.061 4.9 -37.589
-10.286 6.838 -34.306
-12.195 7.103 -30.979
-14.163 9.439 -28.711
-12.619 10.223 -25.263
-14.157 12.207 -22.344

-11.943 15.248 -21.466
-14.301 16.978 -18.949
-17.827 16.65 -17.399
-19.139 18.761 -20.353

-16.752 17.96 -23.312
-15.482 14.956 -25.281
-12.62 14.751 -27.824
-12.437 12.939 -31.204
-8.982 11.264 -31.393
-8.672 10.357 -35.1

-6.282 10.744 -38.079
-6.98 13.557 -40.6
-9.895 13.022 -43.051

-11.208 15.853 -45.293
-14.92 14.856 -45.011
-14.611 14.37 -41.226
-13.015 17.857 -40.827
-15.875 19.254 -42.999
-18.403 17.482 -40.669
-16.559 18.759 -37.515
-16.844 22.341 -38.957

-20.697 21.797 -39.029
-20.861 21.033 -35.24
-22.116 23.933 -33.104
-20.016 23.255 -29.939
-16.791 22.621 -31.971

-13.393 23.436 -30.391
-10.011 22.816 -32.063
-6.805 22.812 -29.99

-3.883 23.919 -32.209
-1.328 22.314 -29.773
-2.753 18.736 -29.691
-4.334 19.137 -33.217

-7.578 17.622 -31.79
-11.313 18.386 -31.995
-13.683 18.544 -28.991
-17.466 19.001 -28.65
-20.131 19.402 -25.91

-21.257 16.038 -24.476
-24.923 16.743 -25.497
-23.731 16.722 -29.178
-22.178 13.179 -28.839
-25.228 11.354 -30.322
-25.57 14.044 -33.093
-21.852 13.682 -34.021
-21.815 9.829 -34.037
-25.045 9.774 -36.128
-23.507 12.176 -38.75
-20.093 10.348 -38.803

-21.793 6.948 -39.527
-22.962 8.546 -42.834
-19.328 9.196 -43.991
-17.677 6.563 -46.261
-14.251 5.2 -45.121

-14.46 6.789 -41.562
-14.765 4.819 -38.279
-15.142 6.964 -35.114
-15.663 4.659 -32.101

-18.218 6.249 -29.657
-17.862 6.903 -25.912
-18.35 3.469 -24.195

-21.794 2.549 -22.772
-20.235 2.829 -19.255
-19.534 6.58 -19.812
-22.964 7.196 -21.431
-24.623 5.531 -18.378
-22.42 7.523 -15.909

-23.028 10.919 -17.654
-26.668 10.153 -18.714
-27.851 13.482 -17.123

-25.214 15.594 -18.963
-26 13.8 -22.296
-29.631 15.147 -21.909

-29.3938 18.6797 -20.6836
-29.3457 22.4416 -20.1598
-27.4885 25.5943 -19.0968
-24.0369 24.1674 -19.6555
-21.4503 24.4896 -22.4034
-20.5603 27.9624 -21.1091
-18.1972 27.2449 -18.3344
-17.6449 23.5321 -18.9253
-14.2166 22.2338 -19.9437
-13.58 25.28 -17.9214
-15.5862 24.2288 -14.7632
-18.4002 22.681 -12.7866
-16.0233 19.748 -13.1672
-12.2375 19.7155 -13.9624
-12.2567 18.6224 -10.4006
-11.8762 19.5422 -6.82478
-8.84188 17.2839 -6.25239
-9.71142 14.73 -3.6717
-9.46289 11.5322 -5.71351

-6.85395 12.3445 -8.3548
-4.05274 11.0948 -6.11108
-5.89828 7.83748 -5.45784
-6.44294 7.28734 -9.17854
-2.75885 7.87488 -9.90325

0.905146 6.68688 -10.2623
0.956146 6.68888 -14.1283
3.19815 9.45388 -15.5373

1.53715 11.5589 -18.3603
3.41215 9.64988 -21.1273
2.57915 6.26888 -19.4573
-1.15285 7.27388 -19.4463
-0.918854 8.18488 -23.1763
0.700146 4.72188 -23.7773
-2.14485 2.94188 -21.8793
-4.71985 4.95088 -23.9323
-2.91185 4.03188 -27.2273
-2.78685 0.325881 -26.2383
-6.55285 0.357881 -25.3953
-7.38085 2.20988 -28.6883

-5.32985 -0.488119 -30.5953
-7.57085 -3.08512 -28.7933
-4.86885 -4.43312 -26.3933

-2.70885 -5.78012 -29.2973
0.687146 -4.01512 -29.3603
4.43415 -4.12112 -28.8443
5.34815 -1.59212 -26.1023

6.26762 2.01961 -25.2723
5.46896 5.37134 -23.9115
5.7254 8.04524 -26.704
6.60025 11.5669 -28.0057
4.25793 13.9142 -26.1784
3.49944 11.646 -23.1333
0.366765 11.1906 -21.0903

-2.17818 14.013 -21.0893
-0.380455 15.7628 -18.2346
2.9494 15.5112 -20.0489
1.44426 16.9753 -23.2165
-0.0393527 19.8896 -21.2802
3.30511 20.6221 -19.6307
5.07662 20.6056 -22.9929
2.52549 23.0115 -24.458
2.93634 25.388 -21.5209
6.71803 25.3515 -21.8956
6.45457 26.1198 -25.6081
4.12013 29.0425 -24.9364
6.49631 30.4682 -22.3356
9.42979 30.2205 -24.739

11.2658 28.1215 -27.447
13.6898 26.2095 -25.099
15.3348 23.6645 -24.339

18.5418 25.6295 -25.021
21.7648 23.9405 -26.24
25.0808 25.7495 -25.512
28.1838 24.3385 -27.286
31.4868 25.7205 -25.906

35.2658 25.0615 -25.523
35.8998 22.2575 -22.942
37.4598 24.7725 -20.416
34.6268 27.4375 -20.31

31.5578 25.2095 -19.506
31.4208 26.3245 -15.834
32.1618 29.9755 -16.879
28.9508 29.7735 -19.003
26.9018 28.1805 -16.134
28.0478 30.9975 -13.78
27.2068 33.5535 -16.54
23.5938 32.1885 -16.749
23.2338 32.2175 -12.898
24.7198 35.7775 -12.786
22.4928 37.2725 -15.531

19.1948 35.2685 -15.269
18.4648 35.0275 -11.453
14.9278 33.8685 -12.561
16.5518 30.3765 -13.103
17.2858 27.7925 -10.392

20.6838 25.9735 -10.652
18.6778 22.7575 -11.429
17.5358 24.4105 -14.718

21.2248 24.2615 -15.933
22.8108 20.9535 -17.021
26.6348 21.0365 -17.428

30.2921 20.7549 -18.5352
33.9557 21.2063 -17.7263
37.4858 21.6075 -16.5263
36.6909 24.9797 -14.9776
33.3165 26.7758 -14.5224
32.6781 24.0808 -12.0168
34.3442 22.3381 -9.13973
31.7121 21.5472 -6.52436
31.9142 17.89 -7.48183
34.5137 15.2031 -7.14599
32.5009 14.9899 -3.86901
28.7125 15.5281 -3.29363

29.1131 17.6276 -0.118637
26.8866 15.9707 2.59704
24.7457 14.5735 5.35694
22.4521 11.534 5.49949
20.5029 8.42937 6.06404

21.3739 7.98437 2.35004
23.2749 4.71537 3.14804
20.1989 3.17837 4.88604
17.7319 3.95537 1.99504

20.1232 2.99958 -0.772585
22.9839 1.8029 -2.85548
26.2218 3.53891 -3.46129
23.9312 6.46116 -2.93862
22.7735 9.77694 -1.73794
19.5586 10.4223 0.23562
16.61 11.4178 -2.03972
16.9803 12.7685 -5.53693
16.889 16.323 -6.818
14.6134 16.3495 -9.73686
13.248 12.8926 -9.86771
10.9741 9.74064 -10.0215

13.0087 7.32464 -7.8147
11.3731 6.77322 -4.4058
10.0397 5.85661 -1.05439

13.5297 4.89161 -2.29639
16.3847 6.76461 -0.597393
19.7057 7.13661 -2.50539

17.9807 5.64961 -5.62539
21.2817 5.79461 -7.62439
21.7947 2.25961 -6.11239
19.2727 1.13561 -8.83239

21.4887 2.56561 -11.7104
22.1857 -0.907392 -13.2674
19.1337 -2.98139 -14.3924
21.0527 -6.34639 -14.2944
21.6607 -6.11439 -10.4954

19.4957 -8.26739 -8.16439
18.4787 -5.12039 -6.14339
17.2147 -3.40739 -9.34939
15.4607 -6.59139 -10.6624
13.5857 -6.90339 -7.30439
12.7337 -3.13539 -6.98839
11.5817 -2.35139 -10.5814
8.34673 -4.52139 -10.6594
7.08573 -2.78439 -7.45539
8.04273 0.729608 -8.72039
6.15373 0.175608 -12.0424

2.89873 -0.925392 -10.2324
2.97473 1.35761 -7.12139
0.674729 4.45961 -7.36039

3.22073 6.88561 -5.76039
7.02773 6.65461 -6.28539
9.27773 9.07861 -4.36639
12.9017 8.54461 -5.47939
15.6197 10.4806 -3.56839

19.3077 11.0666 -4.47539
22.0487 13.7136 -4.08339
23.7567 12.3026 -7.19339
21.0447 10.7796 -9.48839
23.7837 9.98061 -12.0014
27.2027 9.04561 -10.5334
29.2257 9.27461 -13.8124
27.0867 8.81661 -17.0204

23.5607 9.41361 -18.5404
22.9017 5.60561 -18.7574
22.6447 5.48361 -14.8794
19.4277 7.63161 -15.0354
17.4187 5.15561 -17.1844
16.1427 2.97561 -14.2704
15.0657 6.10961 -12.2994
13.3087 7.59561 -15.4144
11.2877 4.36361 -16.0324
10.5017 4.07561 -12.2704
8.94273 7.61861 -12.2524

7.43973 7.34761 -15.8284
7.05473 3.63161 -16.9134
5.87473 4.75061 -20.4364
9.11173 6.71161 -21.1644
11.7097 4.76561 -23.2484
10.1467 1.21661 -22.8854
13.4707 -0.215392 -24.2274

16.9457 0.982608 -23.0854
18.3277 0.979608 -26.6884
16.1807 4.03461 -27.6864
17.4817 5.97061 -24.6154
21.0817 4.80261 -25.3244
21.0187 5.83961 -29.0404
19.8087 9.36761 -28.0864
21.6437 10.1816 -24.7984

24.5367 7.65061 -24.4204
26.1957 8.13361 -27.8984
25.5477 4.42461 -28.5144

28.1247 2.77761 -30.8454
27.8757 -0.570392 -32.6874

31.1557 -2.41339 -31.9304
32.1517 -5.89539 -33.3584
31.1017 -7.46239 -29.9714

27.7457 -5.56939 -29.5644
26.5817 -2.08639 -28.4704
28.6717 0.338608 -26.3884

26.6607 2.80961 -24.1944
29.5917 4.42561 -22.2354
29.2607 7.75261 -24.1284
27.0417 10.8396 -23.7824
24.9137 12.8996 -26.2214
22.1587 15.5946 -26.2994

22.6187 16.3116 -22.5244
20.7877 19.7096 -22.6234
17.6877 17.9336 -24.0804
18.0127 15.2196 -21.3764
18.1937 17.9876 -18.6834
14.9857 19.6256 -20.0524
13.1527 16.2306 -20.1614
14.2647 15.4076 -16.5744
13.2057 18.8056 -15.0874
9.80373 18.8556 -16.9004
8.62673 15.2466 -16.3654
10.8577 13.2446 -13.8994

12.9907 15.3026 -11.5154
12.9327 18.1966 -9.04439
16.5357 19.4386 -8.51139
17.8427 22.4396 -6.52239
21.4177 23.2746 -5.54839

22.9437 24.7586 -2.32039
23.5547 27.9626 -4.34239
19.7997 28.2116 -5.24239
18.3597 27.8416 -1.68239

21.1707 28.3366 0.939607
23.1317 31.5716 0.108607
24.5457 31.3346 3.70861
26.5507 28.0666 3.29261
30.3497 28.7606 3.27761
32.1027 28.0266 -0.0463927

33.7587 24.6566 -0.789393
37.3747 25.5046 -1.76739
38.9117 22.6146 -3.76939
42.5907 22.1166 -4.71639
44.9527 19.5076 -6.11839
47.9937 18.8126 -3.87739

50.8127 17.2586 -5.93239
52.5927 15.0576 -3.34139
56.3077 14.8766 -4.15139

57.2917 11.6456 -6.07439
60.9067 12.1166 -4.74639

59.8687 9.92461 -1.72439
58.8277 7.13561 -4.20939
61.9657 4.95461 -4.14339

63.4717 3.68161 -7.44139
62.1597 0.0636079 -6.90039
58.5377 1.26161 -6.34939
58.8147 3.59161 -9.41039
60.2437 0.746608 -11.5624
57.3057 -1.47039 -10.3774
54.7597 1.26461 -11.3754
56.5567 1.66261 -14.7654
56.4697 -2.16339 -15.1964
52.6967 -2.47239 -14.4484
52.0087 0.579608 -16.7164
53.9637 -1.09639 -19.6034
52.1897 -4.40939 -18.8124
48.6927 -2.85739 -19.3964
49.7837 -1.52639 -22.8674

51.2637 -4.85639 -24.1194
49.4337 -5.95439 -27.3244
49.5747 -9.73439 -26.7894
47.7037 -9.89539 -23.4044
44.1307 -11.1234 -22.8974

41.3347 -8.73639 -21.7434
41.6537 -10.3984 -18.2804
45.4757 -9.93939 -17.9914
44.9247 -6.23739 -18.9624
42.3357 -5.88439 -16.0874
44.7037 -7.70439 -13.6504
47.6527 -5.41239 -14.6074
45.3017 -2.37439 -14.1514
44.2867 -3.57639 -10.6274
48.0017 -4.15739 -9.82039
48.9717 -0.636392 -11.0924
46.1447 0.902608 -8.97739
47.0997 -1.04639 -5.77939
50.8327 -0.129392 -6.34639
49.7827 3.56061 -6.70639
48.1317 3.37161 -3.24639
51.2917 1.79061 -1.67739
53.5917 4.35161 -3.40539
51.5927 7.32561 -1.95939
51.5397 6.12961 1.73861
54.8267 7.88261 2.87561
53.8897 11.3156 1.40361
50.2047 10.9606 2.44361
51.5457 10.4126 6.01461
54.0177 13.3556 5.62761
51.0907 15.6066 4.54461
48.7787 14.4546 7.43461
51.5837 15.2226 9.94561
52.2377 18.6726 8.32061
48.4887 19.4696 8.79661
48.6157 18.4586 12.5216
51.9407 20.3236 13.1116

50.2827 23.4026 11.4286
47.8027 23.3876 14.4026
44.6337 22.0906 12.6116
41.9397 21.1376 15.1396
39.6867 18.7886 13.0156

39.9057 17.1936 9.53461
38.7377 14.1176 7.56361
41.1077 11.7556 5.68861
39.5217 9.68861 2.88461

41.1427 6.53361 1.41361
39.7607 3.23261 -0.0633927
42.6387 0.688608 -0.00839269

42.7697 -0.995392 3.44461
46.6327 -0.793392 3.50261
46.4027 3.06361 3.26061
43.7997 3.24861 6.10461
45.9607 0.813608 8.19061
49.2257 2.79561 7.63661
47.5487 6.17461 8.48261
45.9957 4.74561 11.7216
49.3317 3.11261 12.7516
51.2737 6.41561 12.3316
48.5877 8.42861 14.2396
48.8057 5.83761 17.1046
52.6677 6.06161 16.9896

52.3797 9.91661 17.2456
49.7117 9.48461 20.0466
47.1337 11.4446 17.9446
43.5297 10.7576 19.0136

41.5267 9.76661 15.9026
38.4417 7.79861 14.7366
38.3637 5.08161 12.0206
35.3617 3.98061 9.87661

35.6277 1.25861 7.17861
33.7947 -1.83739 5.76461
34.3727 -3.75439 9.07361
32.9387 -1.00539 11.3896
29.4257 -2.01039 12.5786
26.2627 0.0856079 11.9226
25.8897 1.19361 15.6106

29.6477 1.83561 16.1976
29.6387 4.06061 13.0306
27.0777 6.39261 14.6946
28.9267 6.33761 18.0786
32.3627 7.12561 16.4706
30.6217 9.89461 14.4476
29.2877 11.3826 17.7476
32.7647 10.9996 19.4006
34.4127 13.0156 16.5326
31.5647 15.6156 16.5826
31.4907 16.1796 20.3936

35.1237 15.5166 21.5276
37.7077 18.2986 20.8416
40.5107 15.6706 21.2916
39.6997 13.6666 18.1136
41.6687 15.6476 15.4926

41.5267 13.1236 12.5796
38.7667 10.9526 11.1006
40.2287 8.09061 8.97061
37.3727 7.18061 6.59761
36.7987 4.65261 3.80961

35.6491 2.57461 0.97139
34.2312 1.06337 -2.23521
33.6655 1.83243 -5.94893
36.2858 -0.755463 -6.48648
39.956 -0.234562 -6.84887
40.2618 -2.43663 -9.83961
37.7947 -0.522107 -11.9897
35.7664 2.73044 -12.3671
38.8194 4.08103 -14.0849
42.1123 5.51851 -15.534
43.6856 8.0094 -17.8226
46.9319 9.89139 -16.8168
50.0284 11.8578 -15.8978
52.4723 11.2991 -18.8472

55.3793 9.25227 -17.5257
58.4374 9.55243 -19.7228
58.8212 12.8252 -21.5754
60.5885 15.7854 -23.1593

63.7485 13.6624 -22.7153
62.5395 11.6424 -25.7463
60.5285 12.4454 -28.8943
57.3355 10.4804 -29.6903
56.2495 9.92636 -33.3573
52.6035 10.8984 -32.6123

52.0635 14.6754 -31.9643
48.5905 14.1274 -30.4013
50.2915 12.2604 -27.4813
52.9105 15.0564 -27.0663
50.0735 17.6844 -26.9123
48.1935 15.4444 -24.3773
51.3715 15.4374 -22.1973
51.8455 19.2884 -22.4293

48.1909 19.9722 -22.039
45.3685 17.4033 -21.4215
45.2566 13.7421 -22.5743
44.8327 13.0742 -18.8284
41.8084 15.2321 -18.2258
39.1677 12.8272 -19.3855
39.4386 9.11515 -18.92
38.4067 7.99913 -22.4203
40.9466 10.5242 -23.5086
44.3982 9.55697 -24.5565
48.1468 10.0385 -25.0647

49.0613 6.86207 -23.1622
52.854 7.04888 -22.3154
56.1636 6.52799 -20.4191
59.3853 5.33416 -21.9658
62.9959 4.76471 -23.1997
65.2726 2.04518 -21.8047
65.8493 -1.33919 -23.329

69.2383 -2.83919 -24.351
70.9393 -2.32019 -27.78
72.0453 -5.68519 -29.304
69.0223 -7.66019 -27.886
65.3503 -8.66019 -28.512

64.3383 -5.07619 -27.433
65.6573 -3.73219 -30.817
62.8773 -5.74019 -32.627
60.1783 -5.66319 -29.893
60.1423 -1.84919 -29.473
59.3313 -1.00719 -33.187
56.7463 -3.89419 -33.137
55.0373 -2.45719 -29.993
55.0503 1.05581 -31.61
53.3573 -0.0271904 -34.892
50.7563 -1.95219 -32.777
49.9143 1.18281 -30.658
49.5543 3.17481 -33.93
47.0813 0.52981 -35.295
45.1593 0.79581 -31.963
45.1743 4.65981 -32.127
43.9473 4.74381 -35.797

40.8996 3.20416 -34.1411
37.9973 1.12628 -33.1332
39.4408 -1.46713 -30.7876
40.6848 -4.43187 -28.8811
37.1061 -3.84357 -27.8764
33.5413 -2.41375 -27.4583
33.8391 -2.34995 -23.6739
31.6039 -3.54517 -20.7546
34.4905 -5.9862 -19.9035

34.5625 -7.84431 -16.5891
31.2715 -6.27013 -15.5244
29.6294 -7.24876 -18.809
30.8205 -10.8394 -18.4464

32.0855 -9.88037 -14.9164
34.5705 -12.8534 -14.4934

End chain 1
