6 0.00488978

7 0.203249

8 0.111661

9 0.414917

10 0.464746

11 0.459481

12 0.49888

13 0.536232

14 0.679377

15 0.704249

16 0.71992

17 0.754245

18 0.741885

19 0.71652

20 0.805503

21 0.947535

22 0.928319

23 1.04546

24 0.865364

25 1.08155

26 1.45079

27 1.49419

28 1.53178

29 1.55606

30 1.66499

31 1.86278

32 1.92025

33 1.97961

34 2.0089

35 1.90267

36 2.04263

37 1.78589

38 2.10744

39 2.02233

40 2.60871

41 2.745

42 2.7952

43 2.93988

44 3.06528

45 3.04363

46 2.91149

47 3.0078

48 2.97851

49 3.21465

50 3.036

51 2.79053

52 2.50838

53 2.37753

54 2.23036

55 2.31491

56 2.69093

57 2.71189

58 2.68485

59 2.85288

60 3.01546

61 2.85614

62 2.75951

63 2.65779

64 2.60519

65 2.64253

66 2.75201

67 2.74114

68 2.25203

69 2.19221

70 2.22674

71 2.2363

72 2.06426

73 2.04656

74 1.99698

75 1.83781

76 1.7305

77 1.41007

78 1.53029

