6 0.121733

7 0.19317

8 0.303162

9 0.300109

10 0.278113

11 0.254697

12 0.284202

13 0.270003

14 0.105079

15 0.118583

16 0.0394935

17 0.0947399

18 0.0280064

19 -0.00336604

20 0.47776

21 0.539221

22 0.55362

23 0.584962

24 0.636503

25 0.738598

26 0.660925

27 0.484651

28 0.409702

29 -0.103007

30 -0.0516533

31 -0.068366

32 -0.213522

33 -0.515043

34 -0.506973

35 -0.51036

36 -0.564453

37 -0.463107

38 -0.680165

39 -0.699961

40 -0.96705

41 -1.07363

42 -1.10474

43 -1.13641

44 -1.16045

45 -1.21078

46 -1.23772

47 -1.15128

48 -1.10408

49 -1.17761

50 -1.08802

51 -1.20586

52 -1.20896

53 -1.2861

54 -1.32373

55 -1.68293

56 -1.73928

57 -1.72431

58 -1.70283

59 -1.71657

60 -1.6844

61 -1.57165

62 -1.53785

63 -1.47584

64 -1.5123

65 -1.55457

66 -1.51718

67 -1.43953

68 -1.34873

69 -1.29726

70 -1.30976

71 -1.43965

