6 -0.0314922

7 0.00163816

8 0.0979379

9 0.0504528

10 0.0967838

11 0.023977

12 0.175306

13 0.127725

14 0.357697

15 0.437691

16 0.369165

17 0.316283

18 0.198395

19 -0.0473635

20 -0.214575

21 -0.350099

22 -0.343441

23 -0.42372

24 -0.327186

25 -0.584618

26 -0.60989

27 -0.588486

28 -0.694007

29 -0.685667

30 -0.729857

31 -0.715245

32 -0.703987

33 -0.735076

34 -0.777105

35 -0.727254

36 -0.948671

37 -0.966848

38 -1.00445

39 -0.932849

40 -0.734389

41 -0.812521

42 -0.960617

43 -1.04423

44 -1.2317

45 -1.31435

46 -1.2789

47 -1.18963

48 -1.10247

49 -1.16154

50 -1.21672

51 -1.26926

52 -1.24197

53 -1.24175

54 -1.30755

55 -1.24849

56 -1.02902

57 -0.901734

58 -0.865015

59 -0.886173

60 -0.616599

61 -0.582206

62 -0.542063

63 -0.525682

64 -0.556041

65 -0.484476

66 -0.532294

67 -0.493737

68 -0.602356

69 -0.567776

70 -0.494778

71 -0.481608

72 -0.487233

73 -0.413482

74 -0.452972

75 -0.5963

76 -0.509675

77 -0.530326

78 -0.444699

79 -0.458434

80 -0.48087

81 -0.494792

82 -0.492199

83 -0.551964

84 -0.537665

85 -0.581144

86 -0.598893

87 -0.460409

88 -0.0837709

89 -0.0991266

90 -0.271814

91 -0.0684609

92 0.165077

93 0.244412

94 0.238548

95 -0.12937

96 -0.582785

97 -0.814629

98 -0.79816

99 -0.657598

100 -0.632139

101 -0.557392

102 -0.541408

103 -0.570505

104 -0.530537

105 -0.77435

106 -0.909305

107 -1.13012

108 -1.22498

109 -1.17208

110 -1.26155

111 -1.22957

112 -1.58507

113 -1.67733

114 -1.72206

115 -1.74623

116 -1.90897

117 -1.98112

118 -2.20769

119 -2.10647

120 -1.95737

121 -1.96159

122 -1.95794

123 -1.97377

124 -2.39838

125 -2.33355

126 -2.28655

127 -2.22137

128 -2.15531

129 -2.14639

130 -2.05089

131 -2.15863

132 -2.16552

133 -2.09848

134 -2.10105

135 -2.21773

136 -3.05398

137 -3.24149

138 -3.23566

139 -3.1286

140 -3.03769

141 -2.96911

142 -2.96271

143 -2.98223

144 -2.98752

145 -3.01563

146 -2.95947

147 -2.8348

148 -2.86378

149 -2.65183

150 -2.7962

151 -3.07106

152 -3.11151

153 -3.16955

154 -3.22815

155 -3.22595

