6 -0.0610888

7 -0.0612083

8 -0.0445172

9 -0.209986

10 -0.516547

11 -0.506091

12 -0.525013

13 -0.529322

14 -0.460982

15 -0.346682

16 -0.453071

17 -0.476579

18 -0.766593

19 -0.78034

20 -0.712112

21 -0.661649

22 -0.69225

23 -0.650711

24 -0.740106

25 -0.867073

26 -0.891069

27 -0.925357

28 -0.931841

29 -0.981966

30 -0.907685

31 -0.722871

32 -0.615274

33 -0.565096

34 -0.537205

35 -0.591171

36 -0.593558

37 -0.597482

38 -0.601644

39 -0.699192

40 -0.900924

41 -0.835306

42 -0.924313

43 -0.786113

44 -0.873998

45 -0.793283

46 -0.713281

47 -0.684494

48 -1.18327

49 -1.28338

50 -1.32284

51 -1.34903

52 -1.27957

53 -1.40059

54 -1.3815

55 -1.34201

56 -1.45723

57 -1.44063

58 -1.79195

59 -1.83535

60 -1.86545

61 -1.95118

62 -2.15291

63 -2.14579

64 -2.2098

65 -2.12047

66 -2.12334

67 -2.11883

68 -2.24019

69 -2.21015

