6 -0.0661087

7 -0.272119

8 -0.276774

9 -0.237252

10 -0.27715

11 -0.237875

12 -0.452372

13 -0.508932

14 -0.649356

15 -0.67681

16 -0.715075

17 -1.03589

18 -1.04603

19 -0.994978

20 -0.942416

21 -0.954889

22 -0.77732

23 -0.768696

24 -0.791634

25 -0.813185

26 -0.852471

27 -0.580455

28 -0.517224

29 -0.459146

30 -0.410799

31 -0.346361

32 -0.262671

33 -0.308531

34 -0.180272

35 0.258357

36 0.255389

37 0.240341

38 0.191627

39 0.275458

40 0.415927

41 0.387402

42 0.361631

43 0.387037

44 0.313443

45 0.227756

46 0.351279

47 0.520992

48 0.390345

49 0.517873

50 0.805533

51 0.977606

52 1.03849

53 1.09619

54 1.12103

55 1.14067

56 1.21888

57 1.43857

58 1.12949

59 1.22773

60 1.20281

61 1.18729

62 1.10119

63 1.23051

64 1.37667

65 1.38859

66 1.36793

67 1.42274

68 1.49847

69 1.47439

70 1.42921

71 1.40129

72 1.46737

73 1.55344

74 1.53267

75 1.59043

76 1.65603

77 0.612533

78 0.578364

79 0.587126

80 0.649701

81 0.610138

82 0.606125

83 0.583023

84 0.481695

85 0.576584

86 0.60298

87 0.642629

88 0.651743

89 0.693632

90 0.806251

91 1.1185

92 1.14874

93 1.31122

94 0.256587

95 -0.184619

96 -0.365222

97 -0.340953

98 -0.234439

99 -0.276288

100 -0.474502

101 0.0172038

102 0.51186

103 0.547836

104 0.261915

105 0.288257

106 0.121562

107 0.0691325

108 -0.00254355

109 -0.0859808

110 -0.0226098

111 -0.0207181

112 -0.338613

113 -0.334976

114 -0.372454

115 0.527702

116 0.78773

117 0.838124

118 1.38294

119 1.38973

120 1.35165

121 1.2658

122 1.34877

123 1.46928

124 1.52388

125 1.62226

126 1.67465

127 1.74262

128 1.79021

129 1.82552

130 1.79377

131 2.00565

132 2.07139

133 2.12937

134 2.07445

135 2.08893

136 2.36788

137 2.44457

138 2.43501

139 2.37795

140 2.43348

141 2.24383

142 2.13832

143 1.41553

144 1.46114

145 1.61147

146 1.52872

147 1.50189

