6 0.0449388

7 0.062907

8 0.0532687

9 0.105474

10 0.128201

11 0.130915

12 0.158071

13 0.05751

14 -0.0553289

15 0.00571333

16 0.0995993

17 0.222946

18 0.275681

19 0.258899

20 0.261608

21 0.208395

22 0.201005

23 0.13444

24 0.0853521

25 0.0350863

26 0.0297657

27 -0.040555

28 -0.0700362

29 -0.131462

30 -0.14053

31 -0.246256

32 -0.310933

33 -0.293278

34 -0.249069

35 0.49638

36 0.522558

37 0.603427

38 0.725744

39 0.836805

40 0.722839

41 0.779651

42 0.835329

43 -0.540336

44 -0.576972

45 -0.560147

46 -0.581814

47 -0.492505

48 -0.418213

49 -0.600213

50 -0.636406

