6 -0.0188875

7 -0.052582

8 -0.0842633

9 -0.0875913

10 -0.0818828

11 -0.0888395

12 -0.146307

13 -0.157185

14 -0.0861052

15 -0.22313

16 -0.174163

17 -0.309582

18 -0.329293

19 -0.235468

20 -0.173163

21 -0.172035

22 -0.225323

23 -0.121564

24 -0.049003

25 -0.0622997

26 -0.0481044

27 -0.0323486

28 -0.0661065

29 -0.179453

30 -0.529276

31 -0.590661

32 -0.543236

33 -0.672053

34 -0.550703

35 -0.458071

36 -0.386179

37 -0.516426

38 -0.531998

39 -0.472757

40 -0.487695

41 -0.44508

42 -0.466639

43 -0.273772

44 -0.211268

45 -0.226047

46 0.0629578

47 0.158918

48 0.1918

49 0.23209

50 0.254266

51 0.314062

52 -0.378471

53 -0.461571

54 -0.486722

55 -0.490166

56 -0.594063

57 -0.516192

58 -0.426282

59 -0.417148

60 -0.242453

61 -0.313178

62 -0.348843

63 -0.54612

64 -0.633546

65 -0.713831

66 -0.805634

67 -0.772865

68 -0.940446

69 -0.882836

70 -0.758968

71 -0.861522

72 -1.06678

73 -1.09725

74 -1.03566

75 -1.13193

76 -0.996505

77 -1.13642

78 -1.16954

79 -1.17791

80 -0.913086

81 -0.866959

82 -0.834326

83 -0.836308

84 -0.872561

85 -0.871294

86 -0.871805

87 -0.886192

88 -0.895631

89 -0.966681

90 -0.966508

91 -0.963076

92 -0.966554

93 -1.02563

94 -1.05263

95 -0.988911

96 -1.12034

97 -1.10564

98 -1.26924

99 -1.12748

100 -1.01368

101 -0.99574

102 -0.974182

103 -0.900688

104 -0.919903

105 -0.929306

106 -0.870984

107 -1.02969

108 -1.06368

109 -1.19794

110 -1.22077

111 -1.19042

112 -1.18065

113 -1.16327

114 -1.18896

115 -1.24926

116 -1.18396

117 -1.83392

118 -1.72163

119 -1.79177

120 -2.006

121 -2.04843

122 -2.06489

123 -2.02728

124 -2.08303

125 -2.06195

126 -2.05619

127 -2.06325

128 -1.9825

129 -1.94962

130 -2.05763

131 -1.86543

132 -1.83519

133 -1.8723

134 -2.04476

135 -2.29318

136 -2.3698

137 -2.37678

138 -2.44148

139 -2.56399

140 -2.47682

141 -2.38572

142 -2.38171

143 -2.22478

144 -2.33981

145 -2.36279

146 -2.50365

147 -2.51426

148 -2.53155

149 -2.40367

150 -2.34565

151 -2.28596

152 -2.36482

153 -2.36166

154 -2.47334

155 -2.33322

156 -2.49136

157 -2.45013

158 -2.34268

