6 -0.0171761

7 -0.0511874

8 -0.093332

9 -0.10887

10 -0.109673

11 -0.111854

12 -0.175345

13 -0.187581

14 -0.105768

15 -0.113653

16 -0.298703

17 -0.264613

18 -0.128334

19 -0.0700477

20 -0.0985354

21 -0.170579

22 -0.122349

23 -0.0463744

24 -0.0267558

25 -0.000499526

26 -0.0371535

27 -0.0741512

28 0.140093

29 0.0319779

30 -0.443099

31 -0.403793

32 -0.525862

33 -0.437287

34 -0.369821

35 -0.341417

36 -0.514857

37 -0.500943

38 -0.493305

39 -0.489679

40 -0.481237

41 -0.604786

42 -0.447393

43 -0.390246

44 -0.416948

45 -0.332732

46 -0.0157249

47 0.0227293

48 0.0635525

49 0.0809154

50 0.161873

51 -0.0221586

52 -0.580779

53 -0.610685

54 -0.609035

55 -0.72405

56 -0.649063

57 -0.598175

58 -0.655334

59 -0.543361

60 -0.514187

61 -0.969751

62 -1.08643

63 -1.07635

64 -1.00438

65 -1.04348

66 -0.917213

67 -0.995961

68 -0.997878

69 -1.05128

70 -1.05309

71 -0.924964

72 -1.07665

73 -1.24694

74 -1.13189

75 -0.856462

