6 -0.0120149

7 -0.0162261

8 -0.0204945

9 -0.112945

10 -0.187139

11 -0.454022

12 -0.76537

13 -0.740369

14 -0.924895

15 -1.01421

16 -1.07136

17 -1.07094

18 -1.04216

19 -1.07582

20 -1.03314

21 -0.841804

22 -0.691467

23 -0.664441

24 -0.542632

25 -0.567541

26 -0.589875

27 -0.695848

28 -0.803785

29 -0.6374

30 -0.461259

31 -0.391183

32 -0.402249

33 -0.213366

34 -0.208958

35 -0.446652

36 -0.589541

37 -0.975378

38 -0.881266

39 -0.907121

40 -0.929224

41 -1.04702

42 -1.0088

43 -1.04663

44 -1.09444

45 -1.18244

46 -1.20668

47 -1.21097

48 -1.20278

49 -1.12674

50 -1.21413

51 -1.18921

52 -1.14886

53 -1.29981

54 -1.45589

55 -1.58911

56 -1.76617

57 -1.61644

58 -1.76232

59 -1.78221

60 -1.90666

61 -1.94422

62 -1.96738

63 -1.97591

64 -1.92936

65 -1.94112

66 -1.98128

67 -1.9587

68 -1.96678

69 -2.21848

70 -2.4038

71 -2.52956

72 -2.55579

73 -2.64251

74 -2.6716

75 -2.72943

76 -2.74955

77 -2.76514

78 -2.73363

79 -2.87782

80 -2.90439

81 -2.91185

82 -2.85375

83 -2.85915

84 -2.95866

85 -2.95379

86 -3.09675

87 -3.19455

88 -3.15108

89 -2.84221

90 -2.67294

91 -2.43862

92 -2.44708

93 -2.49288

94 -2.60789

95 -2.82937

96 -3.40094

97 -3.33606

98 -3.44158

99 -3.44118

100 -3.46911

101 -3.41191

102 -3.44721

103 -3.47765

104 -3.57473

105 -3.5539

106 -3.57291

107 -3.49218

108 -3.54149

109 -3.63098

110 -3.76889

111 -3.93405

112 -4.02313

113 -4.21291

114 -4.05881

115 -3.90378

116 -3.77467

117 -3.71218

118 -3.68432

