6 0.0802655

7 0.13939

8 0.0688913

9 0.166469

10 0.371253

11 0.357536

12 0.39773

13 0.505093

14 0.630181

15 0.726127

16 0.739071

17 -0.00897635

18 -0.0731836

19 -0.0271721

20 -0.0645931

21 -0.159058

22 -0.150108

23 -0.153734

24 -0.234255

25 -0.838625

26 -0.838504

27 -0.774171

28 -0.68672

29 -0.658276

30 -0.66154

31 -0.717117

32 -0.655834

33 -0.652577

34 -0.646906

35 -0.699025

36 -0.722388

37 -0.74558

38 -0.706574

39 -0.786243

40 -0.475831

41 -0.424202

42 -0.315005

43 -0.30336

44 -0.349406

45 -0.349685

46 -0.331596

47 -0.330151

48 -0.391266

49 -0.309866

50 -0.208712

51 -0.117724

52 -0.213481

53 -0.174277

54 -0.202978

55 -0.423626

56 -0.365618

57 -0.273468

58 -0.305763

59 -0.243401

60 -0.230667

61 -0.376237

62 -0.390966

