6 -0.0338338

7 -0.0552584

8 -0.0905438

9 -0.12268

10 -0.122704

11 -0.138573

12 -0.290703

13 0.807255

14 0.801162

15 0.673252

16 0.750689

17 0.848743

18 0.928709

19 1.03116

20 0.881385

21 0.85128

22 0.803141

23 0.919043

24 0.966701

25 0.979032

26 0.972836

27 0.946839

28 0.741456

29 0.691928

30 0.464386

31 0.460034

32 0.537778

33 0.592803

34 0.635397

35 0.666485

36 0.715672

37 0.731438

38 0.686539

39 0.698859

40 0.727439

41 0.755479

42 0.714026

43 0.688503

44 0.816712

45 0.711216

46 0.64432

47 0.422698

48 0.36849

49 0.309844

50 0.321206

51 0.418481

52 0.28482

53 0.291537

54 0.0849949

55 0.156648

56 0.135355

57 0.0820425

58 0.111751

59 0.0317018

60 -0.0335878

61 0.0633732

62 -0.0309345

63 -0.157553

64 -0.259051

65 -0.294284

66 -0.275681

67 -0.37287

68 -0.357578

69 -0.318963

70 -0.363221

71 -0.256744

72 -0.150895

73 -0.130942

74 -0.149732

75 -0.100466

76 -0.0771884

77 -0.136823

78 -0.129623

79 0.0999202

80 0.27449

81 0.33625

82 0.475854

83 0.479172

84 0.433875

85 0.283464

86 0.117946

87 -0.0981403

88 -0.375094

89 -0.604308

90 -0.446828

91 -0.379317

92 -0.673795

93 -0.575992

94 -0.491804

95 -0.534906

96 -0.592498

97 -0.546775

98 -0.73353

99 -0.658788

100 -0.673943

101 -0.779807

102 -0.842761

103 -0.986616

104 -1.07046

105 -1.22951

106 -1.20234

107 -1.18162

108 -1.28965

109 -1.16207

110 -1.10738

111 -1.01605

112 -1.0277

113 -0.977362

114 -0.939921

115 -0.970469

116 -1.29327

117 -1.43558

118 -1.64696

119 -1.70887

120 -1.70786

121 -1.86423

122 -1.73217

