6 0.0196998

7 -0.0207171

8 -0.0238579

9 -0.0645775

10 -0.0680127

11 -0.0749782

12 -0.0828964

13 -0.132265

14 -0.142787

15 -0.052303

16 -0.2796

17 -0.175967

18 -0.0497921

19 -0.00788643

20 -0.0251709

21 -0.0769386

22 -0.156821

23 -0.165729

24 -0.148907

25 -0.147948

26 -0.156575

27 -0.143485

28 -0.025271

29 0.271421

30 0.316272

31 0.307928

32 0.259387

33 0.300391

34 0.0879017

35 -0.00617456

36 -0.182988

37 -0.156291

38 -0.158922

39 -0.236843

40 -0.243843

41 -0.246398

42 -0.363756

43 -0.473111

44 -0.516726

45 -0.615915

46 -0.607945

47 -0.613308

48 -0.493074

49 -0.331355

50 -0.207507

51 -0.131256

52 -0.160595

53 -0.0509575

54 -0.129013

55 -0.226493

56 -0.176371

57 -0.284489

58 -0.158593

59 -0.20365

60 -0.0507662

61 -0.00736398

62 -0.0634452

63 -0.209268

64 -0.357375

65 -0.489972

66 -0.541419

67 -0.462086

68 -0.689511

69 -0.651574

70 -0.792225

71 -0.714188

72 -0.865937

73 -0.981418

74 -1.00993

75 -0.969831

76 -1.65234

77 -1.58095

78 -1.46113

79 -1.37695

80 -1.43047

81 -1.40228

82 -1.46803

83 -1.67182

84 -1.78173

85 -1.81811

86 -1.86015

87 -1.86748

88 -1.89918

89 -1.79583

90 -1.59245

91 -1.59852

92 -1.56987

93 -1.40183

94 -1.31451

95 -1.73206

96 -1.99363

97 -2.46078

98 -2.65024

99 -2.51492

100 -2.39296

101 -2.50724

102 -2.46176

103 -2.66114

104 -2.64499

105 -2.67261

106 -2.69516

107 -2.59788

108 -2.37807

109 -2.29952

110 -2.32049

111 -2.29867

112 -2.40274

113 -2.52779

114 -2.32868

115 -2.17107

116 -2.14382

117 -2.08255

118 -2.01743

119 -1.97973

