6 0.0374727

7 0.0856731

8 0.0874138

9 0.165383

10 0.0993218

11 0.222637

12 0.243626

13 0.215415

14 0.196884

15 -0.0338108

16 -0.0983197

17 0.00133898

18 -0.0141792

19 0.190662

20 0.391289

21 0.523453

22 0.927638

23 1.06391

24 1.08675

25 1.07405

26 1.06324

27 0.977205

28 1.01926

29 0.982739

30 0.86585

31 0.833316

32 0.73001

33 0.782977

34 0.828186

35 0.809028

36 0.321162

37 0.196182

38 0.167008

39 0.309331

40 0.209028

41 0.547582

42 0.593788

43 1.135

44 1.17202

45 1.30443

46 1.37215

47 1.28229

48 1.15771

49 1.18336

50 1.18576

51 1.13819

52 0.527767

53 0.467599

54 0.279924

55 0.695739

56 0.860686

57 1.43989

58 1.55375

59 1.60362

60 1.68324

61 1.66245

62 1.67084

63 1.65051

64 1.59227

65 1.61073

66 1.64458

67 1.58162

68 1.62269

69 1.58522

70 1.59703

71 1.51633

72 1.56307

73 1.55032

74 1.36777

75 1.30428

76 1.06224

77 1.05732

78 1.01291

79 0.585891

80 0.535837

81 0.583943

82 0.585239

83 0.791517

84 0.731165

85 0.435983

86 0.610994

87 1.25738

88 1.34012

89 1.43643

90 1.56139

91 1.6277

92 1.71714

93 1.96034

94 1.98076

95 2.11188

96 2.1225

97 1.71309

98 1.53921

99 1.56442

100 1.39007

101 1.70455

102 1.8744

103 2.29264

104 2.47483

105 2.56626

106 2.66026

107 2.69586

108 2.80549

109 2.71531

110 2.66259

111 2.48984

112 2.26956

113 2.39482

114 2.29409

115 2.05312

116 2.01247

117 2.13289

118 2.16034

119 2.65078

120 2.90973

121 2.98988

122 3.15348

123 3.15853

124 3.19334

125 3.49446

126 3.57621

127 3.52794

128 3.67371

129 3.644

130 3.3442

131 3.16334

132 3.23073

133 3.07056

134 3.1616

135 3.37232

136 4.32515

137 4.421

138 4.62498

139 4.65765

140 4.75986

141 4.76969

142 4.64993

143 4.64547

144 4.49529

145 4.50964

146 4.73576

147 4.88511

148 4.89339

149 4.96899

150 5.2331

151 5.37036

152 5.40291

153 5.43314

154 5.40769

155 5.4671

156 5.4712

157 5.41817

158 5.39231

159 5.40163

160 5.43632

161 5.42347

