6 -0.0262596

7 0.0141982

8 0.0995733

9 0.235316

10 0.354425

11 0.386911

12 0.391615

13 0.396313

14 0.425145

15 0.379427

16 0.357762

17 0.40744

18 0.57702

19 0.392218

20 0.608496

21 0.590566

22 0.574701

23 0.876281

24 1.11092

25 1.19156

26 1.26371

27 1.32947

28 1.4511

29 1.47115

30 1.19987

31 1.2147

32 1.19137

33 1.15334

34 1.3478

35 1.57118

36 1.64651

37 2.02858

38 2.21764

39 2.21964

40 2.29004

41 2.22299

42 2.18873

43 2.19247

44 2.07989

45 2.02387

46 2.11152

47 1.94847

48 2.19914

49 2.5096

50 2.60175

51 2.71525

52 2.94632

53 3.00888

54 3.10575

55 3.06839

56 3.17412

57 3.25011

58 3.29388

59 3.10722

