6 -0.0461463

7 -0.0989856

8 -0.105409

9 -0.0196893

10 -0.0965907

11 0.00548321

12 0.00894263

13 0.206422

14 0.263262

15 0.244055

16 0.180612

17 0.0733803

18 0.0635912

19 -0.0303969

20 0.0294884

21 0.0499572

22 0.0467432

23 -0.098196

24 -0.330318

25 -0.239137

26 -0.313284

27 -0.184931

28 -0.118485

29 -0.0801176

30 -0.0597219

31 -0.0701537

32 0.0588545

33 0.202599

34 0.178558

35 0.163694

36 0.15362

37 0.174211

38 0.329041

39 0.330312

40 0.253855

41 0.265073

42 0.415559

43 0.340268

44 0.504808

45 0.53367

46 0.474756

47 0.483457

48 0.512185

49 0.35866

50 0.312329

51 0.379349

52 0.0412673

53 -0.102181

54 -0.395691

55 -0.482724

56 -0.627588

57 -0.737041

58 -0.727709

59 -0.742044

60 -0.707231

61 -0.621186

62 -0.472105

63 -0.471647

64 -0.556742

65 -0.66891

66 -0.729912

67 -0.865681

68 -1.1131

69 -1.13004

70 -1.15618

71 -1.19344

72 -1.07109

73 -1.03367

74 -1.0335

75 -1.17385

76 -1.09105

77 0.997478

78 1.09044

79 1.18515

80 1.1832

81 1.15692

82 1.06615

83 1.05483

84 1.1731

85 1.31457

86 1.23083

87 1.37245

88 2.04387

89 2.119

90 2.24908

91 2.16834

92 2.19344

93 2.09139

94 1.8091

95 0.370816

96 0.332505

97 0.275529

98 0.267252

99 0.335178

100 0.412864

101 0.220388

102 0.192538

103 -0.109389

104 -0.212976

105 -0.359544

106 -0.594115

107 -0.581095

108 -0.570532

109 -0.408264

110 -0.281904

111 0.11387

112 0.254288

113 0.354369

114 0.376081

