6 -0.0255585

7 -0.0240773

8 0.089276

9 0.116084

10 0.12573

11 0.121162

12 0.135731

13 0.109023

14 0.192555

15 0.0618095

16 0.0626157

17 0.05225

18 0.0517344

19 0.387029

20 0.350837

21 0.485144

22 0.217571

23 0.30508

24 1.08902

25 1.15553

26 1.27933

27 1.2535

28 1.25312

29 1.26197

30 1.25392

31 1.29206

32 1.21615

33 1.26314

34 1.01367

35 0.958887

36 0.920647

37 0.899123

38 0.877619

39 0.856848

40 0.80187

41 0.77469

42 0.811793

43 0.727293

44 0.751644

45 0.614024

46 0.677043

47 0.412456

48 0.308635

49 0.00814951

50 -0.121192

51 -0.503473

52 -0.465002

53 -0.446295

54 -0.403283

55 -0.383809

56 -0.235674

57 -0.021066

58 -0.0141076

59 -0.0885319

60 -0.09105

61 -0.171557

62 -0.0971732

63 -0.210872

64 -0.141819

65 -0.13801

66 -0.116563

67 0.720944

68 0.861272

69 0.839585

70 0.84884

71 0.871623

72 1.01337

73 0.900978

74 0.752238

75 0.803634

76 0.812181

77 0.631786

78 0.552325

79 0.742602

80 0.975271

81 1.11251

82 1.18258

83 1.22927

84 1.32606

85 1.35412

86 1.30636

87 1.31792

88 1.23637

89 1.24745

90 1.15775

91 1.04256

92 1.10654

93 0.811681

94 0.732697

95 0.670552

96 0.861787

97 0.914437

98 1.04322

99 1.10393

100 1.17972

101 1.1765

102 1.15258

103 1.1448

104 1.07479

105 0.986781

106 0.973411

107 0.930453

108 0.902156

109 0.896997

110 0.898322

111 0.901413

112 0.952591

113 0.875129

114 0.837103

115 0.811634

116 0.813992

117 0.676713

118 0.801283

119 0.805161

120 0.845754

121 0.87271

122 0.87228

123 0.859072

124 0.911413

125 0.825195

126 0.897534

127 0.271287

128 0.294417

129 0.429746

130 0.351689

131 0.495187

132 0.578876

133 0.656406

134 0.762081

135 0.887818

136 0.901365

137 0.919282

138 0.944874

139 1.05205

