6 0.17589

7 0.178374

8 0.289539

9 0.336854

10 0.330735

11 0.338281

12 0.306871

13 0.273423

14 0.248559

15 0.246356

16 0.223076

17 0.100574

18 -0.25243

19 -0.508143

20 -0.61347

21 -0.510532

22 -0.567183

23 -0.469223

24 -0.502793

25 -0.255006

26 0.327911

27 0.349833

28 0.345873

29 0.249655

30 0.239412

31 0.460249

32 0.225082

33 0.32714

34 0.236773

35 0.21904

36 0.540124

37 0.555922

38 0.647273

39 0.446898

40 0.931229

41 1.58741

42 1.68241

43 1.76518

44 1.78002

45 1.84554

46 1.79263

47 1.65936

48 1.71162

49 1.6979

50 1.72742

51 1.51879

52 1.16529

53 1.42381

54 1.55663

55 1.42679

56 1.42626

57 1.36027

58 1.26128

59 1.24136

60 1.00281

61 1.14989

62 1.07445

63 1.20435

64 1.5383

65 1.61222

66 1.74042

67 1.88281

68 1.77299

69 1.75282

70 1.68061

71 1.71847

72 1.63047

73 1.49628

74 1.69776

75 1.91856

76 1.99019

77 1.82951

78 1.84512

79 2.20398

80 2.43101

81 2.43476

82 2.42211

83 2.51058

84 2.50543

85 2.66412

86 2.68279

87 2.66612

88 2.45553

89 2.0505

90 1.87652

91 1.84533

92 1.69464

93 1.6757

94 1.60956

95 1.47516

96 1.49293

97 1.77066

98 1.88858

99 2.24877

100 2.28351

101 2.20602

102 2.2769

103 2.21498

104 2.26691

105 2.15265

106 2.12876

107 1.62425

108 1.48796

109 1.58145

110 1.45816

111 1.82184

112 1.89268

113 1.82602

114 2.48514

115 2.59604

116 2.57614

117 2.58081

118 1.99004

119 2.03094

120 2.07353

121 2.08224

122 2.12476

123 2.22626

124 2.20726

125 2.27695

126 2.30765

127 2.33068

128 2.34259

129 2.34572

130 2.19152

131 2.19158

132 2.1437

133 2.10729

134 1.56763

135 1.50573

136 1.49278

137 1.39304

138 1.44758

139 1.23655

140 1.19595

141 1.13915

142 1.14647

143 1.05275

144 0.986218

145 0.873446

146 0.614636

147 0.485416

148 0.333242

149 0.45152

