6 -0.0242042

7 -0.0347532

8 -0.0609323

9 -0.106848

10 -0.121576

11 -0.218529

12 -0.174699

13 -0.276346

14 -0.252419

15 -0.110306

16 -0.028378

17 0.098216

18 0.16031

19 0.339567

20 0.368933

21 0.410567

22 0.49655

23 0.659403

24 0.660299

25 0.577897

26 0.734163

27 0.471157

28 0.653282

29 0.676237

30 0.614936

31 0.553375

32 0.606991

33 0.986936

34 1.17127

35 1.27474

36 1.35919

37 1.37819

38 1.29809

39 1.34033

40 1.53865

41 1.4421

42 1.52135

43 1.4475

44 1.46234

45 1.40302

46 1.42165

47 1.47799

48 1.28104

49 1.30932

50 2.52894

51 2.61731

52 2.64346

53 2.61279

54 2.3838

55 2.29571

56 2.25562

57 2.25288

58 2.29935

59 2.25201

60 2.48421

61 2.4228

62 2.56609

63 2.45729

64 2.78679

65 3.42028

66 3.39621

67 3.49254

68 3.4961

69 3.46926

70 3.44332

71 3.33623

72 3.31623

73 3.32002

74 3.30319

75 3.10084

76 3.15112

77 2.86652

78 2.8487

79 2.80275

80 2.77439

81 2.7212

82 2.80249

83 2.74303

84 2.84599

85 2.77967

86 2.76617

87 2.84604

88 2.92169

89 2.8484

90 3.10059

91 3.5252

92 3.59308

93 3.47766

94 3.45112

95 3.41208

96 3.28543

97 3.29875

98 3.1383

99 3.20286

100 2.94933

101 2.88468

102 2.81537

103 2.5697

104 2.57574

105 2.51655

106 2.567

107 2.52796

108 2.35314

109 2.26513

110 2.48576

111 2.45299

112 2.56834

113 2.57771

114 2.90073

115 2.86511

116 2.84355

117 2.85482

118 2.6909

119 2.58591

120 2.73081

121 2.63245

122 2.39989

123 2.4506

124 2.21955

125 1.9404

126 2.09532

127 2.15086

128 2.19764

129 2.28386

130 2.24098

131 2.25326

132 2.27727

133 2.23138

134 2.25958

135 2.16682

136 2.16631

137 1.45412

138 1.38903

139 1.22401

140 1.27076

141 1.27437

142 1.20847

143 1.19567

144 1.14298

145 1.24959

146 1.38408

147 1.31918

148 1.37879

149 1.34444

150 1.29366

151 1.22626

152 1.15038

153 1.09249

154 1.16401

155 1.232

156 1.24222

157 1.2524

158 1.43628

159 1.45104

160 1.3701

161 1.49646

162 1.48921

163 1.51091

