6 -0.075429

7 -0.13559

8 -0.0650498

9 -0.0828302

10 -0.0873993

11 -0.0999941

12 -0.113403

13 -0.2208

14 -0.251979

15 -0.285358

16 -0.286196

17 -0.461541

18 -0.51313

19 -0.5585

20 -0.503846

21 -0.504038

22 -0.716038

23 -0.607833

24 -0.394006

25 -0.389418

26 -0.4143

27 -0.339291

28 -0.493739

29 -0.383303

30 -1.1927

31 -1.45689

32 -1.43093

33 -1.37378

34 -1.3267

35 -1.3519

36 -1.41785

37 -1.43545

38 -1.43704

39 -1.50108

40 -1.55748

41 -1.57514

42 -1.73312

43 -1.90304

44 -1.96973

45 -1.88208

46 -1.90083

47 -2.13623

48 -2.09138

49 -2.15882

50 -2.05333

51 -2.1161

52 -2.41298

53 -2.41911

54 -2.58065

55 -2.72576

56 -2.76481

57 -2.77417

58 -2.67696

59 -2.7169

60 -2.7339

61 -2.76838

62 -2.63468

63 -2.45449

64 -2.47921

65 -2.54946

66 -2.60174

67 -2.52729

68 -2.51421

69 -2.43896

70 -2.32184

71 -2.30403

72 -2.25571

73 -1.74917

74 -1.48007

75 -1.26125

76 -1.34695

77 -1.43845

78 -1.67026

79 -1.7344

80 -2.67751

81 -2.87648

82 -3.05816

83 -2.90552

84 -2.86227

85 -2.99653

86 -2.8273

87 -2.65697

88 -2.57011

89 -2.41981

90 -2.36096

