6 -0.125237

7 -0.133775

8 -0.136534

9 -0.0738463

10 -0.0732079

11 -0.0403246

12 -0.053527

13 -0.0304943

14 -0.0161694

15 -0.00876199

16 -0.0173069

17 -0.042278

18 -0.0094418

19 0.101811

20 0.132538

21 0.30394

22 0.481041

23 0.557939

24 0.529449

25 0.563813

26 0.433301

27 0.396694

28 0.587166

29 0.36776

30 0.412753

31 0.452926

32 0.677232

33 0.831059

34 1.14003

35 1.14845

36 1.16525

37 0.991959

38 0.962684

39 0.953152

40 1.02095

41 1.20327

42 1.12681

43 1.46736

44 1.5266

45 2.08387

46 2.17144

47 2.26899

48 2.2878

49 2.33615

50 2.31747

51 2.34615

52 2.34348

53 2.32802

54 2.4514

55 2.3167

56 2.35918

57 2.28591

58 1.9998

59 2.02354

60 1.89702

61 1.8289

62 1.59406

63 1.49394

64 1.39437

65 1.57036

66 1.43374

67 1.70711

68 1.95425

69 2.60214

70 2.64357

71 2.7398

72 2.78965

73 2.77615

74 2.86713

75 2.89849

76 2.9274

77 2.87137

78 2.96358

79 2.82672

80 2.88225

81 2.73154

82 2.4147

83 2.35284

84 2.5426

85 2.46425

86 2.30686

87 2.50091

88 3.27404

89 3.38978

90 3.50184

91 3.47778

92 3.47776

93 3.22204

94 3.07189

95 3.13013

96 2.94192

97 3.21531

98 3.38401

99 3.72572

100 3.96383

101 4.1456

102 4.34282

103 4.4029

104 4.55504

105 4.62324

106 4.80751

107 4.88586

108 4.8627

109 4.88788

110 5.06301

111 5.1965

112 5.23142

113 5.31407

114 5.2571

115 5.16301

116 4.94791

117 4.84027

118 4.59753

119 4.49857

120 4.56685

121 4.33288

122 4.45686

123 4.47684

124 5.11869

125 5.24542

126 5.40515

127 5.51194

128 5.68908

129 5.71094

130 5.73235

131 5.35846

132 5.35711

133 5.24332

134 5.32955

135 5.11183

136 5.26954

137 5.29358

138 6.11446

139 6.41709

140 6.53071

141 6.83911

142 6.77122

143 6.78101

144 6.63573

145 6.63893

