6 0.0425283

7 -0.213591

8 -0.25988

9 -0.363287

10 -0.428543

11 -0.4227

12 -0.340157

13 -0.40571

14 -0.332724

15 -0.343223

16 -0.367153

17 -0.244075

18 -0.321158

19 -0.183984

20 -0.139383

21 -0.0866144

22 -0.0800124

23 0.0297129

24 0.0736459

25 0.104856

26 0.0951516

27 0.129219

28 -0.130259

29 -0.242802

30 -0.417562

31 -0.244515

32 -0.241422

33 -0.392194

34 -0.293811

35 -0.277491

36 -0.335253

37 -0.197599

38 -0.234781

39 -0.22349

40 0.0109807

41 0.0739173

42 0.167222

43 0.151158

44 0.262685

45 0.322509

46 0.338483

47 0.341786

48 0.371292

49 0.115552

50 0.036108

51 -0.133587

52 0.05505

53 0.0708797

54 -0.0556989

55 0.0127058

56 -0.00557984

57 -0.175242

58 0.14007

59 0.0525245

60 0.245849

61 0.146474

62 0.357529

63 0.413379

64 0.486161

65 0.46947

66 0.595302

67 0.633191

68 0.667637

69 0.68653

70 0.73202

71 0.49744

72 0.392357

73 0.224551

74 0.430468

75 0.44137

76 0.283919

77 0.408626

78 0.42989

79 0.363698

80 0.540005

81 0.443849

82 0.664986

83 0.717938

84 0.807841

85 0.790888

86 0.909307

87 0.928809

88 0.968761

89 1.00273

90 1.06235

91 0.819937

92 0.720921

93 0.540374

94 0.768867

95 0.792885

96 0.6533

97 0.781617

98 0.804773

99 0.73685

100 0.935365

101 0.780825

102 0.970675

103 1.02893

104 1.12139

105 1.11507

106 1.28128

107 1.34322

108 1.36315

109 1.3718

110 1.41492

111 1.18142

112 1.08276

113 0.864658

114 1.07355

115 1.08888

116 1.21539

117 1.10301

118 1.25844

119 1.26436

