6 0.0211935

7 0.0511576

8 0.141269

9 0.141939

10 0.135739

11 0.0170126

12 -0.617652

13 -0.775266

14 -0.736441

15 -0.667246

16 -0.559439

17 -0.671191

18 -0.644486

19 -0.617684

20 -0.515637

21 -0.506611

22 -0.525952

23 -0.587133

24 -0.583743

25 -0.557475

26 -0.566794

27 -0.784795

28 -0.704374

29 -0.572117

30 -0.709566

31 -0.460617

32 -0.660674

33 -0.651667

34 -0.755495

35 -0.585783

36 -0.498962

37 -0.451105

38 -0.400711

39 -0.407162

40 -0.480401

41 -0.464453

42 -0.341384

43 -0.357861

44 -0.443787

45 -0.407643

46 -0.497957

47 -0.463684

48 -0.501012

49 -0.507124

50 -0.345028

51 -0.404146

52 -0.544134

53 -0.568698

54 -0.568366

55 -0.473555

56 -0.589055

57 -0.462889

58 -0.711793

59 -0.757026

60 -0.728789

61 -0.859198

62 -1.27054

63 -1.28555

64 -1.15203

65 -1.20427

66 -1.22

67 -1.30103

68 -1.25554

69 -1.18613

70 -1.04804

71 -0.86627

72 -0.793113

73 -0.714424

74 -0.77151

75 -0.695092

76 -0.752218

77 -0.798827

78 -0.821067

79 -0.879427

80 -1.15207

81 -1.20262

82 -1.13612

83 -1.17421

84 -1.99031

85 -2.13233

86 -2.09081

87 -1.99212

88 -1.99332

89 -1.9045

90 -0.238179

91 -0.434839

92 -0.434354

93 -0.371455

94 -0.461372

95 -0.456396

96 -0.386674

97 -0.333803

98 -0.301662

99 -0.267274

100 -0.307784

101 -0.455338

102 -0.383219

103 -0.336632

104 -0.48226

105 -0.653426

106 -0.860726

107 -0.82847

108 -1.18657

109 -1.27636

110 -1.39182

111 -1.46755

112 -1.52733

