6 0.0254164

7 0.0624397

8 0.104471

9 0.135313

10 0.212052

11 0.410522

12 0.388952

13 0.473337

14 0.468714

15 0.490962

16 0.726953

17 0.720653

18 0.793732

19 0.759441

20 0.941555

21 0.970809

22 1.04583

23 1.00851

24 1.0292

25 0.86204

26 0.909415

27 0.955357

28 0.859809

29 0.977195

30 0.788423

31 0.795755

32 1.21766

33 1.16258

34 1.51088

35 1.55593

36 1.74927

37 1.8675

38 1.87934

39 1.50029

40 1.53112

41 1.46284

42 1.48609

43 1.63516

44 1.81748

45 1.94956

46 2.21365

47 2.43816

48 2.52362

49 2.38963

50 2.38321

51 2.36484

52 2.35974

53 2.33615

54 2.26089

55 2.24736

56 2.19849

57 2.2063

58 1.85553

59 1.72741

60 1.99733

61 1.98803

62 2.2567

63 2.37205

64 2.63041

65 2.58109

66 2.68384

67 2.71671

68 2.66322

69 2.60762

70 2.6291

71 2.59766

72 2.61632

73 2.6821

74 2.74511

75 2.71622

76 2.80475

77 3.07543

78 3.27219

79 3.32278

80 3.31583

81 3.51243

82 3.45147

83 3.68229

84 3.75009

85 4.15471

86 4.40781

87 4.47604

88 4.51332

89 4.4626

90 4.45779

91 4.45286

92 4.43281

93 4.37687

94 4.4128

95 4.1385

96 4.06513

97 4.11483

98 3.98202

99 3.94021

100 4.06555

101 4.2342

102 4.1575

103 4.1967

104 4.17093

105 4.17434

106 4.13558

107 4.11933

108 4.12977

109 4.0186

110 3.87595

111 3.81953

112 3.65205

113 3.50508

114 3.27749

115 3.49801

116 3.63791

117 3.60653

118 3.50067

