6 0.101982

7 0.0845085

8 0.120136

9 0.132194

10 0.109253

11 0.1872

12 0.322091

13 0.401271

14 0.417795

15 0.390957

16 0.392912

17 0.655111

18 0.665831

19 0.6801

20 0.721607

21 0.70134

22 0.969572

23 0.974341

24 1.13538

25 0.990741

26 1.14498

27 1.08731

28 1.61381

29 1.59611

30 1.60834

31 1.60542

32 1.58607

33 1.69616

34 1.94172

35 2.00321

36 1.91149

37 1.82814

38 1.80643

39 1.76771

40 2.01548

41 2.15515

42 2.03817

43 1.86208

44 1.98703

45 1.89751

46 1.86908

47 2.07815

48 2.1376

49 2.34016

50 2.48153

51 2.44097

52 2.40803

53 2.70517

54 3.2357

55 3.34308

56 3.42244

57 3.54151

58 3.35968

59 3.37097

60 3.10908

61 3.07157

62 2.99463

63 3.02047

64 3.0572

65 3.22141

66 3.10581

67 3.09995

68 3.30501

69 3.3684

70 3.60316

71 3.81261

72 4.56233

73 4.39803

74 4.36947

75 3.74214

76 3.80043

77 3.68773

78 4.00759

79 4.44386

80 4.74194

81 4.68915

82 4.71885

83 4.85484

84 4.87275

85 5.04183

86 5.01144

87 4.95006

88 4.83971

89 4.79737

90 4.75645

91 4.70733

92 4.76004

93 4.91854

94 4.88423

95 4.26798

96 4.39461

97 4.40382

98 4.30879

99 4.29082

100 4.50075

101 5.1001

102 5.37611

