6 -0.0525364

7 -0.0231184

8 -0.141882

9 -0.123313

10 -0.368318

11 -0.415173

12 -0.409169

13 -0.295383

14 -0.471326

15 -0.475216

16 -0.411059

17 -0.39895

18 -0.428386

19 -0.454029

20 -0.543063

21 -0.417842

22 -0.416544

23 -0.409935

24 -0.415815

25 -0.398578

26 -0.408226

27 -0.39572

28 -0.326456

29 -0.160747

30 -0.114673

31 0.0178767

32 -0.0169061

33 0.067473

34 0.0594472

35 0.00510641

36 -0.0319829

37 0.0438899

38 0.124568

39 0.155355

40 0.109578

41 0.0982138

42 0.25546

43 0.265272

44 0.256784

45 0.435164

46 0.630667

47 0.663202

48 0.750013

49 0.801902

50 0.78923

51 0.844722

52 0.792054

53 0.732713

54 0.766557

55 0.73077

56 0.795933

57 0.823993

58 0.818882

59 0.813489

60 1.0905

61 1.29377

62 1.385

63 1.48496

64 1.42262

65 1.38116

66 1.41108

67 1.40234

68 1.43197

69 1.59746

70 1.54383

