6 0.125258

7 0.235116

8 0.42739

9 0.436066

10 0.604083

11 0.640848

12 0.663816

13 0.696306

14 0.633324

15 0.569477

16 0.648332

17 0.765509

18 0.834471

19 0.773189

20 0.848971

21 0.804544

22 0.673328

23 0.672372

24 0.748362

25 0.690414

26 0.562757

27 0.522847

28 0.53419

29 0.638331

30 0.633415

31 0.688556

32 0.615951

33 0.665449

34 0.746382

35 0.845147

36 0.721227

37 0.921338

38 0.900057

39 0.878917

40 0.947626

41 1.00687

42 1.01663

43 0.933822

44 0.891753

45 0.812213

46 0.78302

47 0.887244

48 1.05778

49 1.04194

50 1.20343

51 1.23784

52 1.30526

53 1.32158

54 1.40881

55 1.43155

56 1.41193

57 1.3718

58 1.45459

59 1.63731

60 1.55147

61 1.92372

62 2.06028

63 2.22129

64 2.27012

65 2.31282

66 2.25531

67 2.28275

68 2.39305

69 2.49353

70 2.57917

71 2.67712

72 2.6469

73 2.61219

74 2.48575

75 1.90858

76 2.0695

77 2.16339

78 2.47135

79 1.86073

