6 0.0506022

7 0.0420555

8 0.034788

9 0.0139323

10 0.0315547

11 0.107357

12 0.361653

13 0.486245

14 0.595699

15 0.587284

16 0.653496

17 0.633804

18 0.636493

19 0.548046

20 0.605829

21 0.582969

22 0.475398

23 0.512689

24 0.499626

25 0.174261

26 0.0989777

27 0.103353

28 0.0727945

29 0.0685913

30 0.0515998

31 -0.108412

32 -0.0757454

33 0.0674693

34 0.11863

35 0.135838

36 0.120046

37 -0.38074

38 -0.434344

39 -0.331273

40 -0.25354

41 -0.306686

42 -0.185925

43 -0.227698

44 -0.280601

45 -0.464956

46 -0.446922

47 -0.448115

48 -0.448772

49 -0.239856

50 -0.224558

51 -0.197647

52 -0.10214

53 0.138689

54 0.0546577

55 0.403056

56 0.420445

57 0.015483

58 -0.0789528

59 0.113452

60 -0.0806704

61 0.175158

62 0.123928

63 0.245132

64 0.627989

65 0.715033

66 1.1356

67 1.1469

68 1.21831

69 1.20639

70 1.3909

71 1.66006

72 1.72277

73 1.76062

74 1.05646

75 1.05909

76 1.18091

77 1.21433

78 1.34564

79 1.43587

80 1.25196

81 1.54959

82 2.09569

83 2.05932

84 1.95836

85 1.97081

86 1.73984

87 1.85125

88 1.74346

89 2.10792

90 2.69878

91 2.71048

92 2.78133

93 2.84237

94 2.85372

95 2.89211

96 3.03246

97 3.03332

98 2.90934

99 2.84767

100 2.80056

101 3.0302

102 2.95523

103 3.17279

104 3.36928

105 3.64721

106 3.72334

107 3.85506

108 4.03409

109 3.8115

110 3.71995

111 3.7227

112 3.87544

