6 -0.118991

7 -0.0645639

8 0.00251373

9 0.0754274

10 0.0340273

11 0.104399

12 0.0929217

13 0.08942

14 0.117222

15 0.134663

16 0.157533

17 0.124453

18 0.0945961

19 0.297852

20 0.312281

21 0.54177

22 0.569491

23 0.651939

24 0.800737

25 0.749771

26 0.886936

27 1.01052

28 1.01183

29 1.07276

30 1.03102

31 0.978534

32 0.974987

33 0.977852

34 1.04135

35 1.10051

36 1.08997

37 0.97108

38 0.905346

39 0.831883

40 0.79205

41 0.732198

42 0.699785

43 0.910014

44 0.883506

45 0.949143

46 0.921861

47 1.01087

48 1.08787

49 1.14545

50 1.29798

51 1.42102

52 1.70265

53 1.79529

54 1.73024

55 1.74437

56 1.69441

57 1.81118

58 1.86647

59 1.78899

60 1.7202

61 1.57084

62 1.52339

63 1.47411

64 1.44021

65 1.44382

66 1.42247

67 1.39521

68 1.55182

69 1.37438

70 1.43503

71 1.25974

72 1.30172

73 1.12751

74 1.29843

75 1.97022

76 2.1848

77 2.18703

78 2.25392

79 2.10398

80 2.08951

81 2.07187

82 1.91023

83 1.99047

84 2.14981

85 2.29815

86 1.99879

87 2.36561

88 2.57073

89 2.80782

90 3.30173

91 3.53531

92 3.40032

93 3.39748

94 3.36001

95 3.15828

96 3.3183

97 3.37907

98 3.56395

99 3.56428

100 3.63796

101 3.56509

102 3.63144

103 3.57698

104 3.50289

105 3.38485

106 3.36094

107 3.26129

108 3.19888

109 3.16474

110 2.98608

111 2.91585

112 2.90913

113 2.81063

114 2.76571

115 2.71726

116 2.78507

117 2.44767

118 2.45173

119 2.36764

120 2.36503

121 2.17465

122 2.23957

123 2.39776

124 2.54334

125 2.25928

126 2.15488

127 2.30398

128 1.96649

129 1.95344

130 1.79723

131 1.76304

132 1.69055

