6 -0.0285449

7 -0.110932

8 -0.0426265

9 -0.0517539

10 0.0910099

11 0.127352

12 0.165254

13 0.198034

14 0.302494

15 0.360441

16 0.386724

17 0.343496

18 0.402598

19 0.154084

20 0.0605581

21 -0.12683

22 0.00239341

23 0.00196842

24 -0.107454

25 -0.00455773

26 -0.00895554

27 -0.0617921

28 0.116678

29 0.0332539

30 0.226806

31 0.274447

32 0.341055

33 0.333996

34 0.442028

35 0.492252

36 0.532158

37 0.541792

38 0.59876

39 0.364988

40 0.274405

41 0.096401

42 0.29591

43 0.305558

44 0.416986

45 0.315594

46 0.449513

47 0.469019

48 0.402411

49 0.587843

50 0.486431

51 0.704498

52 0.760151

53 0.837456

54 0.822465

55 0.948036

56 0.991034

57 1.04214

58 1.06061

59 1.07704

60 0.839717

61 0.747152

62 0.559361

63 0.806193

64 0.820142

65 0.928515

66 0.81047

67 0.945768

68 0.960349

69 0.880804

70 1.08794

71 0.98275

72 1.20744

73 1.27768

74 1.35807

75 1.35578

76 1.50303

77 1.54458

78 1.57869

79 1.60186

80 1.63914

81 1.40896

82 1.2897

83 1.11311

84 1.37613

85 1.38867

86 1.50222

87 1.39596

88 1.52008

89 1.36883

