6 -0.13349

7 -0.087773

8 -0.146165

9 -0.169717

10 -0.164696

11 -0.169589

12 -0.162841

13 -0.249268

14 -0.112087

15 -0.36927

16 -0.306318

17 -0.745178

18 -0.795374

19 -0.817458

20 -0.964627

21 -0.946057

22 -0.89449

23 -0.89022

24 -0.896249

25 -1.10965

26 -1.16974

27 -1.53261

28 -1.53757

29 -1.56078

30 -1.55526

31 -1.51962

32 -1.49954

33 -1.56413

34 -1.55748

35 -1.5744

36 -1.63744

37 -1.645

38 -1.71989

39 -1.71405

40 -1.58361

41 -1.47793

42 -1.45758

43 -1.49539

44 -1.67693

45 -1.4959

46 -0.930872

47 -0.846701

48 -0.856058

49 -1.08994

50 -2.23145

51 -2.29478

52 -2.27552

53 -2.29718

54 -2.2674

55 -2.28637

56 -2.32525

57 -2.28476

58 -2.38608

59 -2.43942

60 -2.47097

61 -2.27414

62 -2.18769

63 -2.23486

64 -2.28097

65 -2.13489

66 -2.28493

