6 -0.0825215

7 -0.167436

8 -0.113145

9 -0.160574

10 -0.139694

11 -0.156277

12 -0.246709

13 -0.292629

14 -0.356866

15 -0.358273

16 -0.49791

17 -0.473195

18 -0.419201

19 -0.413653

20 -0.45458

21 -0.443512

22 -0.492344

23 -0.508446

24 -0.539551

25 -0.462289

26 -0.54302

27 -0.460534

28 -0.45593

29 -0.487023

30 -0.430874

31 -0.470722

32 -0.463816

33 -0.923789

34 -0.914256

35 -0.816919

36 -0.776254

37 -0.501813

38 -0.212307

39 0.171878

40 0.336144

41 0.606184

42 0.705771

43 0.596612

44 0.704798

45 0.58785

46 0.605691

47 0.645499

48 0.71978

49 0.762639

50 0.752528

51 0.775498

52 0.789521

53 0.90933

54 0.814469

55 0.680975

56 0.545357

57 0.531558

58 0.274565

59 0.17214

60 -0.703769

61 -0.70306

62 -0.736932

63 -0.87282

64 -1.21271

65 -1.20254

66 -1.43223

67 -1.41444

68 -1.02828

69 -0.955101

70 -0.860109

71 -0.849362

72 -0.880278

73 -0.950935

74 -0.850604

75 -0.859285

76 -0.886137

77 -1.04356

78 -1.07182

79 -1.19509

80 -1.21634

81 -1.21388

82 -1.24643

83 -1.25979

84 -1.18084

85 -1.20004

86 -1.21789

87 -1.2009

88 -1.23262

89 -1.21505

90 -1.15757

91 -1.1498

92 -1.32023

93 -1.13262

94 -1.13692

95 -1.09988

96 -1.14039

97 -1.25364

98 -1.26107

99 -1.85481

100 -1.87474

101 -1.86853

102 -1.99931

103 -2.37387

104 -2.2917

105 -2.26072

106 -2.29453

107 -2.26724

108 -2.37497

109 -2.35768

110 -2.40281

111 -2.58563

112 -2.54261

113 -2.5206

114 -2.51814

115 -2.39517

116 -2.27182

117 -2.25668

118 -2.27075

119 -2.24112

120 -2.34519

121 -2.53442

122 -2.45308

123 -2.43863

124 -2.48566

125 -2.46825

126 -2.37663

127 -2.47247

128 -2.57092

129 -2.61742

130 -2.75843

131 -2.84612

132 -2.99549

133 -3.13812

134 -3.09793

135 -3.17487

136 -3.15834

137 -3.18272

138 -3.17729

139 -3.48

140 -3.42472

141 -3.32925

142 -3.25643

143 -3.08659

144 -3.06814

145 -3.00464

146 -3.0444

147 -3.0538

148 -3.22282

149 -3.23763

150 -3.07931

151 -3.20228

152 -3.12761

