6 0.0836571

7 0.0426458

8 0.152899

9 0.299773

10 0.306783

11 0.27756

12 0.250398

13 0.267183

14 0.234415

15 0.0815485

16 0.115707

17 0.160534

18 0.181263

19 0.122442

20 0.0667202

21 0.547541

22 0.566277

23 0.583182

24 0.605912

25 0.649211

26 0.816919

27 0.732344

28 0.641496

29 0.578697

30 0.00183236

31 -0.102216

32 0.0911775

33 0.173121

34 0.180527

35 0.142842

36 0.0963189

37 -0.0942242

38 -0.206506

39 -0.228398

40 -0.252825

41 -0.407196

42 -0.587495

43 -0.69336

44 -0.726805

45 -0.791907

46 -0.819745

47 -0.793171

48 -0.860263

49 -0.890013

50 -1.3421

51 -1.33894

52 -1.25268

53 -1.21125

54 -1.26472

55 -1.31043

56 -1.34259

57 -1.37995

58 -1.42276

59 -1.32572

60 -1.51167

61 -1.41293

62 -1.56698

63 -1.59677

64 -1.61639

65 -1.50636

66 -1.45074

67 -1.43276

68 -1.40065

