6 0.0567077

7 -0.000555019

8 -0.0269017

9 -0.0464795

10 -0.108999

11 -0.108944

12 0.0353459

13 0.137613

14 0.14448

15 0.216205

16 0.447592

17 0.459318

18 0.483171

19 0.416479

20 0.868591

21 0.82579

22 0.573147

23 0.323687

24 0.292153

25 0.348705

26 0.370953

27 0.295154

28 0.332886

29 0.34959

30 0.376075

31 0.28419

32 0.308155

33 0.17206

34 -1.27645

35 -1.41118

36 -1.4848

37 -1.5677

38 -1.55019

39 -1.50757

40 -1.56805

41 -1.55763

42 -1.50553

43 -1.59375

44 -1.56901

45 -1.61488

46 -1.38454

47 -1.34565

48 -1.55281

49 -1.45453

50 -1.4307

51 -1.43046

52 -1.36506

53 -1.24854

54 -1.20983

55 -1.21022

56 -1.18142

57 -1.06047

58 -1.30227

59 -1.21857

60 -1.25508

61 -1.00665

62 -1.17107

63 -1.38115

64 -2.11686

65 -2.01135

66 -1.89355

67 -1.78593

68 -1.80167

69 -1.77285

70 -1.73275

71 -1.76689

72 -1.74656

73 -1.82469

74 -1.63231

75 -1.26957

76 -1.10889

77 -1.01709

78 -1.03885

79 -1.03057

80 -1.03698

81 -1.05702

82 -1.07986

83 -1.12748

84 -1.16533

85 -1.12847

86 -1.17059

87 -1.21989

88 -1.22465

89 -1.27985

90 -1.30422

91 -1.29515

92 -1.18608

93 -0.452867

94 -0.273268

95 -0.322034

96 -0.234196

97 -0.233115

98 -0.193948

99 -0.20408

100 -0.2761

101 -0.327371

102 -0.319656

103 -0.38266

104 -0.577233

105 -0.442323

106 -0.528869

107 -0.74115

108 -1.23256

109 -2.30777

110 -2.50868

111 -2.61819

112 -2.82063

113 -2.70904

114 -2.70741

115 -2.68147

116 -2.73081

117 -2.71598

118 -2.677

119 -2.63356

120 -2.67744

121 -2.57338

122 -2.31671

123 -2.17059

124 -2.11466

125 -2.07943

126 -1.90189

127 -1.85957

128 -1.96009

129 -2.00553

130 -2.23231

131 -2.41233

132 -2.48064

133 -2.55118

134 -2.51643

135 -2.55998

136 -2.35913

137 -2.12362

138 -2.022

139 -2.11207

140 -2.15237

141 -2.15674

142 -2.08553

143 -1.91452

144 -1.90841

145 -2.06195

146 -2.1933

147 -3.07008

148 -3.2239

149 -3.19633

150 -3.26515

151 -0.556231

152 -0.489757

153 -0.424721

154 -0.411794

155 -0.431723

156 -0.36123

157 -0.42409

158 -0.599109

159 -0.61902

160 -0.620481

161 -0.621211

162 -0.655277

163 -0.499988

164 -0.570899

165 -1.32092

166 -1.3483

167 -1.12812

168 -1.02368

169 -0.919959

170 -0.876462

