6 -0.127742

7 -0.184905

8 -0.226345

9 -0.153268

10 -0.12019

11 -0.113864

12 -0.128745

13 -0.0749812

14 -0.212766

15 -0.0712718

16 -0.0692869

17 -0.0494938

18 0.00653123

19 -0.0648129

20 0.0344724

21 -0.0259035

22 0.030839

23 -0.263835

24 -0.191969

25 -0.156931

26 -0.18473

27 -0.191973

28 -0.191289

29 -0.171366

30 -0.0972188

31 -0.148443

32 -0.469086

33 -0.468981

34 -0.534432

35 -0.469387

36 -0.327656

37 -0.288336

38 -0.329589

39 -0.270515

40 -0.26776

41 -0.258115

42 -0.246245

43 -0.196636

44 -0.117284

45 -0.148957

46 -0.149383

47 -0.105838

