6 -0.0440561

7 -0.0416313

8 -0.0060089

9 0.042013

10 0.176851

11 0.269068

12 0.276976

13 0.237189

14 0.340524

15 0.247749

16 0.319489

17 0.320919

18 0.158057

19 0.177579

20 0.0282901

21 0.0497513

22 0.019121

23 -0.58303

24 -0.680916

25 -0.723064

26 -0.822217

27 -0.675769

28 -0.683013

29 -0.678222

30 -0.740538

31 -0.808232

32 -0.790314

33 -1.26787

34 -1.33751

35 -1.30689

36 -1.2525

37 -1.14852

38 -1.14995

39 -1.0419

40 -1.14141

41 -0.978018

42 -0.994428

43 -1.0019

44 -1.01978

45 -1.05405

46 -1.07458

47 -1.07749

48 -1.1235

49 -1.0745

50 -0.930442

51 -0.802917

52 -0.857684

53 -0.695644

54 -0.775042

55 -0.554423

56 -0.515143

57 -0.414928

58 -0.363872

59 -0.305009

60 -0.176633

61 -0.147

62 -0.120441

63 -0.0853875

64 -0.0835419

65 -0.0635651

66 -0.103889

67 -0.076703

68 -0.107494

