6 -0.055703

7 -0.0669001

8 -0.151297

9 -0.255984

10 -0.576717

11 -0.659915

12 -0.678362

13 -0.703378

14 -0.730995

15 -0.805931

16 -0.754396

17 -1.31601

18 -1.39602

19 -1.31355

20 -1.30427

21 -1.28694

22 -1.2093

23 -1.24239

24 -1.01045

25 -0.785857

26 -0.739414

27 -0.774746

28 -0.675922

29 -0.691164

30 -0.700204

31 -0.609665

32 -0.690705

33 -0.869471

34 -0.913444

35 -1.00749

36 -1.05308

37 -0.94306

38 -1.11904

39 -1.14555

40 -1.32126

41 -1.38822

42 -1.35146

43 -1.30687

44 -1.2796

45 -1.12011

46 -1.13916

47 -1.09815

48 -0.768304

49 -0.35319

50 -0.152909

51 -0.121753

52 -0.0920322

53 -0.13289

54 -0.253784

55 -0.163442

56 -0.128345

57 -0.047287

58 0.213518

59 0.194565

60 0.235417

61 0.187929

62 0.174484

63 0.189389

64 0.268233

65 0.291152

66 0.251901

67 0.269262

68 0.377528

69 0.455472

70 0.474474

71 0.464338

