6 -0.0351783

7 -0.0471256

8 -0.119154

9 -0.185611

10 -0.119454

11 -0.113226

12 -0.422419

13 -0.375578

14 -0.416817

15 -0.454394

16 -0.496566

17 -0.445709

18 -0.569232

19 -0.629215

20 -0.594553

21 -0.548193

22 -0.559811

23 -0.603566

24 -0.710391

25 -0.692975

26 -0.777013

27 -0.663802

28 -0.589521

29 -0.533333

30 -1.11745

31 -1.10064

32 -1.13967

33 -1.0288

34 -0.965085

35 -0.99064

36 -0.833885

37 -0.723417

38 -0.662972

39 -0.708683

40 -0.577882

41 -0.70541

42 -0.618934

43 -0.508964

44 -0.529589

45 -0.4155

46 -0.303111

47 -0.300503

48 -0.305071

49 -0.284307

50 -0.205013

51 -0.222204

52 -0.189158

53 0.00095035

54 0.184684

55 -0.0553097

56 0.198845

57 0.519496

58 0.710744

59 0.81796

60 0.869668

61 0.741999

62 0.951073

63 1.07214

64 1.15987

65 1.15729

66 1.22863

67 1.149

68 1.27601

69 1.42807

70 1.49277

71 1.5993

72 1.41353

73 1.231

