6 0.0280668

7 0.0336037

8 -0.000893418

9 0.0344225

10 0.224191

11 0.249068

12 0.257004

13 0.222145

14 0.0730943

15 0.11251

16 -0.0955534

17 -0.119896

18 -0.385807

19 -0.360296

20 -0.390527

21 -0.455589

22 -0.479889

23 -0.457714

24 -0.357285

25 -0.372121

26 -0.108651

27 0.0132825

28 -0.0842989

29 -0.0300219

30 -0.380204

31 -0.452157

32 -0.459006

33 -0.461083

34 -0.612749

35 -0.557107

36 -0.63779

37 -0.70561

38 -0.576527

39 -0.432723

40 -0.347715

41 -0.532336

42 -0.589443

43 -0.679664

44 -0.641012

45 -0.590918

46 -0.601274

47 -0.608031

48 -0.612232

49 -0.582576

50 -0.601636

51 -0.509536

52 -0.257641

53 -0.151889

54 -0.180508

55 -0.230905

56 -0.467688

57 -0.597461

58 -0.709501

59 -0.753149

60 -0.759702

61 -0.759318

62 -0.600898

63 -0.54867

64 -0.535019

65 -0.407633

66 -0.410786

67 -0.418416

68 -0.486546

69 -0.350844

70 -0.189626

71 -0.110877

72 -0.576082

73 -0.655195

74 -0.574432

75 -0.687917

76 -0.793007

77 -0.831925

78 -0.737808

79 -0.625768

80 -0.674675

81 -0.646558

82 -0.506453

83 -0.451927

84 -0.476795

85 -0.400697

86 -0.725222

87 -0.607434

