6 0.00902518

7 0.0100029

8 0.0282115

9 0.051161

10 0.0559401

11 -0.127218

12 -0.0723174

13 -0.0472634

14 -0.0163816

15 0.00360704

16 -0.0230752

17 0.214751

18 0.25487

19 0.257018

20 0.217822

21 0.242689

22 0.326736

23 0.22643

24 0.196253

25 0.265056

26 0.219422

27 0.392059

28 0.683952

29 1.60457

30 1.75087

31 1.77937

32 1.82099

33 1.9388

34 2.2055

35 2.28706

36 2.28964

37 2.49884

38 2.47905

39 2.63374

40 2.70596

41 2.81962

42 2.9109

43 2.62508

44 2.05788

45 2.05529

46 2.02489

47 1.91883

48 1.79044

49 1.74401

50 1.7507

51 1.58316

52 1.63279

53 1.24529

