6 0.164919

7 0.243991

8 0.254757

9 0.243962

10 0.266498

11 0.263182

12 0.198482

13 0.189968

14 0.16685

15 0.233164

16 0.14053

17 0.128612

18 0.117161

19 0.087861

20 0.0275684

21 0.0526682

22 0.00933629

23 0.158659

24 0.173081

25 0.242666

26 0.242014

27 0.382996

28 0.356078

29 0.38662

30 0.58132

31 0.602734

32 0.983699

33 1.04578

34 1.09893

35 1.10795

36 1.06857

37 1.04373

38 1.05095

39 1.12343

40 1.09018

41 1.2645

42 1.16938

43 1.20126

44 1.29788

45 1.11811

46 1.12913

47 1.86797

48 2.12641

49 2.13491

50 2.16747

51 2.23573

52 2.29257

53 2.60946

54 3.09033

55 3.18273

56 3.45462

57 3.49273

58 3.44982

59 3.36237

60 3.30381

61 3.35262

62 3.44041

63 3.40456

64 3.46148

65 3.22362

66 3.51483

67 3.34031

68 3.69435

69 3.50481

70 3.78679

71 3.74971

72 4.0461

73 4.04652

74 3.91505

75 3.84816

76 4.02235

77 4.09863

78 4.42127

79 4.53062

80 4.58035

81 4.46798

82 4.40222

83 4.71434

84 5.31932

85 5.45311

86 5.55089

87 5.45798

88 5.54412

89 5.16407

90 5.08924

91 5.1198

92 5.01255

93 4.98894

94 4.95108

95 5.04443

96 4.97646

97 4.93772

