6 -0.0331215

7 0.0506397

8 0.141568

9 0.09962

10 0.214562

11 0.412836

12 0.44566

13 0.652717

14 0.58973

15 0.770988

16 0.834322

17 0.890804

18 0.927963

19 0.857761

20 0.935624

21 0.738395

22 0.730046

23 0.596293

24 0.646363

25 0.608434

26 0.649845

27 0.603294

28 0.607613

29 0.595125

30 0.596046

31 0.661709

32 0.603458

33 0.628093

34 0.641642

35 0.722859

36 0.899946

37 1.00858

38 1.03822

39 1.01267

40 1.05897

41 1.13488

42 1.15955

43 1.01611

44 1.00982

45 0.861115

46 0.92574

47 0.874298

48 0.809241

49 0.719877

50 0.729432

51 0.800462

52 0.936513

53 1.12255

54 1.25587

55 1.39318

56 1.58274

57 2.4352

58 2.56642

59 2.4326

60 2.20651

61 0.556125

62 0.468873

63 0.33158

64 0.292976

65 0.230741

66 0.198079

67 0.180666

68 0.217257

69 0.175297

70 0.270265

71 0.36469

72 0.444505

73 0.412178

74 0.412553

75 0.533944

76 0.568064

77 -0.248844

78 -0.33941

79 -0.311516

80 -0.159446

81 -0.103606

82 -0.0381843

83 -0.0299936

84 0.0268227

85 0.275

86 0.323444

87 0.390301

88 0.434635

89 0.420773

90 0.255548

91 0.204429

92 -0.123051

93 -0.0846339

94 0.0509096

95 -0.104964

96 -0.356996

97 -0.256498

