6 -0.0280716

7 -0.0292849

8 -0.00447058

9 -0.0154155

10 -0.0635735

11 -0.0325416

12 0.127955

13 0.0385466

14 0.00837017

15 0.0331955

16 0.0509244

17 0.0979416

18 0.0898727

19 0.315865

20 0.312898

21 0.275456

22 0.315654

23 0.165627

24 0.186798

25 0.134534

26 0.105007

27 0.112419

28 0.136492

29 0.522785

30 0.54687

31 0.647548

32 0.478927

33 0.790185

34 0.805493

35 0.689721

36 0.763149

37 0.81297

38 0.929486

39 1.00546

40 0.932337

41 0.868943

42 0.875276

43 0.228665

44 0.246731

45 0.185321

46 0.025624

47 1.07872

48 1.09372

49 1.1416

50 1.13908

51 1.00357

52 0.951611

53 0.853022

54 0.80253

55 0.778921

56 0.884667

57 0.663874

58 0.771975

59 0.677106

60 0.605448

61 0.406017

62 0.398619

63 -0.195733

64 -0.138802

65 -0.164722

66 0.0379709

67 0.357208

68 0.70092

69 0.728961

70 0.572716

71 0.558532

72 0.692076

73 0.790693

74 0.799781

75 0.725259

76 1.02063

77 0.984534

78 1.1813

79 1.18986

80 0.700357

81 0.610654

82 0.803535

83 0.81315

84 0.804869

85 0.624619

86 0.796785

87 0.87074

88 1.92017

