6 0.0585113

7 0.0530613

8 0.0362998

9 0.0759221

10 0.089392

11 0.106699

12 0.167963

13 0.170971

14 0.25623

15 0.251654

16 0.274745

17 0.240403

18 0.207712

19 0.191041

20 0.173091

21 0.224809

22 0.338073

23 0.5322

24 0.632891

25 0.604839

26 0.709902

27 0.648765

28 0.642075

29 0.478894

30 0.344547

31 0.243237

32 0.163533

33 -0.100801

34 -0.20992

35 -0.250872

36 -0.362549

37 -0.369578

38 -0.41521

39 -0.339254

40 -0.334671

41 -0.449321

42 -0.375481

43 -0.391522

44 -0.627478

45 -0.787618

46 -0.786111

47 -0.733541

48 -0.767527

49 -1.43155

50 -1.68504

51 -1.71764

52 -1.81375

53 -1.98599

54 -1.96626

55 -2.01275

56 -2.05917

57 -2.08598

58 -2.08357

59 -2.07472

60 -2.2724

61 -2.79469

62 -2.97359

63 -3.27806

64 -3.28424

65 -3.37299

66 -3.4256

67 -3.36773

68 -3.53063

69 -3.54767

70 -3.40228

71 -3.5315

72 -3.60141

73 -3.61111

74 -3.56926

75 -3.65103

76 -4.11459

