6 -0.0778117

7 -0.00293304

8 -0.0536716

9 0.0349982

10 0.00424603

11 -0.0617461

12 -0.0367805

13 0.370657

14 0.345704

15 0.255726

16 0.288086

17 0.273292

18 -0.0400448

19 0.0141819

20 0.0656615

21 0.0724991

22 0.104665

23 0.163135

24 0.283121

25 0.31672

26 0.0752782

27 0.25198

28 0.489996

29 0.535764

30 0.50436

31 0.399444

32 0.491522

33 0.459638

34 0.586413

35 0.579871

36 0.816971

37 0.917549

38 0.91618

39 1.02447

40 0.166313

41 0.0684918

42 -0.251473

43 -0.196206

