6 0.0490295

7 0.104257

8 0.0455652

9 0.00808037

10 0.00946331

11 -0.0548036

12 -0.0477106

13 -0.0771715

14 -0.10282

15 -0.132689

16 -0.0310046

17 -0.252249

18 -0.215725

19 -1.45799

20 -1.44028

21 -1.47145

22 -1.50338

23 -1.44104

24 -1.62879

25 -1.60134

26 0.0727116

27 0.051239

28 0.0326513

29 0.0682454

30 0.0638359

31 0.248586

32 0.286611

33 0.334821

34 0.461

35 0.477609

36 0.534826

37 0.472882

38 0.544388

39 1.42493

40 1.45823

41 1.52542

42 1.44075

43 1.6281

44 1.21833

45 1.14094

46 1.11733

47 1.06983

48 1.06524

49 1.05636

50 1.00033

51 1.13377

52 1.06951

53 1.13299

54 1.44092

55 1.48097

56 1.53083

57 1.5558

58 1.49598

59 1.43409

60 1.42968

61 1.39709

62 1.40177

63 1.3804

64 1.35731

65 1.31786

66 1.40034

67 1.16508

68 1.20182

69 0.228101

70 0.372204

71 0.49373

72 0.040294

73 -0.0411008

74 -0.0833917

75 -0.173956

76 -0.336119

77 -0.268426

78 -0.110709

79 -0.081518

80 0.056214

81 0.0692044

82 0.112905

83 0.0312609

84 0.0915848

85 -0.75618

86 -0.769858

87 -0.814437

88 -0.851007

89 -0.771084

90 -0.963363

91 -0.901062

92 -0.14333

93 -0.105977

94 -0.195916

95 -0.22967

