6 -0.00987697

7 -0.0170541

8 0.0330144

9 -0.00751987

10 0.0216157

11 0.123707

12 0.115827

13 0.0549181

14 -0.0538097

15 -0.0488951

16 -0.105281

17 -0.102678

18 -0.116136

19 -0.114217

20 -0.104552

21 -0.160411

22 -0.0820505

23 -0.392659

24 -0.517388

25 -1.01117

26 -1.11658

27 -1.1962

28 -1.25922

29 -1.18773

30 -1.17132

31 -1.17566

32 -1.22601

33 -1.26095

34 -1.11688

35 -1.1142

36 -1.14866

37 -1.06739

38 -1.15485

39 -1.26507

40 -1.28031

41 -1.14674

42 -1.18994

43 -0.980308

44 -0.751885

45 -0.72657

46 -0.709631

47 -0.923069

48 -0.823349

49 -0.842717

50 -0.599596

51 -0.273849

52 -0.222687

53 -0.188847

54 -0.198188

55 -0.176729

56 -0.173427

57 -0.100706

58 -0.335025

59 -0.460771

60 -0.771179

61 -1.96925

