6 -0.139069

7 -0.883445

8 -0.980308

9 -1.04468

10 -0.945305

11 -1.10414

12 -1.0273

13 -1.0307

14 -0.993121

15 -0.907117

16 -0.940654

17 -1.00328

18 -1.05185

19 -1.06201

20 -1.03974

21 -1.07715

22 -1.29366

23 -1.29241

24 -1.35184

25 -1.32173

26 -1.13881

27 -1.13117

28 -1.13454

29 -1.26477

30 -1.12223

31 -1.03143

32 -1.01484

33 -1.00044

34 -1.01376

35 -1.07429

36 -1.11207

37 -1.02287

38 -1.11184

39 -1.19588

40 -1.19357

41 -1.20972

42 -1.12902

43 -1.10857

44 -1.19422

45 -1.34415

46 -1.37074

47 -1.36698

48 -1.26967

49 -1.39515

50 -1.29641

51 -1.36856

52 -1.34291

53 -1.38162

54 -1.4894

55 -2.07658

56 -2.07904

57 -1.93746

58 -1.98007

59 -1.99599

60 -2.07483

61 -1.97843

62 -1.96404

63 -1.86349

64 -1.88054

65 -1.87444

66 -1.91854

67 -1.81041

68 -1.83788

69 -1.90479

70 -1.93701

71 -1.97104

72 -2.15552

73 -2.21882

74 -2.22556

75 -2.22553

76 -2.30736

77 -2.32718

78 -2.92333

79 -3.06607

80 -3.05125

81 -2.96859

82 -2.99101

83 -2.90407

84 -1.19906

85 -1.28859

86 -1.25201

87 -1.23637

88 -1.28873

89 -1.37842

90 -1.38993

91 -1.42599

92 -1.397

93 -1.31587

94 -1.22337

95 -1.2349

96 -1.23607

97 -1.37389

98 -1.6613

99 -1.58323

100 -1.64679

101 -1.58199

102 -1.70519

103 -1.76604

104 -1.7046

105 -2.02259

106 -2.05023

107 -2.18477

