6 -0.105212

7 -0.317736

8 -0.305046

9 -0.329255

10 -0.381513

11 -0.38605

12 -0.425256

13 -0.383255

14 -0.178955

15 -0.129499

16 -0.261664

17 0.011045

18 0.223021

19 0.256949

20 0.381013

21 0.45495

22 0.571209

23 0.602246

24 0.641644

25 0.654643

26 0.624693

27 0.675081

28 0.684805

29 0.752633

30 0.801734

31 0.781451

32 0.651887

33 0.603069

34 0.620313

35 0.579344

36 0.563677

37 0.549482

38 0.556724

39 0.562558

40 0.440787

41 0.585884

42 0.580609

43 0.653817

44 0.763631

45 0.761713

46 0.885744

47 0.877066

48 0.829924

49 1.19219

50 1.17361

51 1.28633

52 1.4549

53 1.47956

54 1.46744

55 1.25306

56 1.12189

57 0.860648

58 1.05495

59 1.01052

60 1.11525

61 1.06186

62 1.04333

63 0.624233

64 0.534606

65 0.431783

66 0.432192

67 -0.0984114

68 -0.167296

69 -0.0757727

70 -0.140526

71 0.0474346

72 0.0121775

73 0.0153456

74 0.255291

75 0.336733

76 0.515674

77 0.625694

78 0.728647

79 0.817219

80 0.766143

81 0.646469

82 0.865129

83 0.794293

84 0.774604

85 0.792666

86 0.789524

87 0.627913

88 0.572369

89 0.542388

90 0.521994

91 0.794898

92 0.730628

93 0.623621

94 0.376135

95 0.217361

96 0.272665

97 0.299718

98 0.405821

99 0.476169

100 0.505373

101 0.567159

102 0.639473

103 0.62006

104 0.523454

105 0.483205

106 0.482742

107 0.525311

108 0.489945

109 0.625861

110 0.788686

111 0.831163

112 0.924913

113 1.12083

114 1.28867

115 1.30793

116 1.3667

117 1.34608

118 1.31161

119 1.33326

120 1.39592

121 -0.0976645

122 -0.0920977

123 -0.0870935

124 0.0923831

125 -0.11252

126 0.679915

127 0.731062

128 0.636433

129 0.606118

130 0.65565

131 0.505565

132 0.523049

133 -0.678638

134 -0.785778

135 -0.888142

136 -0.932152

137 -0.882519

138 -0.945337

139 -1.07688

140 -1.06096

141 -1.05582

142 -1.05947

143 -1.06505

144 -1.04351

145 -0.686983

