6 -0.118935

7 -0.0209443

8 0.124277

9 0.121737

10 0.0995029

11 -0.0167962

12 -0.12192

13 -0.163296

14 -0.843889

15 -0.98586

16 -1.02969

17 -1.13385

18 -1.07121

19 -1.22461

20 -1.00244

21 -0.848012

22 -0.753918

23 -0.785686

24 -0.732406

25 -0.472997

26 -0.461532

27 -0.326094

28 -0.0263707

29 0.0764121

30 0.437644

31 0.456658

32 0.490913

33 0.297185

34 -0.488239

35 -0.430817

36 -0.535289

37 -0.616788

38 -0.681112

39 -0.654488

40 -0.597583

41 -0.56077

42 -0.569447

43 -0.453703

44 -0.553963

45 -0.577949

46 -0.99927

47 -1.35984

48 -1.47214

49 -1.42408

50 -1.30384

51 -1.35521

52 -1.36091

53 -1.39018

54 -1.2271

