6 -0.0617523

7 0.0469494

8 0.0542791

9 0.0402795

10 0.0541193

11 0.0259162

12 -0.00582398

13 0.00251546

14 -0.0200441

15 0.127782

16 0.242627

17 0.244437

18 0.202457

19 0.181565

20 0.262818

21 0.254793

22 0.312536

23 0.243999

24 0.259929

25 0.503621

26 0.682822

27 0.579584

28 0.652587

29 0.400692

30 0.43557

31 0.438917

32 0.37596

33 0.453402

34 0.440834

35 0.14541

36 0.0363852

37 0.060917

38 0.164043

39 0.233937

40 0.259831

41 0.268351

42 0.18858

43 0.251534

44 0.397088

45 0.507079

46 0.457496

47 0.471387

48 0.571658

49 0.650595

50 0.635701

51 0.590437

52 0.301244

53 -0.544255

54 -0.454912

55 -0.60267

56 -0.65805

57 -0.657255

58 -0.45142

59 -0.456464

60 -0.466857

61 -0.513739

62 -0.510551

63 -0.432423

64 -0.478781

65 -0.617148

66 -0.571365

67 -0.504544

68 -0.549921

69 -0.382962

70 0.356113

71 0.386772

72 0.27254

73 0.0681635

74 -0.896472

75 -0.972898

76 -1.01485

77 -1.06815

78 -0.97693

79 -0.933612

80 -0.915664

81 -0.94765

82 -0.95983

83 -0.203449

84 -0.200223

85 -0.275352

86 -0.336126

87 -0.422551

88 -0.476194

89 -0.475508

90 -0.484716

91 -0.476103

92 -0.45867

93 -0.916958

94 -1.02555

95 -1.09441

96 -1.13689

97 -1.1717

98 -1.21101

99 -1.22701

100 -1.23773

101 -1.28965

102 -1.22545

103 -1.13263

104 -1.12183

105 -1.4614

106 -1.49425

107 -1.39283

108 -1.40182

109 -1.38253

110 -1.39415

111 -1.28943

112 -1.28213

113 -1.22063

114 -1.14142

115 -1.17197

