6 -0.0372085

7 -0.028883

8 -0.0610724

9 -0.0635377

10 -0.38381

11 -0.391245

12 -0.526599

13 -0.548298

14 -0.638099

15 -0.605663

16 -0.502528

17 -0.60029

18 -0.589023

19 -0.671373

20 -0.588043

21 -0.55061

22 -0.564753

23 -0.597863

24 -0.559582

25 -0.559951

26 -0.709509

27 -0.587514

28 -0.0459111

29 0.00560765

30 -0.0724415

31 0.073098

32 -0.0454734

33 0.0689862

34 -0.0221454

35 0.0348579

36 -0.143498

37 0.0223125

38 0.0479174

39 0.175144

40 0.215201

41 0.29143

42 0.273169

43 0.315643

44 0.335819

45 0.418544

46 0.483153

47 0.651705

48 0.64715

49 0.696042

50 0.708901

51 0.766157

52 0.714187

53 0.631642

54 0.500505

55 0.448166

56 0.411607

57 0.3061

58 -0.0529862

59 -0.0415017

60 0.00790397

61 -0.0196556

62 -0.0837537

63 -0.0774906

64 -0.132918

65 -0.111754

66 -0.0609055

67 -0.0544996

68 0.0683646

69 0.0852961

70 0.000682781

71 -0.160296

72 -0.644259

73 -0.733326

74 -0.693745

75 -0.643938

76 -0.627675

77 -0.537608

78 -0.475961

79 -0.508376

80 -0.511716

81 -0.365973

82 -0.335781

83 -0.44095

84 -0.412242

85 -0.481243

86 -0.581924

87 -0.632511

88 -0.706765

89 -0.76131

90 -0.781777

91 -0.759642

92 -0.825997

93 -0.867219

94 -0.993364

95 -0.980413

96 -0.882558

97 -0.416707

98 -0.378863

99 -0.383168

100 -0.492839

101 -0.357421

102 -0.356644

103 -0.0808791

104 0.00474237

105 -0.0223633

106 -0.185878

107 -0.132212

108 0.118968

109 -0.0113919

110 -0.0812043

111 0.098479

112 0.148544

113 0.380781

114 0.528329

115 0.548804

116 0.700963

117 0.777904

118 0.794278

119 0.963566

120 0.121308

