6 -0.050473

7 -0.039973

8 -0.0781324

9 -0.0941423

10 -0.119465

11 -0.00937225

12 -0.245538

13 -0.333098

14 -0.433387

15 -0.428171

16 -0.295972

17 -0.264538

18 -0.250392

19 -0.229514

20 -0.267133

21 -0.371278

22 -0.304814

23 -1.13294

24 -1.26368

25 -1.29426

26 -1.34237

27 -1.25831

28 -1.08452

29 -1.06665

30 -0.987287

31 -0.992444

32 -0.750451

33 -0.561719

34 -0.393568

35 -0.330616

36 -0.358399

37 -0.192288

38 -0.128236

39 -0.0663372

40 -0.0852929

41 -0.234828

42 -0.237147

43 -0.408847

44 -0.365482

45 -0.378333

46 -0.410717

47 -0.40841

48 -0.495677

49 -0.655887

50 -0.695729

51 -0.667103

52 -0.677934

53 -0.782245

54 -1.48073

55 -1.56609

56 -1.60048

57 -1.61938

58 -1.68468

59 -1.69846

60 -1.72745

