6 0.081249

7 0.0849925

8 0.141459

9 0.129499

10 0.0223476

11 0.0124275

12 -0.0167824

13 -0.568298

14 -0.553585

15 -0.520187

16 -0.465906

17 -0.418414

18 -0.442359

19 -0.495098

20 -0.34531

21 -0.305101

22 -0.2324

23 -0.165001

24 -0.115534

25 -0.116272

26 -0.325674

27 -0.337565

28 -0.288756

29 -0.384721

30 -0.32725

31 0.23884

32 0.238763

33 0.323602

34 0.350888

35 0.345203

36 0.374341

37 0.35604

38 0.452286

39 0.544327

40 0.831158

41 0.839182

42 0.812693

43 0.844677

44 0.952425

45 0.908705

46 0.904479

47 0.94578

48 0.625689

49 0.863152

50 0.638496

51 0.901645

52 1.39912

53 1.52988

54 1.61056

55 1.65097

56 1.66761

57 1.73176

58 1.95655

59 1.65873

60 1.80523

61 1.76088

62 1.74607

63 1.65589

64 1.77603

65 1.91897

66 1.94334

67 1.90097

68 1.93026

69 1.9845

70 1.97119

71 1.94387

72 2.02935

73 2.16164

74 2.26716

75 2.27439

76 2.32979

77 2.41581

78 2.63692

79 1.52045

80 1.53642

81 1.48149

82 1.44694

83 1.46658

84 1.42277

85 1.42726

86 1.42134

87 1.39654

88 1.55341

89 1.50552

90 1.49234

91 1.4745

92 1.42116

93 2.15981

94 2.18909

95 2.32134

96 2.29477

97 2.29804

98 2.47703

99 1.62333

100 1.60232

101 1.3741

102 1.44633

103 1.23234

104 1.04971

105 1.25603

106 1.71471

107 1.85402

108 1.38901

109 1.45986

110 1.48121

111 1.56299

112 1.4606

113 1.28592

114 1.14946

115 0.936131

116 0.87528

117 0.921997

118 0.95754

119 1.03508

120 1.10488

121 0.966658

122 0.965737

123 0.979537

124 1.0307

125 1.01786

126 1.02969

127 1.19411

128 1.79559

129 2.06029

130 2.3381

131 2.84987

132 2.85607

133 2.83775

134 2.54128

135 2.54651

136 2.64477

137 2.75358

138 2.84732

139 2.92432

140 2.97369

141 3.07172

142 3.10966

143 3.06981

144 3.25779

145 3.31865

146 3.37634

147 3.30606

148 3.27527

149 3.59332

150 3.65323

151 3.69312

152 3.6515

153 3.69076

154 3.54389

155 3.50087

156 3.44004

157 2.87798

158 2.63756

159 2.85301

160 2.90288

161 3.04862

162 3.24624

