6 -0.097067

7 -0.0788681

8 0.0309835

9 0.125089

10 0.194958

11 0.196046

12 0.174304

13 0.21241

14 0.30921

15 0.311664

16 0.301766

17 0.266914

18 0.235864

19 0.254079

20 0.324412

21 0.389066

22 0.454988

23 0.516723

24 0.596097

25 0.693053

26 0.67479

27 0.684675

28 0.732627

29 0.726317

30 0.625461

31 0.846608

32 1.39356

33 1.5603

34 1.3786

35 1.50687

36 1.64662

37 1.73296

38 1.78647

39 1.88926

40 1.9038

41 1.79964

42 1.80944

43 1.65618

44 1.63449

45 1.695

46 1.50626

47 1.37397

48 1.20389

49 1.19289

50 1.11116

51 1.07302

52 0.994341

53 0.880753

54 0.693611

55 0.685877

56 0.772697

57 0.696429

58 0.863708

59 0.801777

60 0.830302

61 0.986298

62 1.11306

63 1.17834

64 1.12711

