6 -0.0313449

7 -0.0240558

8 0.049957

9 0.0871573

10 0.0691579

11 0.00171741

12 0.0308194

13 0.0821212

14 0.0722346

15 0.405905

16 0.59235

17 1.12109

18 1.18121

19 1.13869

20 1.17234

21 1.24083

22 1.31783

23 1.20779

24 1.34656

25 1.31649

26 1.2341

27 1.49014

28 1.43761

29 1.3455

30 1.69485

31 2.55479

32 2.61992

33 2.61146

34 2.6582

35 2.76759

36 2.79207

37 2.77981

38 2.7548

39 2.82083

40 2.80782

41 2.72172

42 2.76505

43 2.82743

44 2.79339

45 2.75337

46 2.85421

47 3.01187

48 2.91693

49 3.08187

50 3.24542

51 3.31271

52 3.25893

53 3.20303

54 2.836

55 2.53208

56 2.53466

57 2.58095

58 2.55765

59 2.31778

60 2.29308

61 2.24893

62 2.28263

63 2.44968

64 2.47338

65 2.49773

66 1.69415

67 1.80365

68 1.69072

69 1.86446

70 1.7615

71 1.87826

72 2.09084

73 2.21667

74 2.57191

75 2.78561

76 2.49715

77 2.48465

78 2.50517

79 2.50508

80 2.14403

81 2.24595

82 2.0936

83 2.34766

84 2.3929

85 2.64638

86 2.75558

87 2.68468

88 2.87345

89 3.0416

90 3.0719

91 3.08713

92 2.7089

93 2.66346

94 2.82904

95 2.7915

96 2.6663

97 2.97816

98 3.12565

99 3.46077

100 3.55956

101 3.67163

102 3.96793

103 4.0865

104 4.17966

105 4.32814

106 4.44031

107 4.49641

108 4.46288

109 4.70017

110 4.70484

111 4.72099

112 4.27202

113 4.15469

114 4.07768

115 4.00205

116 4.03094

117 4.08475

118 5.46428

119 5.69015

120 5.80678

121 5.91261

122 5.81633

123 5.73167

124 5.67341

125 5.64498

126 5.65391

127 5.69945

128 5.77953

129 5.75423

130 5.89999

131 6.01299

132 6.35845

133 6.48341

134 6.39063

135 6.4181

136 6.29968

137 6.20291

138 6.37815

139 6.22203

140 6.53903

141 6.91849

142 7.25902

143 7.45502

144 7.25892

