6 -0.0477837

7 -0.0584627

8 -0.0134866

9 0.0526134

10 0.0338879

11 0.0735683

12 0.0943472

13 0.150395

14 0.215746

15 0.267948

16 0.616455

17 0.66618

18 0.722743

19 0.708696

20 0.608162

21 0.599971

22 0.640347

23 0.689957

24 0.687877

25 0.679417

26 0.796413

27 0.858845

28 0.605858

29 0.757276

30 0.780283

31 0.877028

32 0.861441

33 0.780338

34 0.591947

35 0.477867

36 0.452835

37 0.469174

38 0.394434

39 0.216315

40 0.216333

41 0.273548

42 0.264997

43 0.22888

44 0.229579

45 0.220585

46 0.255422

47 0.192757

48 0.163907

49 0.18672

50 0.339452

