6 -0.0365813

7 -0.0417034

8 0.00714751

9 -0.086582

10 -0.0503523

11 0.0514507

12 -0.00695996

13 0.109496

14 0.271602

15 0.279912

16 0.270064

17 0.288956

18 0.106993

19 1.19698

20 1.19839

21 1.16712

22 0.978053

23 0.889223

24 0.934409

25 0.859873

26 1.01056

27 1.12383

28 1.13637

29 1.11929

30 1.14366

31 1.193

32 1.13619

33 0.989159

34 1.02335

35 0.920145

36 -1.16869

37 -1.40218

38 -1.46574

39 -1.67736

40 -1.70938

41 -1.61749

42 -1.45864

43 -1.56635

44 -1.31166

45 -1.30034

46 -0.982754

47 -1.03121

48 -0.96142

49 -1.07083

50 -1.11821

51 -1.11274

52 -1.26675

53 -1.27472

54 -1.22037

55 -1.2538

56 -1.271

57 -1.13631

58 -1.11355

59 -1.19474

60 -1.10531

61 -1.10638

62 -1.11685

63 -1.15402

64 -1.23996

65 -1.23778

66 -1.24458

67 -1.2656

68 -1.08156

69 -1.00083

70 -0.935111

71 -0.939204

72 -0.945082

73 -0.947001

74 -0.998045

75 -0.936578

76 -1.00172

77 -1.07283

78 -0.933735

79 -1.06111

80 -1.1199

81 -1.17498

82 -1.23579

83 -1.38825

84 -1.19538

85 -1.24319

86 -1.16116

87 -1.1301

88 -1.02389

89 -1.06728

90 -1.01453

91 -1.02001

92 -0.94842

93 -0.894121

94 -1.14157

95 -0.952467

96 -1.15238

97 -1.5497

98 -1.4838

99 -1.37525

100 -1.39491

101 -1.24389

102 -1.13945

103 -1.11382

104 -1.05939

105 -1.22567

106 -1.36297

107 -1.61812

108 -0.440414

109 -0.398476

110 -0.369046

111 -0.417572

112 -0.405731

113 -0.326017

114 -0.375708

115 -0.594162

116 -0.683127

117 -0.31948

118 -0.159577

119 -0.167249

120 -0.155146

121 -0.023745

122 0.0505956

123 -0.00520635

124 -0.0326879

125 0.0232384

126 0.0200491

127 -0.000510305

128 -0.0909908

129 -0.100704

130 -0.23364

131 -0.758284

132 -0.897014

133 -0.835674

