6 0.0305325

7 -0.00963737

8 -0.0369424

9 0.0354043

10 0.0798207

11 0.0869098

12 0.090475

13 -0.0112824

14 -0.221322

15 -0.221107

16 -0.310053

17 -0.383912

18 -0.219374

19 -0.186956

20 -0.128784

21 -0.113907

22 -0.0514606

23 0.0353415

24 0.0850597

25 0.200747

26 0.310457

27 0.292734

28 0.231532

29 0.270859

30 -0.136866

31 -0.135509

32 -0.236638

33 -0.218118

34 0.124848

35 0.00223995

36 -0.0379645

37 -0.0552997

38 -0.100215

39 -0.051647

40 -0.118165

41 -0.0230017

42 -0.00434998

43 0.040942

44 -0.01056

45 0.00205498

46 -0.0283787

47 -0.126504

48 -0.154971

49 -0.170602

50 -0.161739

51 -0.160728

52 -0.0729835

53 -0.0580591

54 -0.120212

55 -0.253842

56 -0.185514

57 -0.126724

58 -0.136463

59 0.0233899

60 -0.0145755

61 0.0471962

62 0.098186

63 0.129228

64 0.122412

65 0.0174123

66 0.114737

67 0.0181444

68 0.0948342

69 0.118295

70 0.375384

71 0.385866

72 0.322903

73 0.299027

74 0.402996

75 0.477366

76 0.479725

77 0.543925

78 0.453425

79 0.37075

80 0.323008

81 0.335655

82 0.267069

83 0.280953

84 0.303333

85 0.269789

86 -0.0318199

87 -0.21373

88 -0.317359

89 -0.142232

90 -0.173748

91 0.0345563

92 0.0490044

93 0.0771349

94 0.143614

95 0.195565

96 0.16168

97 0.186941

98 0.281529

99 0.182246

100 -1.06092

101 -1.03637

102 -0.989161

103 -1.14406

104 0.896793

105 1.0046

106 1.03382

107 1.00455

108 0.977055

109 1.04248

110 0.999185

111 0.742106

112 0.550261

113 0.494403

114 0.505731

115 0.598015

116 0.531042

117 0.644797

118 0.764292

119 0.769575

120 0.767919

121 0.729892

122 0.629611

123 0.26223

124 0.41174

125 0.445149

126 0.133064

127 1.53528

