6 -0.0574961

7 -0.0409008

8 -0.0819248

9 -0.0577807

10 -0.235857

11 -0.275719

12 -0.121529

13 -0.165223

14 0.0660947

15 0.457879

16 0.499795

17 0.50992

18 0.283861

19 -1.03066

20 -1.18016

21 -1.34231

22 -1.44745

23 -1.47737

24 -1.41865

25 -1.54754

26 -1.47424

27 -1.4077

28 -1.43008

29 -1.47611

30 -1.44366

31 -1.44077

32 -1.53226

33 -1.64705

34 -1.68386

35 -1.71516

36 -1.72953

37 -1.73921

38 -1.73849

39 -1.7662

40 -1.82217

41 -1.76449

42 -1.87726

43 -1.87912

44 -1.99083

45 -1.98096

46 -2.05085

47 -1.97515

48 -2.08381

49 -2.12315

50 -1.93356

51 -1.89218

52 -1.61245

53 -1.29741

54 -1.27082

55 -1.28111

56 -1.3061

57 -1.27262

58 -1.32827

59 -1.40999

60 -1.40611

61 -3.26005

62 -3.47783

63 -3.54634

64 -3.58407

65 -3.62203

66 -3.61769

67 -3.65556

68 -3.73316

