6 -0.016476

7 -0.0410834

8 -0.0434646

9 -0.103799

10 -0.103392

11 -0.108887

12 -0.448217

13 -0.390563

14 -0.393305

15 -0.348922

16 -0.284234

17 -0.252393

18 -0.210306

19 0.37492

20 0.400856

21 0.440237

22 0.505852

23 0.593617

24 0.432335

25 0.424529

26 -0.580875

27 -0.682123

28 -0.81761

29 -0.929027

30 -0.999234

31 -1.07076

32 -1.0621

33 -0.965197

34 -0.95223

35 -0.890433

36 -0.981027

37 -0.931474

38 -0.88742

39 -0.98668

40 -1.05838

41 -1.71302

42 -1.77307

43 -1.73948

