6 0.123751

7 0.154428

8 0.128148

9 0.163156

10 0.098228

11 0.128279

12 0.0860039

13 0.115693

14 0.111588

15 0.18199

16 0.270012

17 0.177556

18 0.029091

19 0.18434

20 0.13384

21 0.30447

22 0.235185

23 0.131776

24 0.599648

25 0.672059

26 0.687715

27 0.732753

28 0.610754

29 0.622339

30 0.795982

31 0.891937

32 0.981985

33 0.844744

34 1.04712

35 1.07674

36 0.997199

37 1.13213

38 1.21188

39 1.14601

40 1.66231

41 1.84854

42 1.99937

43 2.00917

44 2.01539

45 2.0161

46 2.05645

47 2.0272

48 1.88478

49 1.8886

50 2.08733

51 2.23193

52 2.36412

53 2.44833

54 2.49009

55 2.42659

56 2.64022

57 3.41999

58 3.44911

59 3.35121

60 3.34311

61 3.28863

62 3.14661

63 3.0959

64 3.24228

65 2.60552

66 3.15892

67 3.60933

68 3.63749

69 3.62962

70 3.37582

71 3.43039

72 3.42765

73 3.35884

74 3.56085

75 4.16563

76 4.17804

77 4.14862

78 4.11539

79 4.04792

80 3.99634

81 4.02515

82 3.94945

83 3.7023

84 3.54424

85 2.34463

86 2.31368

87 2.29628

88 2.33055

89 2.3018

90 2.34419

91 2.27926

92 2.23194

93 2.217

94 2.20271

95 2.16839

96 2.12842

97 2.13375

98 2.05593

99 2.14603

100 2.12535

101 2.10018

102 2.04642

103 2.01122

104 2.08401

105 1.98096

106 2.01099

107 1.78878

108 1.69848

109 1.80456

110 1.75109

111 1.79454

112 1.69914

113 1.85205

114 1.99539

115 2.12149

116 2.0604

117 2.06976

118 1.87621

