6 0.0865761

7 0.137823

8 0.122135

9 0.114313

10 0.117781

11 0.156878

12 0.193165

13 0.198187

14 0.171986

15 0.0569397

16 0.111675

17 0.145095

18 0.516824

19 0.482141

20 0.7288

21 0.526467

22 0.857264

23 1.19177

24 1.26319

25 1.26175

26 1.26135

27 0.925401

28 0.821908

29 1.12566

30 1.0766

31 1.34209

32 1.34446

33 1.34401

34 1.59983

35 1.77058

36 1.88674

37 1.92648

38 1.91021

39 1.93828

40 2.03235

41 1.78394

42 1.88115

43 2.02878

44 2.04209

45 2.14215

46 2.29178

47 2.49528

48 2.64224

49 2.77152

50 2.66684

51 2.6911

52 2.68964

53 2.68738

54 2.69113

55 2.65847

56 2.54158

57 2.51784

58 2.52061

59 2.52683

60 2.47253

61 2.28592

62 2.39962

63 2.31919

64 2.31073

65 2.20449

66 2.26804

67 2.3079

68 2.36272

69 2.53889

70 2.47637

71 2.59663

72 2.78967

73 2.83338

74 2.83665

75 2.69385

76 2.80954

77 2.90928

78 2.94638

79 2.91161

80 2.93273

81 2.84025

82 2.81685

83 2.92855

84 2.88149

85 3.56833

86 3.57682

87 3.54501

88 3.73991

89 3.53698

90 3.81619

91 4.77688

92 4.82091

93 4.87784

94 4.84807

95 4.88593

96 4.95719

97 5.04284

98 5.0429

99 5.09211

100 5.22927

101 5.2452

102 5.26851

103 5.28119

104 5.20336

105 5.21993

106 5.248

107 5.28594

108 5.38762

109 5.29002

110 5.25332

111 5.24133

112 5.34198

113 5.42911

114 4.76843

115 4.97104

116 4.8707

117 4.66417

118 4.58573

119 4.55547

120 4.49162

121 4.51572

122 4.38278

123 4.2477

124 4.41598

125 4.46688

126 5.07297

127 5.10419

128 5.01496

129 4.80849

130 4.7393

131 4.58005

132 4.57313

133 4.5381

134 4.513

