6 -0.0645269

7 -0.0677707

8 -0.0711508

9 -0.117877

10 -0.154343

11 -0.151898

12 -0.155255

13 -0.216146

14 -0.23764

15 -0.181719

16 -0.133367

17 -0.253718

18 -0.404363

19 -0.313581

20 -0.24166

21 -0.256054

22 -0.204614

23 -0.220092

24 -0.298459

25 -0.213865

26 -0.154385

27 -0.133278

28 -0.116238

29 -0.151159

30 -0.225708

31 -0.175598

32 -0.230798

33 -0.665733

34 -0.695141

35 -0.921206

36 -0.983552

37 -0.992796

38 -0.944798

39 -0.984476

40 -1.00071

41 -1.00791

42 -1.01821

43 -0.93371

44 -0.903365

45 -1.00549

46 -0.977779

47 -0.634635

48 -0.678397

49 -0.825256

50 -0.81215

51 -1.1132

52 -1.10274

53 -1.17001

54 -1.30699

55 -1.20742

56 -1.16698

57 -1.23111

58 -1.14963

59 -1.17865

60 -1.40659

61 -1.5314

62 -1.55673

63 -1.50488

64 -1.38763

65 -1.35269

66 -1.29117

67 -1.40426

68 -1.4077

69 -1.50673

70 -1.3749

71 -1.56618

72 -1.80172

73 -1.36977

