6 0.10628

7 0.116496

8 0.119326

9 0.113813

10 0.129573

11 0.159769

12 0.132296

13 0.1286

14 0.107649

15 0.155617

16 0.0852367

17 0.041863

18 0.0329271

19 -0.124112

20 0.0126016

21 0.280575

22 0.294855

23 0.420083

24 0.501644

25 0.55055

26 0.653082

27 0.807608

28 0.710789

29 0.67262

30 0.338189

31 0.250694

32 -0.816855

33 -0.968535

34 -1.00325

35 -0.866194

36 -0.996006

37 -0.817373

38 -0.439332

39 -0.222704

40 -0.277925

41 -0.170688

42 -0.120592

43 -0.00737667

44 0.0120183

45 0.0899455

46 0.164319

