6 0.0963399

7 0.14636

8 0.13445

9 0.134858

10 0.128939

11 0.153496

12 0.209715

13 0.212356

14 0.187086

15 0.484347

16 0.414763

17 0.688632

18 0.523879

19 0.837793

20 1.20487

21 1.24884

22 1.20082

23 1.23221

24 0.865495

25 0.878391

26 0.832397

27 0.996949

28 1.45783

29 1.64393

30 1.78545

31 1.80732

32 1.81115

33 1.83874

34 1.95494

35 1.75785

36 1.80583

37 1.79133

38 1.63911

39 1.75827

40 1.92714

41 2.09966

42 2.16369

43 2.28553

44 2.25131

45 2.26629

46 2.22691

47 2.27289

48 2.33195

49 2.37278

50 2.37874

51 2.4767

52 2.47355

53 2.4502

54 2.50979

55 2.47725

56 2.39138

57 2.42041

58 2.63145

59 2.70025

60 2.75129

61 2.68075

62 2.78316

63 3.05627

64 3.10313

65 3.0235

66 2.98718

67 3.12341

68 3.35697

69 3.33908

70 3.40411

71 3.41135

72 3.3253

73 3.40033

74 3.45785

75 3.45294

76 3.3855

77 3.32721

78 3.26646

79 3.35749

80 3.76875

81 3.82697

82 3.54917

83 3.81737

84 4.4602

85 4.62995

86 4.66102

87 4.68576

88 4.67737

89 4.68177

90 4.7158

91 4.68413

92 4.70043

93 4.89987

94 5.33526

95 5.42854

96 5.02678

97 4.88598

98 4.78386

99 4.7234

100 4.62193

101 4.70539

102 4.47195

103 4.27127

104 4.11587

105 4.24701

106 4.28408

107 4.62495

108 4.85891

109 4.36826

