6 0.0160507

7 0.12434

8 0.133163

9 0.167155

10 0.156414

11 0.0949447

12 0.148858

13 0.155911

14 0.171258

15 0.205273

16 0.156388

17 -0.00892286

18 -0.124364

19 -0.20961

20 -0.287835

21 -0.289291

22 -0.225857

23 -0.419314

24 -0.048726

25 0.147905

26 0.176654

27 0.293814

28 0.228961

29 0.277249

30 0.188833

31 0.277758

32 0.310687

33 0.283169

34 0.358182

35 0.0926358

36 -0.142922

37 -0.20913

38 -0.1857

39 -0.201072

40 -0.232978

41 -0.203838

42 -0.215024

43 -0.224647

44 -0.280238

45 -0.321931

46 -0.376294

47 -0.379433

48 -0.436437

49 -0.412271

50 -0.461477

51 -0.0915714

52 0.0764281

53 0.216482

54 0.287296

55 0.284773

56 0.260662

57 0.318599

58 0.344131

59 0.357736

60 0.395165

61 0.326703

62 0.141297

63 0.0368449

64 -0.0403244

65 -0.108564

66 -0.11444

67 -0.0612572

68 -0.286839

69 0.0257132

70 0.174798

71 0.107805

72 0.129641

73 0.0797635

74 0.116346

75 0.0361223

76 0.120712

77 0.149675

78 0.119577

79 0.18897

80 -0.0835488

81 -0.33082

82 -0.417176

83 -0.391718

84 -0.389153

85 -0.502561

86 -0.43915

87 -0.317495

88 -0.286945

