6 -0.0266916

7 -0.0792194

8 -0.140621

9 -0.115888

10 -0.154168

11 -0.123977

12 0.0832271

13 -0.072678

14 -0.636844

15 -0.690363

16 -0.721271

17 -0.645468

18 -0.399657

19 -0.952828

20 -1.08267

21 -1.18423

22 -1.24998

23 -1.30421

24 -1.34413

25 -0.963102

26 -0.928366

27 -0.808556

28 -0.699502

29 -0.689843

30 -0.750199

31 -0.750259

32 -0.757336

33 -0.705543

34 -0.38073

35 -0.361136

36 -0.397957

37 -0.491953

38 -0.472413

39 -0.51074

40 -0.730739

41 -0.760147

42 -0.68128

43 -0.68035

44 -0.748785

45 -0.72579

46 -0.832831

47 -0.89832

48 -0.955254

49 -0.984121

50 -0.901894

51 -0.72899

52 -0.658627

53 -0.617084

54 -0.784569

55 -0.78236

56 -0.77433

57 -0.787685

58 -0.932545

59 -1.02807

60 -1.0765

61 -0.970597

62 -0.981886

63 -0.914126

64 -0.849113

65 -1.02457

66 -1.00416

67 -1.09461

68 -1.10231

69 -1.2062

70 -1.51214

71 -1.6844

72 -1.66087

73 -1.621

74 -1.55247

75 -1.58618

76 -1.61675

77 -1.60855

78 -1.64927

79 -1.63206

80 -1.47168

81 -1.26237

82 -1.15663

83 -1.17578

84 -1.15469

85 -1.3586

86 -1.39237

87 -1.72493

88 -1.67571

89 -1.72994

90 -1.80766

91 -1.84125

92 -1.80211

