6 -0.0191922

7 -0.052345

8 -0.074357

9 -0.106286

10 -0.123073

11 -0.123514

12 -0.146322

13 -0.130872

14 -0.212293

15 -0.268051

16 -0.267148

17 -0.314231

18 -0.34195

19 -0.248735

20 -0.16742

21 -0.344624

22 -0.348234

23 -0.613766

24 -0.813458

25 -0.93671

26 -0.731955

27 -0.581049

28 -0.54378

29 -0.452021

30 -0.185574

31 -0.140473

32 -0.267318

33 -0.383147

34 -0.570389

35 -0.686841

36 -0.611302

37 -0.518981

38 -0.496213

39 -0.216432

40 -0.165617

41 -0.0988849

42 -0.123954

43 -0.116902

44 -0.0686156

45 -0.0231059

46 -0.174373

47 -0.164911

48 -0.327233

49 -0.294143

50 -0.29605

51 -0.491886

52 -0.540401

53 -0.72206

54 -0.651654

55 -0.661976

56 -0.786604

57 -0.589312

58 -0.60083

59 -0.566242

60 -0.648569

61 -0.454944

62 -0.398592

63 -0.414652

64 -0.425948

65 -0.488837

66 -0.458868

67 -1.36455

68 -1.26376

69 -1.28385

70 -1.27268

71 -1.29462

72 -1.39284

73 -1.81744

74 -1.74779

75 -1.65595

76 -1.70012

77 -1.91637

78 -1.98458

79 -2.03015

80 -1.97922

81 -2.32954

82 -2.43649

