6 -0.0715649

7 -0.0513638

8 0.151322

9 0.341202

10 0.49309

11 0.507144

12 0.509917

13 0.477992

14 0.432938

15 0.415961

16 0.398949

17 0.333805

18 0.310557

19 0.31692

20 0.224234

21 0.215196

22 0.202324

23 0.0953003

24 0.1293

25 -0.393349

26 -0.426846

27 -0.441711

28 -0.489506

29 -0.406222

30 -0.295473

31 0.0493474

32 0.0210001

33 0.125932

34 0.221091

35 0.287846

36 0.233566

37 0.298213

38 0.779285

39 0.89743

40 0.81027

41 0.838869

42 0.827464

43 0.798337

44 0.811615

45 0.843262

46 1.14441

47 1.11644

48 1.16685

49 1.03973

50 1.0889

51 0.869437

52 0.849917

53 0.707964

54 0.839834

55 0.945091

56 0.982876

57 0.939607

58 0.915767

59 0.952907

60 0.918591

61 0.89905

62 0.752811

63 0.704622

64 0.783782

65 0.902919

66 0.88581

67 1.01576

68 1.0559

69 0.788339

70 0.81024

71 0.825165

72 0.838333

73 1.41389

74 1.38478

75 1.43169

76 1.46001

77 1.54113

78 1.6621

79 1.77572

80 1.57672

81 1.58832

82 1.4733

83 1.20284

84 1.29001

85 1.26489

86 1.01367

87 0.805546

88 0.84853

89 0.770692

90 0.808051

91 0.876534

92 0.861213

93 0.885891

