6 -0.0760092

7 -0.0793926

8 0.00244363

9 -0.0529408

10 -0.117463

11 -0.113849

12 -0.1061

13 -0.184379

14 -0.224097

15 -0.224965

16 -0.135562

17 -0.130221

18 -0.0722359

19 -0.066283

20 -0.110914

21 -0.131724

22 -0.175684

23 -0.233096

24 -0.221699

25 -0.228756

26 -0.25577

27 -0.179269

28 -0.42828

29 -0.427086

30 -0.554119

31 -0.465624

32 -0.683823

33 -0.76088

34 -0.762004

35 -0.87896

36 -1.00141

37 -0.859686

38 -0.683223

39 -0.661133

40 -0.591295

41 -0.553589

42 -0.578654

43 -0.524052

44 -0.830218

45 -1.98938

46 -2.04395

47 -1.99041

48 -2.01228

49 -2.09502

50 -2.13993

51 -2.11948

52 -2.30966

53 -2.43513

54 -2.44517

55 -2.55401

56 -2.49894

57 -2.45962

58 -2.4128

59 -2.49055

60 -2.61333

61 -2.74386

62 -2.72568

63 -2.91114

64 -2.91875

65 -3.01444

66 -2.89032

