6 0.0843914

7 -0.0520971

8 0.0178595

9 -0.101361

10 -0.0859284

11 -0.219289

12 -0.260165

13 -0.717636

14 -0.84466

15 -0.946022

16 -0.99554

17 -1.00092

18 -0.990705

19 -0.989712

20 -0.947073

21 -0.965189

22 -0.847762

23 -0.819109

24 -0.945279

25 -0.859807

26 -0.288915

27 -0.365905

28 0.0571059

29 0.05672

30 -0.00858766

31 0.0100663

32 -0.0397768

33 -0.19008

34 -0.353616

35 -2.03577

36 -2.14845

37 -2.21623

38 -2.21716

39 -2.08205

40 -2.19527

41 -2.47754

42 -2.50281

43 -2.52189

44 -2.58804

45 -1.41284

46 -1.53498

47 -1.48102

48 -1.47068

49 -1.55672

50 -1.52701

51 -1.58328

52 -1.67034

53 -1.78081

54 -1.84007

55 -1.85481

56 -1.89561

57 -1.67941

58 -1.34457

59 -1.2665

60 -1.44876

61 -2.00519

62 -2.03662

63 -2.01924

64 -1.97623

65 -1.86088

66 -2.01053

67 -1.90216

68 -2.01844

69 -2.01791

70 -1.95591

71 -1.83712

72 -1.94772

73 -1.95565

74 -1.88098

75 -1.89296

76 -1.9489

77 -2.02011

78 -2.04118

79 -1.94584

80 -1.90919

81 -2.02627

82 -1.96152

83 -1.89567

84 -2.10052

85 -2.53261

86 -2.68468

87 -2.80741

88 -2.7853

89 -2.91373

90 -2.93214

91 -2.85225

92 -2.7431

93 -2.67622

94 -2.63437

95 -2.66267

96 -2.99189

97 -3.06855

