6 -0.0300102

7 0.0545812

8 -0.161304

9 -0.17874

10 -0.504664

11 -0.685262

12 -0.681874

13 -0.733108

14 -0.80581

15 -0.844479

16 -0.907409

17 -0.908311

18 -0.815995

19 -0.878847

20 -0.973895

21 -0.954819

22 -1.01449

23 -0.808896

24 -0.849125

25 -0.755109

26 -0.780052

27 -0.756403

28 -0.681339

29 -0.579433

30 -0.511102

31 -0.504592

32 -0.532

33 -0.474728

34 -0.336334

35 -0.315648

36 -0.377054

37 -0.241288

38 -0.227513

39 -0.212186

40 -0.120452

41 -0.126966

42 -0.147313

43 -0.146927

44 -0.17158

45 -0.168966

46 -0.222332

47 -0.312929

48 -0.331917

49 -0.376752

50 -0.395511

51 -0.25754

52 -0.22337

53 -0.380836

54 -0.352773

55 -0.246448

56 -0.299061

57 -0.513693

58 -0.541704

59 -0.337082

60 -0.291842

61 -0.187396

62 -0.0798684

63 0.0890068

64 0.116186

65 -0.0962872

66 -0.104399

67 -0.0219434

68 0.0153822

69 0.00923299

70 0.0386586

71 -0.00244954

72 0.0897758

73 0.0457777

74 -0.248377

