6 0.00660008

7 0.00565147

8 0.0447419

9 0.0959383

10 0.0927471

11 -0.132517

12 -0.127572

13 -0.0314272

14 -0.027447

15 0.202507

16 0.33243

17 0.342416

18 0.27078

19 0.307094

20 0.0588014

21 -0.180915

22 -0.351735

23 -0.339717

24 -0.393547

25 -0.321046

26 -0.263809

27 -0.298365

28 -0.199639

29 -0.655917

30 -0.661401

31 -0.691463

32 -0.514967

33 -3.14964

34 -3.27185

35 -3.28966

36 -3.32662

37 -3.3989

38 -3.4581

39 -3.45082

40 -3.49396

41 -3.48678

42 -3.46007

43 -3.41056

44 -3.41303

45 -3.38276

46 -3.16841

47 -3.14898

48 -3.37062

49 -3.28487

50 -3.1504

51 -3.21698

52 -3.2502

53 -3.56456

54 -3.6685

55 -3.8422

56 -3.98911

57 -3.997

58 -3.93719

59 -3.99435

60 -3.87354

61 -3.91343

62 -3.91239

63 -3.80478

64 -3.98432

65 -4.11187

66 -4.16348

67 -4.29747

68 -4.10028

69 -4.27863

70 -4.542

71 -4.41622

72 -4.57864

73 -4.67249

74 -4.75297

75 -4.75117

76 -4.75238

77 -4.84121

78 -4.77419

79 -5.06799

80 -5.20317

81 -5.39142

82 -5.45374

83 -5.51268

84 -5.59967

85 -5.60354

86 -5.51818

87 -5.53992

88 -5.6627

89 -5.71391

90 -5.71758

91 -5.59641

92 -5.49547

93 -5.51896

94 -5.27163

95 -5.11309

96 -5.10072

97 -5.20258

98 -5.15907

99 -5.38461

100 -5.48588

101 -5.6223

102 -5.66467

103 -5.68093

104 -5.70592

105 -5.58912

106 -6.01932

107 -6.16447

108 -6.23312

109 -6.22324

110 -5.99404

111 -6.06406

112 -6.21642

113 -6.19317

114 -6.6587

115 -6.84257

116 -6.8639

