6 -0.0272522

7 -0.0394692

8 -0.0597819

9 -0.0664226

10 0.0323782

11 0.00113419

12 -0.0360256

13 -0.271893

14 -0.381996

15 -0.639599

16 -0.747239

17 -0.765762

18 -0.761172

19 -0.789358

20 -0.704248

21 -0.633382

22 -0.578679

23 -0.593307

24 -0.599393

25 -0.669871

26 -0.660812

27 -0.809805

28 -0.852283

29 -0.951006

30 -0.957422

31 -0.942891

32 -0.94315

33 -0.915113

34 -0.829456

35 -0.814618

36 -0.78712

37 -0.765692

38 -0.688055

39 -0.759084

40 -0.702781

41 -0.74808

42 -0.759944

43 -0.711896

44 -0.62864

45 -0.739709

46 -0.797288

47 -1.54553

48 -1.52692

49 -1.64181

50 -1.6815

51 -1.58129

52 -1.72854

53 -1.7445

54 -1.52317

55 -1.61413

56 -1.75775

57 -1.93235

58 -2.32102

59 -2.26606

60 -2.27836

61 -2.39497

62 -2.35875

63 -2.52866

64 -2.55011

65 -2.52209

66 -2.52564

67 -2.53155

68 -2.54191

69 -2.57502

70 -2.63532

71 -2.67098

72 -2.55494

73 -2.66855

74 -2.7543

75 -2.77862

76 -2.76576

77 -2.87943

78 -2.86338

79 -2.8686

80 -2.89528

81 -2.93907

82 -2.9676

83 -3.00717

84 -3.04781

85 -3.08951

86 -3.0931

87 -3.08017

88 -3.07627

89 -3.16912

90 -3.17537

91 -3.50019

92 -3.37625

93 -3.38546

94 -3.44417

95 -3.43154

96 -3.40604

97 -3.36888

98 -3.35763

99 -3.3504

100 -3.38072

101 -3.59481

102 -3.63308

103 -3.85269

104 -3.83084

105 -3.79146

106 -3.75322

107 -3.65616

108 -3.54535

109 -3.54443

110 -3.51583

111 -3.49343

112 -3.56734

113 -3.60668

114 -3.60722

115 -3.64821

116 -3.68417

117 -3.73023

118 -3.58181

119 -3.73851

120 -3.82373

121 -4.81949

122 -4.92282

123 -4.91698

124 -4.94918

125 -4.80278

126 -4.91798

127 -4.87082

128 -4.81682

129 -4.92509

130 -4.91911

131 -4.92124

132 -4.79687

133 -4.64687

134 -4.48685

135 -4.53712

136 -4.62372

137 -4.83164

138 -4.95445

139 -4.97987

140 -4.98313

141 -4.84863

142 -4.78804

