6 0.00876815

7 -0.0259024

8 -0.0211204

9 -0.175313

10 -0.227947

11 -0.145716

12 -0.189943

13 -0.232868

14 -0.262831

15 -0.153488

16 -0.190193

17 -0.0495155

18 -0.0592008

19 0.222441

20 0.272822

21 0.297167

22 0.423879

23 0.428626

24 0.428697

25 0.515751

26 0.373481

27 0.613836

28 0.620897

29 0.500853

30 0.539618

31 0.429717

32 0.404252

33 0.433784

34 0.408875

35 0.714393

36 0.920277

37 1.00145

38 1.11637

39 1.12952

40 1.11854

41 1.02538

42 0.910408

43 0.853681

44 0.875578

45 0.929744

46 0.983548

47 1.06764

48 1.09489

49 0.504003

50 0.569882

51 0.648032

52 0.820749

53 1.55048

54 1.58424

55 1.6291

56 1.59045

57 1.66822

58 1.67396

59 1.52989

60 1.56236

61 1.8338

62 1.74199

63 1.95291

64 2.19662

65 2.39623

66 2.6763

67 2.63574

68 2.56463

69 2.56356

70 2.5584

71 2.44902

72 2.44016

73 2.6189

74 2.76

75 2.85182

76 2.88026

77 2.89132

78 2.84537

79 2.83689

80 2.96064

81 2.69571

82 2.59275

83 2.32517

84 2.16288

85 2.10368

86 2.45394

87 2.49775

88 2.4286

89 2.51432

90 2.67092

91 2.64445

92 2.43257

93 2.56458

94 3.13678

95 3.10979

96 3.14632

97 3.11392

98 3.10058

99 3.15444

100 3.20167

101 3.20133

102 2.40208

103 2.51842

104 2.40432

105 2.8105

106 3.3987

107 3.70853

108 3.84496

109 3.82019

110 3.87132

111 3.77797

112 3.78384

113 3.85101

114 4.10546

115 3.79248

116 3.70953

117 3.50769

118 3.44831

119 3.43157

120 3.36509

121 3.3237

122 3.32843

123 3.53043

124 3.73325

125 3.7476

126 3.78537

127 3.81117

128 3.81717

129 3.7671

130 3.80895

131 3.78039

132 4.00814

133 4.08679

134 4.15842

135 4.40187

136 4.36079

137 4.50907

138 4.52581

139 4.7104

140 4.84217

141 4.82681

142 4.75967

