6 -0.0270332

7 -0.0447441

8 -0.0980705

9 -0.0505307

10 -0.10398

11 -0.0572924

12 -0.226387

13 -0.199509

14 -0.364944

15 -0.186903

16 0.0897612

17 0.144023

18 0.334084

19 0.544349

20 0.522715

21 0.564737

22 0.494798

23 0.390142

24 0.496728

25 0.577008

26 0.825381

27 1.05908

28 0.768397

29 0.812078

30 0.881904

31 0.977219

32 1.24158

33 1.39965

34 1.84114

35 2.0294

36 1.90456

37 1.8845

38 1.79559

39 1.73635

40 1.61669

41 1.56851

42 1.36081

43 1.48623

44 1.4631

45 1.60087

46 1.61616

47 1.60631

48 1.59807

49 1.58236

50 1.55043

51 1.40053

52 0.891679

53 0.862055

54 0.92603

55 0.725348

56 0.96766

57 1.3755

58 1.44921

59 1.44298

60 1.71339

61 1.71048

62 1.76724

63 1.91796

64 2.00936

65 2.11403

66 2.12575

67 1.99069

