6 0.0662496

7 -0.00665398

8 0.0088385

9 -0.0366151

10 0.0874827

11 0.216004

12 0.268923

13 0.28665

14 0.305573

15 0.31256

16 0.339718

17 0.373986

18 0.361256

19 0.354139

20 0.386149

21 0.454651

22 0.635886

23 0.75145

24 0.767272

25 0.737516

26 0.714468

27 0.779916

28 0.665283

29 0.722709

30 0.764807

31 0.653657

32 0.383631

33 0.494848

34 0.555702

35 0.636138

36 0.466496

37 0.401246

38 0.0997605

39 -0.0593493

40 -0.32335

41 -0.562827

42 -0.507117

43 -0.546974

44 -0.587098

45 -0.647636

46 -0.647038

47 -0.568119

48 -0.550776

49 -0.547801

50 -0.575342

51 -0.727117

52 -1.75013

53 -1.62598

54 -1.60698

55 -1.70952

56 -1.73979

57 -1.71866

58 -1.73911

59 -1.77233

60 -1.82244

61 -1.81674

62 -1.6933

63 -1.82699

64 -1.9034

65 -1.93226

66 -1.02303

67 -0.951008

68 -0.89001

69 -0.881083

70 -0.898075

71 -0.915274

72 -1.00258

73 -0.876029

74 -0.879827

75 -0.867748

76 -0.871564

77 -0.850027

78 -0.606756

79 -0.564225

80 -0.576269

81 -0.649157

82 -1.45833

83 -1.59806

84 -1.38052

85 -1.29769

86 -1.2198

87 -1.34191

88 -1.38997

89 -1.38319

90 -1.27106

91 -1.25434

92 -1.26094

93 -1.20242

94 -1.4233

95 -1.30876

96 -1.26458

97 -1.21193

98 -1.43734

99 -1.45041

100 -1.42206

101 -1.42099

102 -1.28629

103 -1.63428

104 -2.47091

105 -2.50345

106 -2.53723

107 -2.61779

108 -1.41665

109 -1.73692

110 -1.87081

111 -1.79743

112 -1.5234

113 -1.92436

114 -1.82268

115 -1.65126

116 -1.70075

117 -1.71469

118 -1.73377

119 -1.73592

120 -1.60869

121 -1.62978

122 -1.79986

123 -2.46848

124 -2.58231

