6 0.235842

7 0.281905

8 0.283174

9 0.292184

10 0.291056

11 0.289134

12 0.220355

13 0.26506

14 0.358252

15 0.351216

16 -0.0111865

17 0.0311061

18 0.0882179

19 0.0827998

20 0.40547

21 0.460585

22 0.465422

23 0.405662

24 0.444469

25 0.183051

26 0.0605059

27 -1.21105

28 -1.36041

29 -1.46058

30 -1.52894

31 -1.62762

32 -1.62318

33 -1.62717

34 -1.66589

35 -1.64738

36 -1.62711

37 -1.57142

38 -1.63792

39 -1.68718

40 -1.83532

41 -1.79744

42 -1.91778

43 -1.90001

44 -1.88184

45 -1.86412

46 -1.92865

47 -1.91654

48 -1.91394

