6 -0.214933

7 -0.030054

8 0.0131796

9 0.0253431

10 -0.33504

11 -0.304657

12 -0.198691

13 -0.210414

14 -0.118206

15 -0.114774

16 -0.31582

17 -0.246977

18 -0.200695

19 -0.293787

20 -0.114371

21 -0.119101

22 -0.120244

23 -0.0934304

24 -0.279649

25 -0.197888

26 -0.203611

27 -0.143012

28 0.0331205

29 0.0338107

30 0.0159557

31 0.052546

32 0.0614826

33 0.156818

34 0.206797

35 0.237856

36 0.233283

37 0.301135

38 0.46543

39 0.628309

40 0.637754

41 0.768818

42 0.740858

43 0.208985

44 0.179211

45 -0.000617406

46 0.0437938

47 -0.0606786

48 0.200341

49 0.263011

50 0.0971286

51 0.138737

