6 -0.0404184

7 -0.058281

8 0.074041

9 -0.911676

10 -0.912757

11 -1.31895

12 -1.16353

13 -1.13242

14 -1.14535

15 -1.08243

16 -1.13514

17 -1.14928

18 -1.1565

19 -1.21828

20 -1.22857

21 -1.31088

22 -1.35203

23 -1.4394

24 -1.30048

25 -1.2941

26 -1.31908

27 -1.35297

28 -1.29246

29 -1.52482

30 -1.54226

31 -0.968468

32 -0.917653

33 -0.863791

34 -0.801337

35 -0.803513

36 -0.672321

37 -0.642437

38 -0.633531

39 -0.559592

40 -0.535723

41 -0.458391

42 -0.423196

43 -0.315519

44 -0.242145

45 -0.242197

46 -0.240744

47 -0.219938

48 -0.309847

49 -0.330561

50 -0.349882

51 0.205536

52 0.286038

53 0.321376

54 0.351841

55 0.291887

56 0.389882

57 0.702148

58 0.77171

59 0.544011

60 -0.087541

61 -0.0749978

62 -0.0721776

63 -0.146049

64 0.529639

65 0.638573

66 0.78117

67 0.727098

68 0.860896

69 0.96918

70 1.04685

71 1.09533

72 1.35192

73 1.32674

74 1.37808

75 1.1721

76 0.378048

77 0.11164

78 0.00414157

79 0.202641

80 2.98847

81 3.10642

82 2.96612

83 2.62804

84 0.316693

85 0.166754

86 0.271019

87 0.378355

88 0.290492

