6 0.0176065

7 -0.0915449

8 -0.0823781

9 0.0523362

10 -0.0450581

11 0.0383294

12 0.0770009

13 0.0802864

14 0.104709

15 0.205496

16 0.166384

17 0.0697825

18 0.0274799

19 -0.387315

20 -0.619783

21 -0.795878

22 -0.85101

23 -0.869602

24 -0.946122

25 -1.02683

26 -0.952939

27 -0.877986

28 -1.12628

29 -1.17247

30 -1.19585

31 -1.16058

32 -1.67957

33 -1.78392

34 -1.84568

35 -1.82801

36 -1.90506

37 -1.95882

38 -1.97626

39 -2.1242

40 -1.94718

41 -1.93882

42 -1.99053

43 -1.84094

44 -1.90035

45 -1.92432

46 -1.994

47 -1.87071

48 -1.85535

49 -1.86799

50 -1.65394

51 -1.58978

52 -1.47774

53 -1.4179

54 -1.09681

55 -0.996104

56 -0.852116

57 -0.897062

58 -0.860932

59 -0.743601

60 -0.67177

61 -0.649458

62 -0.923519

63 -1.65066

64 -1.68115

65 -1.76048

66 -1.82075

67 -1.95004

