6 -0.0577414

7 -0.0367329

8 -0.0546765

9 0.0363003

10 0.00750945

11 0.0685039

12 0.0512678

13 0.056616

14 0.051579

15 0.120674

16 0.25141

17 0.371373

18 0.37538

19 0.276587

20 0.35583

21 0.363367

22 0.329462

23 0.197568

24 0.203381

25 0.219184

26 0.194825

27 -0.442457

28 -0.642515

29 -0.70871

30 -0.582996

31 -0.67983

32 -0.779161

33 -0.826502

34 -0.932788

35 -1.1549

36 -1.1497

37 -1.16059

38 -1.30292

39 -1.76317

40 -1.84786

41 -2.13017

42 -2.18188

43 -2.21275

44 -2.18669

45 -2.17998

46 -2.23846

47 -2.23772

48 -2.43385

49 -2.52148

50 -2.57015

51 -2.64551

52 -2.63676

53 -2.84676

54 -2.8464

55 -2.87448

56 -2.85285

57 -2.87916

58 -2.90024

59 -2.92157

60 -2.92081

61 -2.79566

62 -2.7334

63 -2.71575

64 -2.72073

65 -2.70317

66 -2.80806

67 -3.32398

68 -3.42932

69 -3.53008

70 -3.5375

71 -3.44059

72 -3.2178

73 -3.28124

74 -3.30267

75 -3.32716

76 -3.29426

