6 -0.0120107

7 -0.10338

8 -0.190351

9 -0.658747

10 -0.686535

11 -0.69939

12 -0.792201

13 -0.783027

14 -0.842316

15 -0.777998

16 -1.49418

17 -1.44996

18 -1.47593

19 -1.44534

20 -1.30295

21 -1.24093

22 -0.81338

23 -0.790236

24 -0.816245

25 -0.732732

26 -0.753023

27 -0.765191

28 -0.672157

29 -0.75641

30 -0.941113

31 -0.994025

32 -1.08425

33 -1.12983

34 -1.02275

35 -1.22021

36 -1.20566

37 -1.38666

38 -1.45748

39 -1.42182

40 -1.37487

41 -1.22068

42 -1.12908

43 -1.16164

44 -1.02361

45 -0.681182

46 -0.404244

47 -0.247079

48 -0.164497

49 -0.111842

50 -0.0938733

51 -0.184997

52 -0.157992

53 -0.0258525

54 0.171882

55 0.526199

56 0.513249

57 0.591769

58 0.561338

59 0.611412

60 0.679168

61 0.698677

62 0.659316

63 0.683413

64 0.791624

65 0.866345

