6 -0.0393567

7 -0.154591

8 -0.163654

9 -0.232337

10 -0.303549

11 -0.254697

12 -0.252711

13 -0.263902

14 -0.468733

15 -0.441482

16 -0.482717

17 -0.53656

18 -0.43461

19 -0.299126

20 -0.312384

21 -0.240231

22 -0.0777337

23 -0.121274

24 -0.0821567

25 0.40231

26 0.480632

27 0.6003

28 0.687548

29 0.609579

30 0.576177

31 0.371252

32 0.26991

33 0.231713

34 0.268792

35 0.288644

36 0.28209

37 0.180196

38 0.18759

39 0.20165

40 0.208247

41 0.209527

42 0.190691

43 0.206575

44 0.223747

45 0.217358

46 0.134305

47 0.102359

48 0.230251

49 0.310244

50 0.323652

51 0.332416

52 0.381021

53 0.498569

54 0.557595

55 0.636994

56 0.590171

57 0.650667

58 0.784932

59 0.762618

60 0.72484

61 0.70114

62 0.676765

63 0.655111

64 0.675404

65 0.630272

66 0.723706

67 0.715563

68 1.03353

69 1.08977

70 1.10821

71 0.990918

72 0.945023

73 0.938691

74 0.79748

75 0.779993

76 0.888899

77 0.859536

78 0.815379

79 0.986971

80 2.40229

81 2.52391

82 2.58049

83 2.73889

84 2.87099

85 2.99127

86 2.95007

87 2.9658

88 3.13914

89 3.11223

90 3.26328

91 3.3271

92 3.48082

93 3.54955

94 3.27748

95 2.68808

96 2.61195

97 2.60863

98 2.65607

99 2.67013

100 2.77371

101 2.79749

102 2.65787

103 2.7128

104 2.63568

105 2.59531

106 2.56262

107 2.5685

108 2.60785

109 2.43111

110 2.44822

111 2.06319

112 2.02382

113 2.05155

114 1.99387

115 1.9208

116 1.93099

