6 0.0271102

7 0.0579631

8 0.0749475

9 0.0805305

10 0.0714712

11 -0.00342857

12 -0.0114521

13 0.0565505

14 0.0656963

15 -0.154125

16 -0.104989

17 0.0314557

18 0.0971232

19 0.0798001

20 0.00298597

21 0.0756863

22 0.138997

23 0.163643

24 0.174315

25 0.198296

26 0.173683

27 0.130099

28 0.21243

29 0.150502

30 -0.370749

31 -0.417759

32 -0.305133

33 -0.213801

34 -0.148627

35 -0.273278

36 -0.189524

37 -0.187741

38 -0.204396

39 -0.241347

40 -0.176437

41 0.0202398

42 0.0740052

43 0.0168026

44 0.080966

45 0.3384

46 0.383634

47 0.306064

48 0.352908

49 0.111282

50 -0.357643

51 -0.404206

52 -0.411835

53 -0.481243

54 -0.415573

55 -0.375858

56 -0.417772

57 -0.327407

58 -0.314138

59 -0.652404

60 -0.730684

61 -0.795765

62 -0.836055

63 -0.686661

64 -0.9213

65 -1.02769

66 -1.24188

67 -1.21266

68 -1.13015

69 -1.10739

70 -1.12112

71 -1.15774

72 -1.1077

73 -1.25311

74 -1.31893

75 -1.30699

