6 -0.0319654

7 -0.160959

8 -0.128286

9 -0.302293

10 -0.360544

11 -0.342426

12 -0.307912

13 -0.322592

14 -0.319979

15 -0.225479

16 -0.294075

17 -0.147276

18 -0.0792619

19 -0.0661146

20 0.0314376

21 0.0973526

22 0.435121

23 0.471036

24 0.46182

25 0.434559

26 0.395946

27 0.363098

28 0.436648

29 0.564092

30 0.504792

31 0.324447

32 0.252788

33 0.0692871

34 0.148801

35 0.0714094

36 0.0520279

37 -0.0307339

38 0.0613708

39 0.159658

40 0.147221

41 0.133124

42 0.249808

43 0.329617

44 0.0337312

45 0.0557197

46 0.241366

47 0.209819

48 0.327818

49 0.317617

50 0.297199

51 0.350989

52 0.291297

53 0.283834

54 0.267946

55 0.346981

56 0.366914

57 0.407363

58 0.332334

59 0.306641

60 -0.457083

61 -0.461906

62 -0.406297

63 -0.486182

64 -0.536747

65 -0.397364

66 -0.347421

67 -0.373086

68 -0.558395

69 -0.766474

70 -1.17969

71 -1.23419

72 -1.24206

73 -1.23584

