6 -0.0190369

7 -0.0200653

8 -0.0373285

9 -0.0327705

10 0.141857

11 0.210448

12 0.163137

13 -0.0607404

14 -0.206455

15 -0.478873

16 -0.584924

17 -0.595077

18 -0.558552

19 -0.594058

20 -0.515326

21 -0.442055

22 -0.393419

23 -0.404994

24 -0.394107

25 -0.449017

26 -0.443896

27 -0.59488

28 -0.633228

29 -0.723907

30 -0.711967

31 -0.698806

32 -0.719463

33 -0.58996

34 -0.520886

35 -0.45002

36 -0.353277

37 -0.336385

38 -0.312651

39 -0.29089

40 -0.223204

41 -0.289627

42 -0.247364

43 -0.268071

44 -0.302512

45 -0.272728

46 -0.199884

47 -0.313136

48 -0.383376

49 -1.10399

50 -1.06077

51 -1.146

52 -1.23421

53 -1.17135

54 -1.34525

55 -1.355

56 -1.12751

57 -1.23557

58 -1.3836

59 -1.57877

60 -1.96446

61 -1.9133

62 -1.93035

63 -2.04726

64 -2.01132

65 -2.18529

66 -2.20319

67 -2.17949

68 -2.17693

69 -2.18203

70 -2.18924

71 -2.2232

72 -2.28459

73 -2.31697

74 -2.20164

75 -2.32037

76 -2.18585

77 -2.22809

78 -2.19144

79 -2.23088

80 -2.25206

81 -2.2155

82 -2.33946

83 -2.30441

84 -2.2825

85 -2.30025

86 -2.34322

87 -2.37509

88 -2.4138

89 -2.44799

90 -2.48277

91 -2.48525

92 -2.47067

93 -2.46926

94 -2.54672

95 -2.59313

96 -3.00052

97 -2.88823

98 -2.88892

99 -2.95772

100 -2.93442

101 -2.90206

102 -2.84457

103 -2.83632

104 -2.86858

105 -3.10363

106 -3.17861

107 -3.4142

108 -3.39882

109 -3.48098

110 -3.42587

111 -3.33236

112 -3.33779

113 -3.30949

114 -3.29108

115 -3.37077

116 -3.40477

117 -3.40506

118 -3.44843

119 -3.46348

120 -3.51373

121 -3.34416

122 -3.53411

123 -3.60347

124 -4.54949

125 -4.6514

126 -4.66663

127 -4.70573

128 -4.56255

129 -4.69096

130 -4.65165

131 -4.70084

132 -4.69339

133 -4.70903

134 -4.58894

135 -4.42273

136 -4.26289

137 -4.30877

138 -4.38372

139 -4.57508

140 -4.70379

141 -4.71537

142 -4.72367

143 -4.60014

