6 0.078162

7 0.10332

8 0.108163

9 0.120197

10 0.0151134

11 0.083913

12 -0.0256402

13 -0.017802

14 -0.0761306

15 -0.0460706

16 -0.597777

17 -0.626873

18 -0.672914

19 -0.689068

20 -0.772987

21 -0.69744

22 -0.592645

23 -0.645593

24 -0.413814

25 -0.235021

26 -0.0898904

27 0.0620618

28 0.177362

29 0.294584

30 0.342562

31 0.441449

32 0.448483

33 0.446124

34 0.431104

35 0.554577

36 0.457307

37 0.489419

38 0.485836

39 0.0889261

40 0.171227

41 0.216022

42 0.217219

43 -0.0028689

44 -0.00936755

45 0.120607

46 0.125563

47 0.221589

48 0.337667

49 0.514118

50 0.751827

51 0.746039

52 0.687899

53 0.624272

54 0.660487

55 0.654537

56 0.652375

57 0.952592

58 0.907096

59 0.994546

60 1.12272

61 1.20441

62 1.16976

63 1.10401

64 -0.139753

65 -0.196003

66 -0.22639

67 -0.324014

68 -0.31484

69 -0.371181

70 -0.337087

71 -0.317837

72 -0.294749

73 -0.379982

74 -0.431035

75 -0.481103

76 -0.481273

77 -0.443493

78 -0.453724

79 -0.459817

80 -0.346598

81 -0.250313

82 -0.245676

83 -0.24735

84 -0.301382

85 -0.366282

86 -0.379684

87 -0.421876

88 -0.447712

89 -0.46813

90 -0.353097

91 -0.544893

92 -0.550904

93 -1.19753

94 -1.31833

95 -1.32889

96 -1.27399

97 -1.08484

98 -1.08993

99 -1.11981

100 -1.16717

101 -1.18726

102 -2.1847

103 -2.21566

