6 -0.00232615

7 0.000833657

8 0.0018959

9 -0.0421683

10 0.0620169

11 0.215319

12 0.222323

13 0.361014

14 0.263312

15 0.225331

16 0.375627

17 0.277878

18 0.542313

19 0.565079

20 0.802245

21 0.845079

22 0.960415

23 1.01247

24 1.05576

25 1.18224

26 1.19108

27 1.25817

28 1.08222

29 0.891017

30 0.997701

31 1.35358

32 1.49176

33 1.96163

34 1.98368

35 2.04853

36 2.06194

37 2.06248

38 2.04193

39 1.89133

40 1.92987

41 1.83888

42 1.88871

43 1.72819

44 1.80712

45 1.87938

46 1.79866

47 1.94842

48 1.76194

49 1.91903

50 1.92242

51 2.82502

52 2.87157

53 2.87323

54 2.85564

55 2.87228

56 2.99026

57 3.20028

58 3.29644

59 3.34912

60 3.09995

61 2.97141

62 3.07036

63 2.96088

64 3.04689

65 2.96582

66 3.26798

67 3.37427

68 3.96952

69 4.1259

70 4.10519

71 4.15357

72 4.25141

73 4.25374

74 4.23422

75 4.07965

76 4.16043

77 4.15181

78 3.73389

79 3.59045

80 3.70663

81 3.43985

82 3.69085

83 3.65724

84 4.21779

85 4.57443

