6 -0.0296459

7 -0.0413996

8 -0.0527212

9 -0.1651

10 -0.0799745

11 -0.0179756

12 -0.0216299

13 0.0345254

14 0.14517

15 0.156835

16 0.08936

17 -0.228832

18 -0.782623

19 -0.82423

20 -0.838656

21 -0.839676

22 -0.733937

23 -0.716437

24 -0.578927

25 -0.580855

26 -0.635088

27 -0.557362

28 -0.3986

29 -0.450967

30 -0.390908

31 -0.316189

32 -0.231134

33 -0.105371

34 -0.263293

35 -0.249195

36 0.901475

37 0.916628

38 0.891782

39 0.931891

40 1.0549

41 0.929138

42 1.97008

43 1.98536

44 2.02725

45 2.02788

46 2.0207

47 2.06251

48 2.2409

