6 -0.0946982

7 -0.114674

8 -0.0831877

9 -0.039341

10 -0.0617192

11 -0.0717439

12 0.00135387

13 0.0957232

14 0.0857168

15 0.171264

16 0.157876

17 0.175486

18 0.260398

19 0.172916

20 0.22108

21 0.337283

22 0.418132

23 0.469028

24 0.457509

25 0.458829

26 0.464583

27 0.577728

28 0.589672

29 -0.259211

30 -0.331646

31 -0.313572

32 -0.201901

33 -0.056173

34 -0.0596301

35 0.00735088

36 0.102551

37 0.139239

38 0.1409

39 0.169768

40 0.719838

41 0.717282

42 0.896698

43 0.956707

44 1.27801

45 1.26237

46 1.25391

47 1.79007

48 1.86998

49 1.99037

50 2.36042

