6 -0.0482342

7 0.0363506

8 -0.0325458

9 0.0752466

10 0.0424439

11 0.106093

12 0.145078

13 0.164382

14 0.170438

15 0.301507

16 0.382877

17 0.516953

18 0.57806

19 0.549657

20 0.641922

21 0.620802

22 0.716463

23 0.735962

24 0.688409

25 0.728315

26 0.639142

27 0.795513

28 0.822357

29 0.691996

30 0.832116

31 0.770006

32 1.00738

33 1.07743

34 0.919772

35 1.12332

36 1.07912

37 1.34528

38 1.441

39 1.25402

40 1.43954

41 1.32051

42 1.59514

43 1.64805

44 1.41662

45 1.57026

46 1.45751

47 1.76436

48 1.83813

49 1.62576

50 1.82939

51 1.75369

52 2.05352

53 2.13086

54 1.87835

55 2.09702

56 2.01164

57 2.34874

58 2.44872

59 2.19796

60 2.41604

61 2.2914

62 2.61151

63 2.66595

64 2.35347

65 2.55424

66 2.45191

67 2.79747

68 2.88189

69 2.59142

70 2.83617

71 2.73052

72 3.07918

73 3.17193

74 2.87749

75 3.09737

76 3.0086

77 3.36071

78 3.44039

79 3.12001

80 3.35018

81 3.24714

82 3.60626

83 3.69285

84 3.4025

85 3.60628

86 3.53358

87 3.84134

88 3.90488

89 3.56128

90 3.77511

91 3.70095

92 4.07495

93 4.1832

94 3.89013

95 4.11583

96 4.0338

97 4.39406

98 4.49752

99 4.1943

100 4.42213

101 4.31498

102 4.67925

103 4.7779

104 4.4811

105 4.71872

106 4.60002

107 4.94142

108 5.01452

109 4.67642

110 4.89303

111 4.78171

112 5.19412

113 5.30375

114 5.01312

115 5.25759

116 5.18778

117 5.53414

118 5.63073

119 5.32054

120 5.54198

121 5.47876

122 5.82514

123 5.95443

124 6.02801

125 6.1078

126 6.09835

127 6.06566

128 5.97797

129 5.52341

130 5.60691

131 5.48324

132 5.82457

133 5.89671

134 5.56228

135 5.78484

136 5.70962

137 6.09778

138 6.21412

139 5.91174

140 6.15403

141 6.02717

142 6.41262

143 6.49934

144 6.17129

145 6.42499

146 6.31487

147 6.66514

148 6.71999

149 6.42939

150 6.70159

151 6.62375

152 6.97352

153 7.05077

154 6.71036

155 6.93061

156 6.83793

157 7.22866

158 7.34

159 7.02667

160 7.28024

161 7.18517

162 7.54741

163 7.63538

164 7.27473

165 7.53067

166 7.4744

167 7.84335

168 8.01465

169 8.07543

170 8.17102

171 8.18584

172 8.25023

173 8.46346

174 8.42169

175 8.08342

176 7.92131

177 7.43528

178 7.67712

179 7.57262

180 7.95408

181 8.05001

182 7.728

183 7.97914

184 7.87612

185 8.25935

186 8.35749

187 8.02843

188 8.282

189 8.17338

190 8.53758

191 8.63764

192 8.29913

193 8.55033

194 8.47678

195 8.81857

196 8.87482

197 8.55219

198 8.80217

199 8.76811

200 9.12824

201 9.22912

202 8.87493

203 9.14422

204 9.07023

205 9.44641

206 9.55041

207 9.2343

208 9.51833

209 9.4783

210 9.80109

211 9.88199

212 9.53184

213 9.79954

214 9.73397

215 10.0784

216 10.15

217 9.81136

218 10.0906

219 10.057

220 10.3992

221 10.4719

222 10.1344

223 10.4145

224 10.3288

225 10.2902

226 10.6961

227 10.7955

228 10.6303

229 10.5721

