6 -0.0385546

7 -0.0533673

8 -0.0716299

9 -0.0666283

10 -0.0501215

11 -0.13957

12 -0.112272

13 -0.0877774

14 -0.0641273

15 0.0185642

16 -0.0209809

17 0.247844

18 0.302473

19 0.359189

20 0.355443

21 0.322536

22 0.220663

23 0.223088

24 0.219194

25 0.042029

26 0.0364857

27 0.00142247

28 0.0358242

29 0.205789

30 0.389083

31 0.469789

32 1.26669

33 1.45143

34 1.59185

35 1.72887

36 1.66594

37 1.77089

38 1.71779

39 1.83422

40 1.83116

41 1.93442

42 1.85468

43 1.5166

44 1.16819

45 1.03412

46 1.1293

47 1.10238

48 1.25504

49 1.32056

50 1.34434

51 1.30728

52 1.40082

53 1.5839

54 1.65563

55 1.48981

56 1.51045

57 1.49721

58 1.49619

59 1.42867

60 1.35347

61 1.4791

62 1.52475

63 1.56915

64 1.33938

65 1.34239

66 1.26492

67 1.30372

68 1.19552

69 1.08423

70 1.06925

71 1.0357

72 1.04795

73 1.00406

74 1.15317

75 1.41981

76 1.38377

77 1.5453

78 1.71582

79 1.81832

80 1.90505

81 1.9204

82 1.91209

83 2.09667

84 2.11217

85 2.11304

86 2.09258

87 2.07106

88 2.04887

89 2.02722

90 1.97512

91 2.06962

92 2.35734

93 2.34001

94 2.36168

95 2.30483

96 2.35883

97 2.53233

98 2.44055

99 2.50826

100 2.73506

101 3.60051

102 3.77139

103 3.78063

104 3.78592

105 4.00015

106 4.22638

107 4.32607

108 4.38258

109 4.53148

110 4.48537

111 4.61366

112 4.73487

113 4.812

114 4.9018

115 4.90001

116 5.02556

117 4.96834

118 4.80602

119 4.17077

120 4.2217

121 4.19701

122 4.15302

123 4.17634

124 4.04249

125 4.09535

126 4.13984

127 4.04365

128 4.1371

129 3.98897

130 3.96593

131 3.97187

132 3.84236

133 3.82056

134 3.48617

135 3.40068

136 3.43481

137 3.34385

138 3.48168

139 3.46346

140 3.46493

141 3.28756

