6 -0.155382

7 -0.176019

8 -0.177187

9 -0.157111

10 -0.157865

11 -0.381322

12 -0.38829

13 -0.429242

14 -0.431834

15 -0.195821

16 -0.170941

17 -0.141299

18 -0.139217

19 -0.200319

20 -0.163158

21 -0.346441

22 -0.372487

23 -0.474322

24 -0.498568

25 -0.526894

26 -0.0227274

27 0.0334436

28 0.0457555

29 0.14035

30 0.175166

31 0.0976247

32 -0.070941

33 -0.0698751

34 -0.190003

35 -0.495311

36 -0.612054

37 -0.678643

38 -0.789959

39 -0.897156

40 -0.86521

41 -0.928633

42 -0.947097

43 -0.324708

44 -0.162944

45 -0.0145439

46 0.0388415

47 0.0519044

48 0.0506252

49 0.0266146

50 0.0239513

51 0.077421

52 0.0772026

53 0.156127

54 -0.219287

55 -0.338048

56 -0.218976

57 -0.200533

58 -0.281996

59 -0.286816

60 -0.348303

61 -0.372641

62 -0.223671

63 -0.193734

64 0.518658

65 0.568431

66 0.450352

67 0.490823

68 0.601371

69 0.698636

70 0.683333

71 0.796616

72 0.780164

73 0.751056

74 0.997449

75 1.02476

76 0.529651

77 0.680883

78 0.673786

79 0.528194

80 0.511077

81 0.260654

82 0.274481

83 1.30615

84 1.49266

85 1.51236

86 1.638

87 1.57849

88 1.50236

