6 0.0797657

7 0.154297

8 0.119214

9 0.19636

10 0.205246

11 -0.381912

12 -0.38101

13 -0.374043

14 -0.337007

15 -0.284283

16 -0.274599

17 -0.147539

18 -0.271951

19 -0.301128

20 -0.314086

21 0.03853

22 0.0661376

23 0.136886

24 0.202076

25 0.00607665

26 0.0842575

27 0.0906241

28 0.295447

29 0.310995

30 0.437952

31 0.420813

32 0.432229

33 0.398781

34 0.405076

35 0.54752

36 0.61811

37 0.621886

38 0.709961

39 0.842404

40 0.881717

41 0.80962

42 0.654387

43 0.572277

44 0.461789

45 0.387537

46 -0.794667

47 -1.04062

48 -1.21549

49 -1.37621

50 -1.47665

51 -1.45185

52 -1.56286

53 -1.68741

54 -1.9567

55 -1.89549

56 -1.95351

