6 -0.0593004

7 -0.0370607

8 0.11448

9 0.185234

10 0.180788

11 0.166088

12 0.163742

13 0.172656

14 0.170674

15 0.166107

16 0.143833

17 0.253426

18 0.05263

19 0.10152

20 -0.190429

21 -0.366801

22 -0.228498

23 -0.131

24 -0.0363532

25 0.0162301

26 -0.0159493

27 0.00818858

28 -0.0741635

29 -0.352193

30 -0.389413

31 -0.414941

32 -0.428841

33 -0.46364

34 -0.388908

35 -0.324203

36 -0.180099

37 -0.205817

38 -0.202863

39 -0.126072

40 -0.160343

41 -0.0553355

42 -0.176657

43 -0.00424578

44 0.590783

45 0.680265

46 0.683824

47 0.667265

48 0.616641

49 0.661635

50 0.281044

51 0.239797

52 0.326182

53 0.4938

54 0.415618

55 0.41136

56 0.802065

57 0.941276

58 1.14834

59 1.08314

60 1.19812

61 1.33113

62 1.24527

63 1.33296

64 1.29871

65 1.50203

66 1.38998

67 1.65982

68 1.8454

69 1.88427

70 1.97155

71 2.12077

72 2.32413

73 2.54038

74 2.35208

75 1.95618

76 2.01239

77 1.97428

78 1.97083

79 1.90525

80 1.64109

81 1.53442

82 1.52815

83 1.59835

84 1.26482

