6 0.0910958

7 -0.0525321

8 -0.708776

9 -0.701738

10 -0.72823

11 -0.657419

12 -0.810879

13 -0.771786

14 -1.18391

15 -1.19155

16 -1.17542

17 -1.12512

18 -1.19852

19 -1.17948

20 -1.23699

21 -1.24075

22 -1.21744

23 -1.21278

24 -1.1432

25 -1.11703

26 -1.23015

27 -2.03703

28 -2.04243

29 -2.05094

30 -2.08892

31 -2.1059

32 -2.04816

33 -1.96075

34 -1.99577

35 -1.92852

36 -2.03392

37 -2.26162

38 -2.27739

39 -2.36328

40 -1.78678

41 -1.78893

42 -1.94156

43 -1.9092

44 -1.92666

45 -1.93107

46 -2.00921

47 -2.34389

48 -2.35704

49 -2.35418

50 -2.46811

51 -2.47504

52 -2.51755

53 -2.40385

54 -2.39596

55 -2.63506

56 -3.07708

57 -3.08935

58 -3.10966

59 -3.0381

60 -3.11755

61 -3.1682

62 -3.19964

63 -3.20545

64 -3.21499

65 -3.29877

66 -3.41506

67 -3.4164

68 -3.41729

69 -3.40622

70 -3.02161

71 -2.88755

72 -2.74868

73 -2.71845

74 -2.48762

75 -2.22642

76 -2.11336

77 -1.93171

78 -1.86059

79 -1.5213

80 -1.01399

81 -0.906418

82 -1.12897

83 -1.01401

84 -1.08846

85 -1.17789

86 -1.20994

87 -0.983925

88 -1.06723

89 -1.47465

90 -1.53867

91 -1.5741

92 -1.56184

93 -1.4703

94 -1.40527

95 -1.36511

96 -1.37044

97 -1.34356

98 -1.40312

99 -2.27932

100 -2.30726

101 -2.14436

102 -2.17351

103 -2.16591

104 -2.23464

105 -2.18602

106 -2.07552

107 -1.96929

108 -1.81274

109 -1.72893

110 -1.61836

111 -1.64841

112 -1.62959

113 -1.70669

114 -1.73548

