6 0.0812146

7 0.12187

8 0.152112

9 0.15275

10 0.151255

11 0.0632303

12 0.126323

13 -0.158756

14 -0.41112

15 -0.475051

16 -0.405635

17 -0.422308

18 -0.037987

19 -0.0439122

20 -0.150193

21 -0.0916938

22 -0.176084

23 -0.275422

24 -0.197558

25 -0.185563

26 -0.253428

27 -0.209888

28 -0.30151

29 -0.404966

30 -0.392424

31 -0.402164

32 -0.416929

33 -0.435469

34 -0.429531

35 -0.583157

36 -0.784305

37 -0.83527

38 -0.980677

39 -1.03359

40 -1.07921

41 -1.33353

42 -1.35401

43 -1.46337

44 -1.55503

45 -1.47574

46 -1.51376

47 -1.52516

48 -1.08019

49 -1.07254

50 -1.08005

51 -1.02661

52 -0.927564

53 -1.17769

54 -0.890161

55 -0.844802

56 -0.863406

57 -0.899321

58 -0.898689

59 -1.01293

