6 -0.0700047

7 -0.0159921

8 0.0797734

9 0.146447

10 0.163545

11 0.166525

12 0.187026

13 0.205445

14 0.238709

15 0.270119

16 0.298812

17 0.301957

18 0.405107

19 0.571157

20 0.605243

21 0.484824

22 0.415211

23 0.39274

24 0.677022

25 0.629062

26 0.431467

27 0.417423

28 0.637937

29 0.699528

30 0.674205

31 0.716264

32 0.688117

33 0.726687

34 0.877217

35 0.980785

36 1.01369

37 0.955628

38 0.814422

39 0.748338

40 0.752201

41 0.766165

42 0.842134

43 0.853418

44 0.747385

45 0.7776

46 0.791567

47 0.758821

48 0.824028

49 1.29207

50 1.37589

51 1.46733

52 1.52946

53 1.56349

54 1.46618

55 1.51799

56 1.47474

57 1.61428

58 1.61409

59 1.74318

60 1.7639

61 1.72655

62 1.69039

63 1.64441

64 1.69612

65 1.51585

66 1.45979

67 1.5631

68 1.38306

69 1.17212

70 1.0006

71 1.0886

72 0.967094

73 1.13249

74 1.26827

75 1.22051

76 1.21396

77 1.06708

78 0.958669

79 0.889574

80 0.88873

81 0.822554

82 0.791375

83 0.739211

84 0.349806

85 0.212451

86 0.157337

87 0.136841

88 0.160143

89 0.271033

90 0.289481

91 0.367503

92 0.289164

93 0.33385

94 0.413064

95 0.357629

96 -0.773747

97 -0.770475

