6 -0.0696263

7 -0.083492

8 0.0182585

9 -0.0372136

10 0.110377

11 0.15451

12 0.157367

13 0.0425457

14 -0.173906

15 -0.347128

16 -0.460994

17 -0.675539

18 -0.6715

19 -0.596308

20 -0.658408

21 -0.576122

22 -0.53259

23 -0.540308

24 -0.561006

25 -0.527156

26 -0.840373

27 -0.8518

28 -0.934609

29 -0.957888

30 -0.868155

31 -0.754878

32 -0.52323

33 -0.489832

34 -0.565894

35 -0.491867

36 -0.606092

37 -0.675732

38 -0.66507

39 -0.660603

40 -0.603793

41 -0.455265

42 -0.540869

43 -0.695369

44 -0.671473

45 -0.789922

