6 -0.0585163

7 -0.222624

8 -0.292223

9 -0.474815

10 -0.579253

11 -0.630391

12 -0.657274

13 -0.664283

14 -0.542574

15 -0.37584

16 -0.326763

17 -0.321173

18 -0.208574

19 -0.22553

20 -0.155442

21 -0.191385

22 0.0286023

23 0.32286

24 0.417139

25 0.482936

26 0.422157

27 0.205502

28 -0.0270876

29 -0.532183

30 -0.653219

31 -0.737995

32 -0.774207

33 -0.807217

34 -0.885213

35 -0.952463

36 -0.992367

37 -1.00301

38 -1.00116

39 -1.12413

40 -1.1811

41 -1.25095

42 -1.28776

43 -1.27857

44 -1.22135

45 -1.27573

46 -1.21812

47 -1.31531

48 -1.34111

49 -1.28273

50 -1.44803

51 -1.51411

52 -1.27904

53 -0.94699

54 -0.950929

55 -1.22482

56 -1.19703

57 -1.21747

58 -1.36

59 -1.45936

60 -1.72153

61 -1.7663

62 -1.78714

63 -1.84148

64 -1.92914

65 -1.80651

66 -1.77847

67 -1.58514

68 -1.41396

69 -1.47889

70 -1.58783

71 -1.99179

72 -2.00704

73 -1.92264

74 -2.00377

75 -1.93557

76 -1.86128

77 -1.93578

78 -2.37707

79 -2.45864

80 -2.50529

81 -2.52325

82 -2.40212

83 -2.44188

84 -2.5355

85 -2.73802

86 -2.76787

87 -2.77978

88 -2.72249

89 -2.60438

90 -2.77139

91 -2.67814

92 -3.10745

93 -3.13471

94 -3.18187

95 -3.26055

96 -3.24641

97 -3.35027

98 -3.21907

99 -3.44486

100 -3.44241

101 -3.55047

102 -3.59911

103 -4.00643

104 -3.94037

105 -4.09982

106 -4.06696

107 -4.20861

