6 0.112117

7 0.164575

8 0.131694

9 0.147939

10 0.106474

11 -0.0507791

12 -0.0445607

13 0.0409715

14 -0.0136667

15 -0.00654304

16 -0.00791503

17 -0.0520837

18 -0.0550304

19 -0.0196248

20 -0.163718

21 -0.126055

22 0.0295839

23 0.132534

24 0.181907

25 0.340072

26 0.47012

27 0.496152

28 0.596474

29 0.399863

30 0.676549

31 0.671732

32 0.692461

33 0.709846

34 0.756482

35 0.756614

36 0.858835

37 0.80286

38 0.928151

39 1.04552

40 1.10902

41 1.25344

42 1.15801

43 1.28632

44 1.06081

45 1.03259

46 1.52656

47 1.58799

48 1.73548

49 1.86303

50 1.90218

51 1.87486

52 1.87098

53 1.9813

54 2.02957

55 2.10824

56 1.88012

57 1.95113

58 2.09435

59 2.16161

60 2.22488

61 2.37575

62 2.92646

63 2.73228

64 2.63126

65 2.56384

66 2.50176

67 2.55336

68 2.77062

69 2.69029

70 2.64629

71 2.84799

72 2.71768

73 2.93149

74 3.24291

75 3.36743

76 3.58929

77 3.57729

78 3.41746

79 3.39221

80 3.35611

81 3.43158

82 3.56449

83 3.67717

84 3.70308

85 3.74103

86 3.84524

87 3.86711

88 4.65462

89 4.66303

90 4.6894

91 4.53942

92 4.70881

93 4.70676

94 4.76847

95 4.81779

96 4.76449

97 4.81508

98 4.76718

99 4.70655

100 4.38893

101 2.66168

102 2.63171

103 2.66098

104 2.60489

105 2.66343

106 2.74667

107 2.68228

108 2.76007

109 2.73573

110 2.75093

111 2.38522

112 2.4227

113 2.3976

114 2.38144

115 2.3306

116 2.34142

117 2.38613

118 2.3565

119 2.17292

120 2.28644

121 2.43375

122 2.47927

123 2.468

124 2.37676

125 2.40394

126 2.554

127 2.49208

128 2.63675

129 2.64403

130 2.66754

131 2.58013

132 2.54456

133 2.42514

134 2.37774

135 2.41239

136 2.3803

137 2.3712

138 2.03965

139 1.99539

