6 -0.0580035

7 -0.427822

8 -0.42095

9 -0.437713

10 -0.37936

11 -0.364599

12 -0.610599

13 -0.550632

14 -0.494777

15 -0.431609

16 -0.321796

17 -0.243594

18 -0.311443

19 -0.339412

20 0.157683

21 0.218225

22 0.172259

23 0.0636409

24 -0.234863

25 -0.325907

26 -0.170097

27 -0.217256

28 -0.0781863

29 -0.0168253

30 0.00700092

31 0.145486

32 0.362404

33 0.369956

34 0.292044

35 0.278012

36 0.445357

37 0.406793

38 0.475442

39 0.426536

40 0.481744

41 0.4717

42 0.485291

43 0.408191

44 0.178268

45 0.229642

46 -0.0297449

47 -0.160533

48 -0.245094

49 -0.257012

50 -0.572972

