6 -0.0596397

7 -0.0821651

8 -0.0917503

9 -0.0832519

10 -0.0978286

11 -0.120629

12 -0.109658

13 -0.14275

14 -0.215171

15 -0.244029

16 -0.267893

17 -0.29434

18 -0.304421

19 -0.356315

20 -0.334276

21 -0.290864

22 -0.282047

23 -0.526933

24 -0.570201

25 -0.566283

26 -0.480222

27 -0.530519

28 -0.148961

29 -0.0233346

30 0.112956

31 0.175725

32 0.23433

33 0.203256

34 0.0660578

35 -0.0820201

36 -0.0840744

37 -0.120915

38 -0.064645

39 0.104934

40 0.122068

41 0.17012

42 0.286338

43 0.149363

44 0.131341

45 0.00720845

46 -0.153364

47 -0.243471

48 -0.21904

49 -0.122358

50 -0.127097

51 -0.228103

52 -0.328613

53 -0.343363

54 -0.210807

55 -0.0240807

56 0.052581

57 0.00558515

58 -0.154239

59 -0.303614

60 -1.40893

61 -1.40795

62 -1.48575

63 -1.47099

64 -1.56981

65 -1.65493

66 -1.88189

67 -1.67445

68 -1.55798

69 -1.58467

70 -1.79985

71 -1.99547

72 -2.27401

73 -2.48031

74 -2.97273

75 -3.0613

76 -3.06165

77 -3.10344

78 -3.1301

79 -3.12472

80 -3.22728

81 -3.1747

82 -3.06239

83 -3.12759

84 -3.11955

85 -3.14956

86 -3.25518

87 -3.19065

88 -3.25589

89 -3.01948

90 -2.78136

91 -2.60719

92 -2.57166

93 -2.73507

94 -2.72535

95 -2.72425

96 -2.54118

97 -2.44838

98 -2.34111

99 -2.30321

100 -2.34255

101 -2.41853

102 -2.51154

103 -3.08728

104 -3.16815

