6 -0.0241293

7 0.0943063

8 0.199111

9 0.228807

10 0.42833

11 0.431162

12 0.458024

13 0.456671

14 0.506151

15 0.360222

16 0.390838

17 0.452282

18 0.458229

19 0.138534

20 0.0784333

21 0.1538

22 0.102807

23 0.153083

24 0.211192

25 0.85045

26 0.921466

27 1.03679

28 0.981508

29 0.882621

30 0.85567

31 0.557

32 0.301772

33 0.382356

34 0.412055

35 0.45835

36 0.471817

37 0.544505

38 0.509437

39 0.580779

40 0.481272

41 0.39541

42 0.401681

43 0.475151

44 0.334847

45 0.303052

46 0.250835

47 0.205667

48 0.164325

49 0.061347

50 0.0871817

51 -0.058686

52 -1.10194

53 -1.1384

54 -1.18436

55 -1.17706

56 -1.22535

57 -1.30573

58 -1.28806

59 -1.26319

60 -1.28715

61 -1.23126

62 -1.02389

63 -0.921007

64 -0.880593

65 -0.786234

66 -0.770031

67 -0.740294

68 -1.30912

69 -1.28405

70 -1.35452

71 -1.29181

72 -1.25175

73 -1.22873

74 -1.27818

75 -1.31511

76 -1.34082

77 -1.41045

78 -1.44656

79 -1.46306

80 -1.44489

81 -1.31698

82 -1.32909

