6 -0.0666746

7 -0.0732895

8 -0.0684165

9 -0.0634844

10 -0.077056

11 -0.046359

12 -0.0466578

13 -0.237523

14 -0.152709

15 -0.213817

16 -0.125702

17 -0.0371027

18 -0.00504085

19 0.0033578

20 0.127718

21 0.150018

22 0.172824

23 0.172559

24 0.116795

25 0.140974

26 -0.0357035

27 -0.0625192

28 -0.191678

29 -0.227868

30 -0.269248

31 0.124179

32 0.175633

33 0.303913

34 0.273157

35 0.345874

36 0.387448

37 0.30142

38 0.447424

39 0.531568

40 0.639843

41 0.685873

42 0.613977

43 0.532292

44 0.51919

45 -0.00873997

46 -0.0387108

47 -0.0319837

48 -0.160685

49 0.252327

50 0.351738

51 0.628079

52 0.737676

53 0.78789

54 0.770704

55 0.781005

56 0.857399

57 1.00629

58 1.14337

59 1.17676

60 0.508135

61 0.532417

62 0.453278

63 0.475479

64 0.533729

65 1.20832

66 1.25224

67 1.1056

68 1.16127

69 1.29347

70 1.48532

71 1.59596

72 1.54648

73 1.70796

74 1.85916

75 1.89634

76 1.76038

77 1.82642

78 1.65112

79 1.76198

80 1.43483

81 1.51534

82 1.38221

83 1.36893

84 1.35977

85 1.53063

86 1.52618

87 1.45299

88 1.5268

89 1.25876

90 1.38199

91 2.41209

92 2.61831

93 2.63674

94 2.74836

95 2.61561

96 2.56909

97 2.55357

