6 -0.0289883

7 -0.0347583

8 -0.0971643

9 -0.121249

10 -0.120081

11 -0.122804

12 -0.0382448

13 -0.288838

14 -0.93334

15 -0.734558

16 -0.727632

17 -0.698849

18 -0.903647

19 -0.975418

20 -1.16865

21 -1.23763

22 -1.19903

23 -1.22617

24 -1.24251

25 -1.26245

26 -1.29991

27 -1.3186

28 -1.30476

29 -1.3622

30 -1.43198

31 -1.43467

32 -1.50007

33 -1.56834

34 -1.9177

35 -2.03862

36 -2.10933

37 -2.13046

38 -2.07484

39 -2.15903

40 -2.2002

41 -2.42468

42 -2.27201

43 -2.28387

44 -2.23103

45 -2.14309

46 -2.13424

47 -2.21211

48 -2.09955

49 -2.08103

50 -2.15582

51 -2.09733

52 -2.16576

53 -2.16561

54 -2.29841

55 -2.30228

56 -2.28581

57 -2.45668

58 -2.82634

59 -2.73229

60 -2.72142

61 -2.81991

62 -2.77517

63 -2.9362

64 -2.90128

65 -3.05402

66 -3.04566

67 -3.01106

68 -2.90813

69 -3.08136

70 -3.04577

71 -3.34134

72 -3.40218

73 -3.43093

74 -3.40583

75 -3.43692

76 -3.38271

77 -3.54417

78 -3.58235

79 -3.66704

80 -3.82689

81 -3.81631

82 -3.75194

83 -3.78641

84 -3.81702

85 -3.83936

86 -3.86662

87 -3.79356

88 -3.76597

