6 0.00379039

7 0.00722194

8 -0.00752736

9 -0.0822663

10 -0.138315

11 -0.102695

12 -0.120573

13 -0.197051

14 -0.197818

15 -0.212847

16 -0.244736

17 -0.181706

18 -0.228966

19 -0.135339

20 -0.167082

21 -0.146672

22 -0.161786

23 -0.159605

24 -0.135482

25 -0.0700259

26 0.01724

27 -0.00714347

28 -0.0608232

29 -0.0785414

30 -0.00647409

31 0.0572769

32 -0.165684

33 -0.518349

34 -0.672603

35 -0.782628

36 -0.783481

37 -0.782163

38 -0.819101

39 -0.716904

40 -0.696923

41 -0.671599

42 -0.624843

43 -0.725103

44 -0.788291

45 -0.778617

46 -0.759351

47 -0.840136

48 -0.761903

49 -0.749768

50 -0.832329

51 -1.00253

52 -1.08873

53 -1.50708

54 -1.57572

55 -1.58341

56 -1.58037

57 -1.58424

58 -1.55495

59 -1.62929

60 -1.57157

61 -1.63534

62 -1.83155

63 -1.82803

64 -1.88636

65 -1.87735

66 -1.88935

67 -1.93236

68 -1.9287

69 -1.87092

70 -1.9153

71 -1.94118

72 -1.89534

73 -1.85657

74 -2.17527

75 -2.35814

76 -2.44288

77 -2.5405

78 -2.61168

79 -2.60165

80 -2.7041

81 -2.72043

82 -2.71492

83 -2.65974

84 -2.83616

85 -3.15476

86 -3.16634

87 -3.18596

88 -3.26231

89 -3.38663

90 -3.38278

91 -3.36884

92 -3.51887

93 -3.5619

94 -3.88626

95 -3.89286

96 -3.95622

97 -4.05155

98 -4.07884

99 -4.09445

100 -4.09661

101 -4.14852

102 -3.81274

103 -3.68268

104 -3.68822

105 -3.68961

106 -3.67572

107 -3.71326

108 -3.74097

109 -3.63935

110 -3.5883

111 -3.66655

112 -3.66666

113 -4.10268

114 -4.11708

115 -4.04357

