6 0.16635

7 0.168382

8 0.108968

9 0.0147611

10 0.116885

11 0.233359

12 0.251013

13 0.258006

14 0.276542

15 0.288399

16 0.289292

17 0.193474

18 0.112919

19 0.127866

20 0.176093

21 0.337841

22 0.448989

23 0.467237

24 0.517014

25 0.399282

26 -0.742279

27 -0.784721

28 -0.791443

29 -0.76351

30 -0.748997

31 -0.700551

32 -0.626297

33 -0.617266

34 -0.595622

35 -0.555839

36 -0.468709

37 -0.488969

38 -0.536408

39 -0.727111

40 -0.787715

41 -0.829975

42 -0.897005

43 -0.873478

44 -0.944343

45 -0.913878

46 -0.879288

47 -0.748647

48 -0.737224

49 -0.733083

50 -0.467716

51 -0.453706

52 -0.510053

53 -0.547527

54 -0.474449

55 -0.428476

56 -0.439336

57 -0.373072

58 -0.576792

59 -0.560107

60 -0.730576

61 -0.663334

62 -0.53313

63 -0.40937

64 -0.453438

65 -0.608342

66 -0.565963

67 -0.532391

68 -0.540352

69 -0.50608

70 -0.633593

71 -0.573233

72 -0.635432

73 -0.710401

74 -0.566469

75 -0.7123

76 -0.738018

77 -0.957863

78 -0.940355

79 -1.04138

80 -1.19451

81 -1.08111

82 -0.969978

83 -0.8562

84 -0.801553

85 -0.813438

86 -0.697233

87 -0.650635

88 -0.5986

89 -0.599437

90 -0.648238

91 -0.504515

92 -0.65604

93 -0.573974

94 -0.707294

95 -0.657189

96 -0.795723

97 -1.6454

98 -1.6607

99 -1.64456

100 -1.80043

101 -1.74015

102 -1.76935

103 -1.7685

104 -2.03059

105 -2.46952

106 -2.44851

107 -2.47098

108 -2.18884

109 -2.0923

110 -2.27984

111 -2.78351

112 -2.86193

113 -2.94965

