6 0.0533568

7 0.0264447

8 -0.0302482

9 -0.114173

10 -0.0560515

11 -0.00899081

12 -0.207955

13 -0.289157

14 -0.506963

15 -0.652223

16 -0.657941

17 -0.69649

18 -0.707265

19 -0.8029

20 -0.734427

21 -0.725036

22 -0.897816

23 -0.901797

24 -0.919891

25 -1.00703

26 -1.5769

27 -1.7805

28 -1.91995

29 -1.95244

30 -2.04319

31 -2.1409

32 -2.20507

33 -2.255

34 -2.28599

35 -2.359

36 -2.27146

37 -1.94507

38 -1.91445

39 -2.00072

40 -2.06179

41 -2.19248

42 -2.17976

43 -2.10791

