6 0.0527248

7 0.0643905

8 0.077986

9 0.0787493

10 0.0205872

11 0.0398414

12 0.131504

13 0.13906

14 -0.122838

15 -0.188355

16 -0.158948

17 -0.0119973

18 0.083358

19 0.0499075

20 0.41923

21 0.48744

22 0.488466

23 0.474526

24 0.497146

25 0.558625

26 0.309659

27 0.130628

28 -0.994582

29 -1.0502

30 -1.11654

31 -1.18593

32 -1.4871

33 -1.52306

34 -1.57734

35 -1.54151

36 -1.55183

37 -1.52735

38 -1.59339

39 -1.64152

40 -1.68109

41 -1.6223

42 -1.73756

43 -1.70209

44 -1.75529

