6 0.0506618

7 0.0298275

8 -0.00755433

9 0.0570444

10 0.178934

11 0.342282

12 0.293831

13 0.491909

14 0.600494

15 0.61681

16 0.528444

17 0.65666

18 0.737102

19 0.743526

20 0.744299

21 0.719044

22 0.714069

23 0.733111

24 0.747365

25 0.762005

26 0.711631

27 0.793379

28 0.927115

29 0.735316

30 0.884906

31 0.740601

32 0.659144

33 0.57939

34 0.611568

35 0.660621

36 0.695373

37 0.682233

38 0.749259

39 0.758733

40 0.80495

41 0.773109

42 0.838284

43 1.05279

44 1.26763

45 1.24659

46 1.21553

47 1.01024

48 0.971983

49 0.974878

50 0.870472

51 0.861511

52 0.750228

53 0.940669

54 1.06144

55 1.1488

56 1.55175

57 1.57551

58 1.55387

59 1.70069

60 1.74058

61 1.71897

62 1.61559

63 1.456

64 1.41912

65 1.34465

66 1.3782

67 1.19675

68 1.14924

69 1.19917

70 1.0802

71 1.08804

72 1.00884

73 0.986664

74 0.984598

75 0.99828

76 1.00276

77 0.868794

78 0.763183

79 0.488629

80 0.422469

81 0.317157

82 0.310801

83 0.240413

84 0.248387

85 0.331426

86 0.302723

87 0.21034

88 0.242173

89 0.231729

90 0.284619

91 0.169929

92 1.30106

93 1.38718

94 1.36355

95 1.19553

96 1.37305

97 1.55096

98 -0.0890848

