6 0.0631315

7 0.0954239

8 0.0342379

9 0.0513344

10 0.0274986

11 -0.0451114

12 -0.0268643

13 0.0294396

14 -0.0537061

15 -0.0130902

16 0.19619

17 0.307419

18 0.234782

19 0.498804

20 0.615752

21 0.642376

22 0.482339

23 0.560888

24 -0.101431

25 -0.340929

26 -0.427718

27 -0.451254

28 -0.559669

29 -0.437251

30 -0.404537

31 -0.388262

32 -0.443033

33 -0.369971

34 -0.402171

35 -0.290676

36 -0.419182

37 -0.433322

38 -0.427952

39 -0.308293

40 -0.389031

41 -0.335551

42 -0.262722

43 -0.139397

44 -0.247095

45 -0.542308

46 -0.820673

47 -0.72699

48 -0.783723

49 -1.06216

