6 -0.103326

7 -0.103719

8 -0.127517

9 -0.20231

10 0.598693

11 0.68165

12 0.575434

13 0.590674

14 0.733642

15 0.880065

16 0.990482

17 0.968445

18 0.952078

19 0.877697

20 0.958424

21 1.03572

22 0.96651

23 0.969096

24 1.04092

25 1.13099

26 1.19132

27 1.21241

28 1.28084

29 1.29992

30 1.2625

31 1.28098

32 1.32972

33 1.36686

34 1.32606

35 1.28181

36 1.43375

37 1.2736

38 1.1288

39 0.921675

40 0.884037

41 0.781291

42 0.802658

43 0.913182

44 0.77707

45 0.781062

46 0.574009

47 0.651823

48 0.710404

49 0.62677

50 0.644476

51 0.555446

52 0.481978

53 0.564215

54 0.524022

55 0.359155

56 0.252904

57 0.219605

58 0.227483

59 0.118415

60 0.129151

61 0.176771

62 0.1108

63 0.249129

64 0.382907

65 0.429514

66 0.413539

67 0.472028

68 0.481522

69 0.427938

70 0.392293

71 0.542085

72 0.736033

73 0.776558

74 0.905055

75 0.902282

76 0.838969

77 0.705628

78 0.548752

79 0.337449

80 0.115176

81 -0.108305

82 0.0521791

83 0.0797196

84 -0.114234

85 -0.0304044

86 0.00942559

87 -0.0479983

88 -0.169668

89 -0.146366

90 -0.323307

91 -0.274487

92 -0.292109

93 -0.385714

94 -0.44671

95 -0.60308

96 -0.681988

97 -0.559843

98 -0.572655

99 -0.578441

100 -0.80043

101 -0.658657

102 -0.60105

103 -0.523659

104 -0.534889

105 -0.492582

106 -0.453481

107 -0.501859

108 -0.437573

109 -0.831147

110 -1.00089

111 -1.18254

112 -1.24207

113 -1.24111

114 -1.45667

115 -1.42991

116 -1.76732

117 -1.96023

118 -2.08316

