6 -0.0410301

7 -0.078679

8 -0.0619946

9 -0.0243956

10 -0.0589606

11 0.00154556

12 -0.138142

13 -0.176591

14 -0.179658

15 -0.141272

16 -0.205005

17 -0.150942

18 -0.0729462

19 -0.0714822

20 0.0870461

21 0.433023

22 0.525102

23 0.51197

24 0.293304

25 -0.108914

26 -0.49928

27 -0.371372

28 -0.128096

29 -0.0473187

30 0.0236925

31 0.0767552

32 0.159405

33 0.0227985

34 0.112988

35 0.0913342

36 0.139493

37 0.0300398

38 -0.0841027

39 -0.607502

40 -0.748118

41 -0.80521

42 -0.764096

43 -0.611625

44 -0.681529

