6 -0.056746

7 0.024204

8 0.110072

9 0.118962

10 0.126608

11 0.129234

12 0.139314

13 0.0347956

14 0.0714311

15 0.152118

16 0.139928

17 0.548625

18 0.606638

19 0.650057

20 0.618049

21 0.608407

22 0.660637

23 0.306545

24 0.295715

25 0.289159

26 0.428585

27 1.53346

28 1.64904

29 1.64061

30 1.6789

31 1.59896

32 1.72003

33 1.6936

34 1.62403

35 1.69635

36 1.7371

37 1.51315

38 0.88137

39 0.817551

40 0.728173

41 0.634093

42 0.738069

43 0.690738

44 0.523008

45 0.708285

46 0.666425

47 0.592651

48 0.426652

49 0.389491

