6 -0.0213731

7 -0.0289883

8 -0.062784

9 -0.083881

10 -0.0829297

11 -0.114076

12 -0.122644

13 -0.139053

14 -0.135331

15 -0.152712

16 -0.0909956

17 -0.113917

18 -0.215018

19 -0.291538

20 -0.201464

21 -0.319548

22 -0.299275

23 -0.487847

24 -0.433392

25 -0.371308

26 -0.365894

27 -0.36156

28 -0.393252

29 -0.408424

30 -0.36423

31 -0.400231

32 -0.42985

33 -0.288128

34 0.0028771

35 0.101281

36 0.211912

37 0.221702

38 0.324636

39 0.340177

40 0.168009

41 0.2071

42 0.340611

43 0.500737

44 0.550082

45 0.514757

46 0.474701

47 0.397085

48 0.27588

49 -0.19491

50 -0.137273

51 -0.118367

52 -0.125123

53 -0.0838261

54 0.0383615

55 0.0820374

56 0.066874

57 0.0998919

58 0.288556

59 0.470645

60 0.458287

61 0.0200666

62 -0.082002

63 -0.206372

64 -0.25047

65 -0.153488

66 -0.354746

67 -0.342903

68 -0.131176

