6 -0.110568

7 -0.19037

8 -0.187638

9 -0.231622

10 -0.217304

11 -0.255593

12 -0.218237

13 -0.206281

14 -0.232687

15 -0.235657

16 -0.241787

17 -0.24041

18 -0.240367

19 -0.173453

20 -0.350438

21 -0.430439

22 -0.959031

23 -1.16184

24 -1.06933

25 -0.864246

26 -0.811664

27 -0.888368

28 -0.877059

29 -0.819275

30 -0.768816

31 -0.831311

32 -0.808875

33 -0.768402

34 -0.771751

35 -0.816576

36 -0.970566

37 -1.20369

38 -1.24289

39 -1.38142

40 -1.4441

41 -1.444

42 -1.51427

43 -1.51135

44 -1.49501

45 -1.54261

46 -1.43571

47 -1.77225

48 -1.8406

49 -2.03493

50 -2.04433

51 -2.16561

52 -2.02661

53 -1.97175

54 -1.97386

55 -2.02286

56 -2.15382

57 -2.1212

58 -2.31031

59 -2.39781

60 -2.51128

61 -2.56103

62 -2.50969

63 -2.48537

64 -2.50028

65 -2.86559

66 -2.89881

67 -3.03312

68 -3.05578

69 -2.96727

70 -2.83703

71 -3.00133

72 -2.95339

73 -2.99248

