6 -0.0492282

7 -0.0493225

8 -0.117661

9 -0.13028

10 -0.178022

11 -0.0574544

12 -0.00116426

13 0.00497172

14 -0.0431998

15 -0.108544

16 -0.116299

17 -0.140453

18 -0.132092

19 -0.14436

20 -0.17626

21 -0.0963217

22 -0.193707

23 -0.139078

24 -0.565834

25 -0.594772

26 -0.746501

27 -0.671365

28 -0.798764

29 -0.732417

30 -0.819754

31 -0.905161

32 -0.829145

33 -1.20565

34 -1.19764

35 -1.15765

36 -1.15611

37 -1.05851

38 -0.885488

39 -0.858386

40 -0.677691

41 -0.599682

42 -0.572777

43 -0.732526

44 -0.659923

45 -0.662537

46 -0.745198

47 -0.78684

48 -1.20571

49 -1.22673

50 -1.25364

51 -1.23044

52 -1.40369

53 -1.61561

54 -1.68395

55 -1.59376

56 -1.41479

57 -1.33238

58 -1.33843

59 -1.42217

60 -1.37942

61 -1.54867

62 -1.5759

63 -1.63554

64 -1.63393

65 -1.53632

66 -1.62211

67 -1.45144

68 -1.60714

69 -1.62487

70 -1.75633

71 -1.56188

72 -1.59858

73 -1.62608

74 -1.60003

75 -1.52736

76 -1.49962

77 -1.55939

78 -1.52276

79 -1.53309

80 -1.49986

81 -1.50749

82 -1.54126

83 -1.60675

84 -1.55234

85 -2.07989

86 -2.02782

87 -1.86833

88 -1.70494

89 -1.64669

90 -1.01269

91 -0.903305

92 -0.905767

93 -0.797262

94 -0.710672

95 -0.629104

96 -0.665791

97 -0.676158

98 -0.674569

99 -0.611127

100 -0.637637

101 -0.693124

102 -0.750006

103 -0.795355

104 -0.933607

105 -0.977629

106 -1.04992

107 -1.10742

108 -1.01728

109 -1.04838

110 -1.05981

111 -1.14389

112 -1.18708

113 -1.24242

114 -1.44197

115 -1.72163

116 -1.86655

117 -1.7802

118 -1.70361

119 -1.67211

120 -1.76392

121 -1.71698

122 -1.90298

123 -1.95732

124 -2.02459

125 -1.88783

126 -1.18435

127 -1.06831

128 -1.15287

129 -0.785519

130 -0.523539

131 -0.490515

132 -0.498348

133 -0.58534

134 -0.604725

135 -0.414845

136 -0.28056

137 -0.750014

138 -1.08927

139 -1.16485

140 -1.16864

141 -1.14573

142 -1.13286

143 -1.0879

144 -1.23682

145 -1.47379

146 -1.63265

147 -1.50767

148 -1.50201

149 -1.34971

150 -1.34364

151 -1.47608

152 -1.64533

153 -2.02182

154 -2.33103

