6 -0.0458493

7 -0.0459274

8 -0.0322799

9 -0.0321684

10 -0.0858258

11 -0.0751783

12 -0.0105499

13 0.516188

14 0.355728

15 0.677478

16 0.715348

17 1.02436

18 1.14808

19 1.2087

20 1.24081

21 1.28927

22 1.34723

23 1.30948

24 1.24003

25 1.20895

26 1.25254

27 1.27098

28 1.08421

29 1.06614

30 1.0958

31 1.10758

32 1.2602

33 1.22506

34 1.34493

35 1.41064

36 1.55012

37 1.59994

38 1.34408

39 1.07624

40 0.924736

41 0.887062

42 0.767513

43 0.837632

44 0.771525

45 0.722472

46 0.61308

47 0.552581

48 0.537245

49 0.233366

50 0.06891

51 0.0201913

52 0.00785295

