6 0.134051

7 0.278797

8 0.43294

9 0.454451

10 0.451714

11 0.435482

12 0.463277

13 0.43445

14 0.446595

15 0.418046

16 0.43653

17 0.42457

18 0.29926

19 0.259388

20 0.0165035

21 -0.010511

22 -0.0248177

23 -0.0692636

24 0.0144347

25 0.116269

26 0.266257

27 0.218303

28 0.295482

29 0.448469

30 0.342001

31 0.466356

32 0.498868

33 0.569264

34 0.597004

35 0.561212

36 0.489725

37 0.616237

38 0.598292

39 0.85063

40 0.95756

41 0.92462

42 0.957707

43 1.05992

44 1.07932

45 1.09793

46 1.03612

47 1.07452

48 0.957794

49 0.904202

50 0.73076

51 0.758854

52 0.502699

53 0.497144

54 0.606952

55 0.505839

56 0.614094

57 0.663526

58 0.644264

59 0.634624

60 0.330116

61 0.341963

62 0.413893

63 0.437561

64 0.519225

65 0.535446

66 0.37093

67 0.379661

68 0.381273

69 0.41407

70 0.814021

71 0.981433

72 0.98689

73 0.988107

74 1.02451

75 1.12849

76 1.30765

77 1.47417

78 1.31571

79 1.42516

80 1.35265

81 1.09606

82 1.16259

83 1.06466

84 0.801227

85 0.578857

86 0.608301

87 0.398616

88 0.564523

89 0.562803

90 0.568907

91 0.542293

92 0.588888

93 0.640291

94 0.565559

