6 -0.0669094

7 -0.107326

8 -0.1355

9 -0.174989

10 -0.192438

11 -0.152047

12 -0.180657

13 -0.185825

14 -0.220554

15 -0.0879012

16 -0.259821

17 -0.22786

18 -0.927913

19 -1.06305

20 -1.06801

21 -0.995012

22 -0.835095

23 -0.949702

24 -0.911125

25 -0.841231

26 -0.964904

27 -0.94252

28 -1.15672

29 -1.34279

30 -1.50761

31 -1.56303

32 -1.61851

33 -1.63621

34 -1.63319

35 -1.53964

36 -1.48847

37 -1.53853

38 -1.57169

39 -1.48785

40 -1.44354

41 -1.36013

42 -1.48205

43 -1.4547

44 -1.36636

45 -1.22267

46 -1.11128

