6 -0.0298666

7 0.00826839

8 -0.0291339

9 0.00108511

10 -0.103377

11 -0.138754

12 -0.138704

13 -0.0468902

14 -0.0376889

15 -0.0266015

16 0.069186

17 0.16699

18 0.15598

19 0.303781

20 0.565308

21 0.638944

22 0.636773

23 0.439784

24 0.0654802

25 -0.286795

26 -0.110957

27 0.0799154

28 0.169623

29 0.196296

30 0.19051

31 0.0340137

32 0.0997072

33 0.0520233

34 0.121876

35 0.0383171

36 0.0667429

37 -0.536153

38 -0.63615

39 -0.675179

40 -0.641917

41 -0.481117

42 -0.74525

43 -0.777199

44 -0.661152

45 -0.817849

46 -0.857274

