6 -0.0786563

7 -0.0223552

8 0.0655509

9 0.185242

10 0.161552

11 0.274213

12 0.179016

13 0.295848

14 0.335068

15 0.869662

16 0.996132

17 1.09489

18 1.08583

19 1.05123

20 1.04319

21 0.993495

22 1.06635

23 1.15682

24 1.09098

25 1.18104

26 1.42064

27 1.57088

28 1.59348

29 1.47798

30 1.4855

31 1.56259

32 1.59323

33 1.32608

34 1.04586

35 0.956594

36 0.938871

37 1.05446

38 1.00549

39 0.912129

40 0.91698

41 0.597562

42 0.671097

43 0.681548

44 0.694607

45 0.718928

46 0.775122

47 0.728537

48 0.772629

49 0.813338

50 0.797762

51 0.753342

52 0.774958

53 0.445145

54 0.45789

55 0.471184

56 0.539943

57 0.589342

58 0.596917

59 0.544394

60 0.529987

61 0.534667

62 0.561205

63 0.682405

64 0.749666

65 0.776282

66 0.791714

67 0.773334

68 0.809551

69 0.719415

70 0.739502

71 0.462031

72 0.319534

73 0.179478

74 0.144079

75 0.239933

76 0.288189

77 0.48264

78 0.468516

79 0.562836

80 0.485405

81 0.570116

82 0.415406

83 0.445105

84 0.383853

85 0.503321

86 0.642891

87 0.660656

88 0.703733

89 0.751422

90 0.664574

91 0.904636

92 1.38984

