6 -0.0625531

7 -0.0650996

8 -0.104786

9 -0.0286988

10 -0.186277

11 -0.179286

12 -0.0302415

13 0.0410322

14 -0.169824

15 -2.38252e-06

16 0.317045

17 0.576076

18 0.524763

19 0.365632

20 0.557999

21 0.620713

22 0.932334

23 1.12854

24 1.0001

25 0.959827

26 1.12407

27 1.11459

28 1.38476

29 1.48781

30 1.98391

31 2.14394

32 2.04564

33 2.05416

34 1.96657

35 1.88829

36 1.83249

37 1.80672

38 1.43471

39 1.53252

40 1.36426

41 1.56785

42 1.76094

43 2.00463

44 2.02635

45 1.94813

46 2.17494

47 2.03522

48 2.18401

49 2.25072

50 2.35048

