6 0.163834

7 0.179815

8 0.177974

9 0.170255

10 0.178959

11 0.226386

12 0.22996

13 0.198468

14 0.459833

15 0.391373

16 0.564993

17 0.377999

18 0.717976

19 1.11751

20 1.16805

21 1.13141

22 1.15137

23 0.860794

24 0.793728

25 0.915833

26 0.736263

27 0.910312

28 0.793106

29 1.45274

30 1.66644

31 1.80213

32 1.828

33 1.84116

34 1.8555

35 1.93976

36 1.6874

37 1.63529

38 1.78079

39 1.7645

40 2.00547

41 2.15252

42 2.30576

43 2.55318

44 2.69358

45 2.83446

46 2.77021

47 2.80807

48 2.84107

49 2.83668

50 2.8188

51 2.82521

52 2.80627

53 2.81156

54 2.76417

55 2.78507

56 2.82654

57 2.92849

58 2.98722

59 2.90982

60 2.93367

61 3.33871

62 3.29232

63 3.37652

64 3.40584

65 3.3384

66 3.41901

67 3.35315

68 3.26489

69 3.26374

70 3.20304

71 3.13116

72 3.31182

73 3.6941

74 3.7816

75 3.52083

76 4.56336

77 4.61506

78 4.68041

79 4.6934

80 4.73606

81 4.80794

82 4.88489

83 4.85873

84 5.00295

85 5.12076

86 5.19135

87 5.25982

88 5.25212

89 5.1092

90 5.05418

91 5.06087

92 5.227

93 5.33946

94 5.38042

95 5.41405

96 5.28854

97 5.23299

98 5.30058

99 5.46205

100 5.63293

101 5.08486

102 5.00122

103 4.79146

104 4.65646

105 4.62636

106 4.55122

107 4.55326

108 4.45417

109 4.3478

110 4.43838

111 4.44718

112 4.99552

113 5.02253

114 4.974

115 4.76423

116 4.54127

