6 0.0724009

7 -0.00669012

8 0.0680493

9 -0.213847

10 -0.307755

11 -0.884076

12 -0.921445

13 -0.899131

14 -0.924063

15 -0.920563

16 -0.918149

17 -0.915984

18 -0.958486

19 -0.950388

20 -0.800493

21 -1.0403

22 -1.07904

23 -1.28035

24 -1.42355

25 -1.43858

26 -1.43302

27 -1.64305

28 -1.69778

29 -1.81025

30 -1.793

31 -1.76847

32 -1.77488

33 -1.83454

34 -1.85641

35 -1.91843

36 -1.9503

37 -1.98045

38 -2.00538

39 -1.99976

40 -2.03559

41 -2.074

42 -2.09153

43 -2.10305

44 -2.12634

45 -2.12631

46 -2.10111

47 -2.08389

48 -2.04912

49 -1.9304

50 -2.02825

51 -2.2211

52 -2.14612

53 -2.17072

54 -2.35652

55 -2.3726

56 -2.49895

57 -2.46677

58 -2.43322

59 -2.39631

60 -2.36874

61 -2.37365

62 -2.43849

63 -2.29958

64 -2.23843

65 -2.21708

66 -2.49966

67 -2.63347

68 -2.69514

69 -2.866

70 -2.96428

