6 0.0982966

7 0.0690759

8 0.0366173

9 0.0210951

10 0.0851383

11 0.140982

12 0.163886

13 0.158715

14 0.144469

15 0.236551

16 0.0452706

17 0.104128

18 -0.195161

19 -0.426001

20 -0.391179

21 -0.385845

22 -0.387266

23 -0.401911

24 -0.378103

25 -0.474708

26 -0.747215

27 -0.781667

28 -0.820228

29 -0.861467

30 -0.809072

31 -0.735416

32 -0.762276

33 -0.726147

34 -0.35687

35 -0.307082

36 -0.250474

37 -0.247288

38 -0.240972

39 -0.311922

40 -0.251928

41 0.0134501

42 0.643926

43 0.761849

44 0.728645

45 0.708925

46 0.634682

47 0.655399

48 0.695372

49 0.628953

50 0.342873

51 0.432355

52 0.305023

53 0.464555

54 0.504209

55 0.539137

56 0.424572

57 0.341853

58 1.33765

59 1.28732

60 1.40619

61 1.49672

62 1.66522

63 1.89537

64 1.94992

65 1.93497

66 1.97792

67 2.01756

68 2.01774

69 2.0431

70 2.0364

71 2.02644

72 1.99557

73 1.70908

74 1.7549

75 1.73499

76 1.89293

77 1.85625

78 1.57638

79 1.62707

80 1.50606

81 1.55465

82 1.48284

83 1.2953

84 1.01938

85 0.924214

86 0.830169

87 0.722448

88 0.816708

89 0.735371

90 0.748873

91 0.727866

92 0.710946

93 0.744911

94 0.661292

95 0.687412

96 0.743227

97 0.780822

98 0.822126

99 0.932716

100 1.02631

