6 0.0051931

7 -0.015176

8 -0.0265079

9 -0.00351936

10 0.0453502

11 -0.0252136

12 0.0760163

13 0.137085

14 0.206132

15 0.386251

16 0.38429

17 0.351004

18 0.563316

19 1.26365

20 1.36934

21 1.43422

22 1.36461

23 1.32097

24 1.20715

25 0.944535

26 0.85633

27 1.02171

28 1.01838

29 1.10151

30 0.857669

31 0.927347

32 1.09229

33 1.34749

34 1.48808

35 1.44291

36 1.51277

37 1.4692

38 1.53974

39 1.47348

40 1.58905

41 1.88451

42 2.64114

43 2.75737

44 2.60924

45 2.53002

46 2.44219

47 2.47895

48 2.51511

49 2.57143

50 2.56815

51 2.609

52 2.69274

53 2.57463

54 2.67066

55 2.95097

56 3.1258

57 3.38797

58 3.5175

59 3.44241

60 3.25576

61 3.06619

62 3.22609

63 3.15951

64 3.44966

65 3.34616

66 3.60263

67 3.78385

68 3.9006

69 3.9147

70 4.06507

71 4.04708

72 4.1679

73 4.19212

74 4.35502

75 4.36985

76 4.36396

77 4.36285

78 4.51559

79 4.42619

80 4.48913

81 4.44924

82 4.54148

83 4.76083

84 4.70137

85 4.56278

86 4.90893

87 4.88499

88 5.17192

89 5.26846

90 5.39822

91 5.44501

92 5.62204

93 5.54867

94 5.181

95 5.10884

96 5.09371

97 5.06402

98 5.65036

99 5.72278

100 5.99405

101 6.11342

102 5.79831

103 5.73666

104 5.70789

105 5.55277

106 5.5747

107 5.48613

108 5.56651

109 5.55381

110 5.56557

111 5.60439

112 5.59289

113 5.6787

114 5.61207

115 5.52453

116 5.49242

117 5.45807

118 5.28463

119 5.40681

120 5.46901

