6 0.0380302

7 0.0573716

8 0.204137

9 -0.798932

10 -0.829761

11 -0.880094

12 -0.888516

13 -0.8214

14 -0.647724

15 -0.803407

16 -0.695359

17 -0.580802

18 -0.587256

19 -0.648526

20 -0.829608

21 -1.06155

22 -0.98647

23 -1.07799

24 -1.20034

25 -1.22087

26 -1.27475

27 -1.26775

28 -1.29698

29 -1.30578

30 -1.22256

31 -1.227

32 -1.30341

33 -1.34569

34 -1.20994

35 -1.4474

36 -1.64786

37 -1.63207

38 -1.62022

39 -1.56235

40 -1.78842

41 -2.51615

42 -2.57976

43 -2.61895

44 -2.7464

45 -2.72698

46 -2.64929

