6 -0.0254746

7 -0.0465522

8 -0.0225264

9 -0.0413963

10 -0.0471568

11 -0.0835771

12 -0.0886846

13 -0.121756

14 -0.153912

15 -0.165544

16 -0.170659

17 -0.312842

18 -0.192456

19 0.0783613

20 0.174751

21 0.214808

22 0.156104

23 0.191689

24 0.159976

25 0.403637

26 0.666485

27 0.587935

28 0.53501

29 0.198342

30 -0.734132

31 -0.884494

32 -0.917536

33 -0.787356

34 -0.925026

35 -0.742166

36 -0.499058

37 -0.172678

38 -0.20303

39 -0.0749801

40 -0.00960585

41 0.0999607

42 0.138293

43 0.154036

44 0.215442

45 0.302981

