6 0.0987103

7 0.102214

8 0.0702679

9 0.118035

10 0.0793812

11 0.0735577

12 0.0637686

13 0.0363246

14 0.0277954

15 0.119102

16 -0.0737158

17 -0.0434631

18 -0.276866

19 -0.245913

20 -0.401573

21 -0.40254

22 -0.44078

23 -0.458387

24 -0.434347

25 -0.454632

26 -0.691694

27 -0.779911

28 -1.19443

29 -1.42218

30 -1.43423

31 -1.49965

32 -1.08549

33 -1.16094

34 -1.16596

35 -1.16643

36 -1.16053

37 -1.29281

38 -1.97285

39 -2.06582

40 -2.14193

41 -2.18387

42 -2.19398

43 -2.06691

44 -2.29273

45 -2.12748

46 -2.21138

47 -2.08192

48 -2.20708

49 -2.07797

50 -2.01018

51 -2.05055

52 -1.9071

53 -1.87847

54 -1.85143

55 -1.86718

56 -1.78219

57 -2.01795

58 -2.07993

59 -2.34348

60 -2.41155

61 -2.61932

62 -2.7264

63 -2.72276

64 -2.66386

65 -2.71798

66 -2.72854

67 -2.69674

68 -2.66171

69 -2.6763

70 -3.05286

71 -3.07661

72 -3.16357

73 -3.18172

74 -3.3158

75 -3.37035

76 -3.75545

77 -3.83431

78 -3.74855

79 -3.61939

80 -3.44041

81 -3.48273

82 -3.56596

83 -3.42635

84 -3.39535

85 -3.42479

86 -3.53094

87 -3.52912

88 -3.51838

