6 -0.0245231

7 -0.105962

8 -0.126801

9 -0.0899308

10 -0.00711534

11 0.102904

12 0.20562

13 0.227725

14 0.0827853

15 0.0468181

16 0.152666

17 0.0132436

18 0.16292

19 -0.0102144

20 -0.235567

21 -0.184981

22 -0.0995275

23 -0.122068

24 -0.14507

25 -0.20843

26 -0.239561

27 -0.180736

28 -0.132785

29 -0.136664

30 -0.0424497

31 -0.0252811

32 -0.15441

33 -0.213364

34 -0.0355801

35 -0.107876

36 0.133505

37 0.365718

38 0.368948

39 0.369687

40 0.252741

41 0.344079

42 0.490705

43 0.397056

44 0.566635

45 0.625234

