6 0.200467

7 0.275011

8 0.252048

9 0.177638

10 0.163511

11 0.174325

12 0.14113

13 0.255818

14 0.345937

15 0.377634

16 0.463693

17 0.463391

18 0.423848

19 0.3947

20 0.39408

21 0.41941

22 0.403833

23 0.474772

24 0.501292

25 0.494455

26 0.572697

27 0.476052

28 0.613855

29 0.765279

30 0.800236

31 0.793034

32 0.528985

33 0.467898

34 0.467506

35 0.498026

36 0.598292

37 0.584399

38 0.635493

39 0.532424

40 0.585946

41 0.451846

42 0.505361

43 0.487172

44 0.461354

45 0.471924

46 0.390993

47 0.380913

48 0.430951

49 0.399231

50 0.573256

51 0.802253

52 0.819688

53 0.926422

54 0.918932

55 0.806904

56 0.88206

57 0.7175

58 0.586839

59 0.397656

60 0.400238

61 0.529338

62 0.620246

63 0.597658

64 0.717101

65 0.701584

66 0.523305

67 0.450066

68 0.63583

69 0.588321

70 0.712684

71 0.722195

72 0.444637

73 0.399403

74 0.51601

75 0.36068

76 0.363172

77 0.440785

78 0.48657

79 0.368687

80 0.615276

81 0.650614

82 0.458572

