6 -0.0727967

7 -0.0543159

8 0.0164768

9 0.0538867

10 0.118414

11 0.184353

12 0.170757

13 0.227374

14 -0.0373167

15 -0.0873449

16 0.00194137

17 -0.103302

18 -0.0898236

19 -0.315134

20 -0.318603

21 -0.374736

22 -0.414961

23 -0.387593

24 -0.52

25 -0.51789

26 -0.352366

27 -1.15154

28 -1.16113

29 -1.14898

30 -1.23855

31 -0.0661873

32 -0.0424962

33 -0.00884971

34 -0.149901

35 -0.060975

36 -0.14765

37 -0.220363

38 -0.128793

39 -0.0188831

40 -0.0526186

41 -0.25845

42 -0.244663

43 -0.240507

44 -0.267871

45 -0.300835

46 -0.353753

47 -0.368848

48 -0.261721

49 -0.136415

50 -0.172451

51 -0.150989

52 -0.198037

53 -0.200636

54 -0.207782

55 -0.0582344

56 0.255344

57 0.380694

58 0.348715

59 0.270781

60 0.0127967

61 -0.222097

62 -0.317629

63 -0.355132

64 -0.345973

65 -0.307247

66 -0.362658

67 -0.343855

68 -0.337143

69 -0.349453

70 -0.390786

71 -0.439365

72 -0.257717

73 -0.0784824

74 -0.0241233

75 -0.548955

76 -0.481751

77 -0.295902

78 -0.198966

79 -0.207009

80 -0.449884

81 -0.588144

