6 0.0111097

7 -0.069157

8 0.0381656

9 0.118599

10 0.124963

11 0.115123

12 0.0149417

13 -0.0142962

14 0.0875775

15 -0.00973232

16 0.188454

17 0.343675

18 0.428004

19 0.786742

20 0.797654

21 0.817

22 0.884626

23 0.974742

24 0.986083

25 0.818742

26 0.886535

27 0.673111

28 0.864062

29 0.803416

30 1.3043

31 1.4882

32 1.6487

33 1.72562

34 1.55857

35 1.63067

36 1.84058

37 1.79291

38 1.86528

39 1.74785

40 1.53155

41 1.59507

42 1.42975

43 0.397409

44 0.0624876

45 -0.0653368

46 -0.0983067

47 -0.197358

