6 -0.0384253

7 -0.0547374

8 -0.0735774

9 -0.0990238

10 -0.129513

11 -0.15146

12 -0.144537

13 -0.151667

14 -0.148019

15 -0.185584

16 -0.193993

17 -0.106099

18 -0.269075

19 -0.243803

20 -0.353315

21 -0.461226

22 -0.504425

23 -0.462933

24 -0.519466

25 -0.592563

26 -0.589816

27 -0.900236

28 -0.926254

29 -0.941418

30 -0.992029

31 -0.930323

32 -0.822675

33 -0.511791

34 -0.42784

35 -0.443026

36 -0.463309

37 -0.279226

38 -0.242051

39 0.407204

40 0.500478

41 0.511562

42 0.483028

43 0.493402

44 0.470228

45 0.177828

46 0.246879

47 0.0996824

48 0.20102

49 0.186417

50 0.536297

51 0.46288

52 0.832314

53 0.872688

54 0.959861

55 1.1768

56 1.12845

57 1.27726

58 1.42664

59 1.48792

60 1.451

61 1.38148

62 1.21041

63 1.25223

64 1.34101

65 1.50815

66 1.60382

67 1.36224

68 1.1245

69 1.27493

70 1.32515

71 1.31168

72 1.32296

73 1.03823

74 0.63507

75 0.662427

76 0.575212

77 0.610388

78 0.581008

79 0.533045

80 0.542424

81 0.445275

