6 -0.0661547

7 -0.0898909

8 -0.130825

9 -0.160091

10 -0.164282

11 -0.227705

12 -0.28748

13 -0.255633

14 -0.158606

15 -0.086007

16 -0.0691783

17 -0.0627636

18 0.0644965

19 0.263592

20 0.306942

21 -0.0315504

22 -0.00115702

23 -7.1733e-05

24 0.038109

25 0.157674

26 0.0727352

27 0.0507416

28 0.0325576

29 0.0655145

30 0.0468469

31 -0.150031

32 -0.195337

33 -0.208269

34 -0.128166

35 0.00523695

36 -0.0996757

37 0.00904003

38 0.0268379

39 0.0364546

40 -0.0217205

41 0.042951

42 0.281516

43 0.749022

44 0.705298

45 0.811836

46 0.820821

47 0.775376

48 0.722169

49 0.749716

50 0.792859

51 0.799807

52 0.740833

53 0.735557

54 0.91275

55 0.931867

56 0.815134

57 0.674998

58 0.448184

59 0.446001

60 0.470469

61 0.476734

62 0.477232

63 0.402581

64 -0.209806

65 -0.272303

66 -0.276081

67 -0.36054

68 -0.659788

69 -0.802251

70 -0.907633

71 -1.11529

72 -1.17038

73 -1.28343

74 -1.52589

75 -1.44946

76 -1.44939

77 -1.44488

78 -1.35489

79 -1.30811

80 -1.21781

81 -1.20862

82 -1.20571

83 -0.442636

84 -0.483938

85 -0.284431

86 -0.144848

87 -0.147678

88 -0.0314136

89 0.0808754

90 0.0591566

91 0.139116

92 0.0516767

93 -0.0750392

94 -0.0864913

95 -0.564796

96 -0.852569

97 -1.3175

98 -1.37524

99 -1.91664

100 -1.87047

