6 -0.0421228

7 -0.0478426

8 -0.00473827

9 -0.0470282

10 0.00493525

11 0.0395762

12 -0.0160941

13 0.019276

14 -0.0400814

15 0.0584939

16 -0.122351

17 -0.114932

18 -0.149085

19 0.106975

20 0.73474

21 0.892458

22 0.918952

23 0.949984

24 0.898386

25 0.945914

26 1.07667

27 1.14314

28 0.7639

29 0.75093

30 0.946465

31 1.07159

32 1.59744

33 1.68704

34 1.65288

35 1.59581

36 1.56919

37 1.85205

38 1.76183

39 1.83532

40 1.87059

41 1.92094

42 1.97093

43 1.99016

44 2.04072

45 2.07962

46 2.01827

47 2.13436

48 2.13341

49 1.89992

50 1.68091

51 1.59595

52 1.55764

53 1.14392

54 1.05724

55 1.01499

56 0.90241

57 1.00777

58 0.826983

59 0.635234

60 0.614363

61 0.571575

62 0.551844

63 0.555421

64 0.517413

65 0.51982

66 0.474428

67 0.34969

68 0.3538

69 0.390349

70 0.291482

71 0.28626

72 0.894355

73 0.900164

74 1.00178

75 0.842696

76 1.02275

77 1.13457

78 1.19795

79 1.2631

80 1.24729

81 1.24331

82 1.08995

83 1.05321

84 1.22619

85 1.34641

86 1.24826

87 1.45608

88 1.23534

89 1.5652

90 1.74488

91 1.87181

92 2.01683

93 2.12256

94 1.98698

95 1.98731

96 1.98697

97 2.11348

98 2.24673

99 2.39192

100 2.67797

101 2.84985

102 3.04238

103 2.90907

104 2.83812

105 2.73258

106 2.82178

107 2.90136

108 2.91715

109 2.79636

110 2.82925

111 2.74509

112 2.60372

113 2.61281

114 2.61518

115 2.49857

116 2.56712

117 2.7826

118 2.89793

119 3.11135

120 3.28776

121 3.14982

122 3.15005

123 2.92327

124 2.78875

125 2.72156

126 2.94344

127 2.89752

128 3.02543

129 2.84533

130 3.06802

131 3.05968

132 3.32745

133 3.30908

134 3.59564

135 3.55474

136 3.4048

137 3.35301

138 3.24518

139 3.17146

140 3.01752

141 3.15202

142 3.25974

143 3.32102

144 2.89203

