6 -0.135719

7 -0.184789

8 -0.250366

9 -0.296786

10 -0.298908

11 -0.365961

12 -0.330564

13 -0.394296

14 -0.517169

15 -0.460198

16 -0.338562

17 -0.2719

18 -0.314258

19 -0.292646

20 -0.277288

21 -0.271399

22 -0.234666

23 -0.166659

24 -0.235033

25 -0.501382

26 -0.520162

27 -0.384691

28 -0.373965

29 -0.349823

30 -0.403527

31 -0.423091

32 -0.369493

33 -0.512912

34 -0.5514

35 -0.528474

36 -0.706188

37 -0.787873

38 -0.780752

39 -0.70964

40 -0.785102

41 -0.663061

42 -0.561593

43 -0.531826

44 -0.597415

45 -0.77266

46 -0.794074

47 -0.965047

48 -0.984896

49 -1.26429

50 -1.28463

51 -1.29917

52 -1.22534

53 -1.08258

54 -1.00262

55 -1.06051

56 -1.02455

57 -0.725163

58 -0.719493

59 -0.588242

60 -0.482342

61 -0.434478

62 -0.324732

63 -0.259825

64 -0.224225

65 -0.268555

66 -0.246776

67 -0.217345

68 -0.238134

69 -0.316372

70 -0.262007

71 -0.369835

72 -0.50714

73 -0.635486

74 -0.986283

75 -0.955461

76 -1.74588

77 -1.82092

78 -1.76032

79 -1.87021

80 -1.93768

81 -2.07746

82 -1.88614

83 -1.86958

84 -1.82418

85 -1.86285

86 -1.82738

87 -1.3922

88 -1.33229

89 -1.22335

90 -1.13904

91 -1.03164

92 -1.03962

