6 -0.00781433

7 -0.0088093

8 -0.0514066

9 -0.234889

10 -0.859603

11 -0.824234

12 -0.84459

13 -0.768262

14 -0.72379

15 -0.633031

16 -0.489594

17 -0.829194

18 -0.848073

19 -0.929292

20 -0.84579

21 -0.780549

22 -0.845529

23 -0.825762

24 -0.738741

25 -0.694174

26 -0.644365

27 -0.596414

28 -0.529051

29 -0.499005

30 -0.48347

31 -0.527136

32 -0.55854

33 -0.433784

34 -0.606448

35 -0.663241

36 -0.884122

37 -0.929066

38 -1.02554

39 -1.00394

40 -0.882329

41 -1.01416

42 -1.02371

43 -1.21412

44 -1.12947

45 -1.08687

46 -1.1523

47 -1.11911

48 -1.20506

49 -1.2764

50 -1.20985

51 -1.25644

52 -1.40534

53 -1.49274

54 -1.51825

55 -1.50163

56 -1.58089

57 -1.57116

58 -1.55263

59 -1.59051

60 -1.51472

61 -1.42178

62 -1.42054

63 -1.4538

64 -1.42793

65 -1.41963

66 -1.48325

67 -1.43642

68 -1.1886

69 -1.02562

70 -0.964048

71 -0.837943

72 -0.818271

73 -0.868203

74 -0.998997

75 -1.16976

76 -1.36928

77 -1.61338

78 -1.8618

79 -1.72432

80 -1.66973

81 -1.97484

82 -1.88629

83 -1.83186

84 -1.8653

85 -1.9457

86 -1.87865

87 -2.03797

88 -1.96423

89 -1.95616

90 -2.06945

91 -2.13765

92 -2.26358

93 -2.34647

94 -2.7051

95 -2.67216

96 -2.59685

97 -2.68978

98 -2.55974

99 -2.4964

100 -2.38143

101 -2.19225

102 -2.11297

103 -2.1652

104 -2.08007

105 -2.37564

106 -2.47674

107 -2.62738

108 -2.63242

109 -2.61693

110 -2.7683

111 -2.76951

