6 -0.0294533

7 -0.0205983

8 -0.00277969

9 -0.0954597

10 -0.0411034

11 0.116941

12 0.207829

13 0.199413

14 0.230318

15 0.159901

16 0.0524733

17 0.0111788

18 -0.235862

19 -0.500671

20 -0.566671

21 -0.744547

22 -0.787084

23 -0.855595

24 -0.920944

25 -0.846784

26 -0.926326

27 -0.978701

28 -0.972794

29 -0.94197

30 -0.868465

31 -0.857351

32 -0.823838

33 -0.903746

34 -0.923188

35 -0.898849

36 -0.901215

37 -0.888671

38 -0.812549

39 -0.845848

40 -0.677365

41 -0.672668

42 -0.822052

43 -0.767286

44 -0.204052

45 -0.154228

46 -0.109822

47 -0.0401244

48 -0.106422

49 -0.187

50 -0.274268

51 -0.271248

52 -0.333205

53 -0.319396

54 -0.18795

55 -0.287948

56 0.0815195

57 0.189463

58 0.217758

59 0.161098

60 0.135691

61 0.317578

62 0.389814

63 0.501869

64 0.828746

65 0.996556

66 0.846242

67 1.14462

68 1.76372

69 1.66695

70 1.77914

71 1.84964

72 1.84464

73 1.68099

74 1.79307

75 1.49098

76 1.37827

77 1.28263

78 1.28062

79 0.860523

80 0.836997

81 0.868092

82 0.969515

83 1.08866

84 1.24299

85 1.34843

86 1.64002

87 1.74013

88 1.6389

89 1.65116

90 1.67319

91 1.69412

92 1.67657

93 1.59011

94 1.60641

95 1.53781

96 1.42646

97 1.50151

98 1.41573

99 1.79989

100 2.191

101 2.23588

102 2.29384

103 2.37144

104 2.35562

105 2.40727

106 2.28639

107 2.24811

108 2.11262

109 1.90583

110 1.71708

111 1.35057

112 1.31104

113 1.7911

114 2.17426

115 2.20201

116 2.51364

117 2.42241

118 2.33321

119 2.77586

120 3.53014

121 3.5789

122 3.5213

123 3.48323

124 3.5037

125 3.31552

126 3.23711

127 3.05794

128 3.03218

129 2.94023

130 2.84044

131 2.63961

132 2.93626

133 3.06396

134 3.12549

135 2.86711

136 3.00596

137 3.31663

138 3.56907

139 4.31481

140 4.56242

141 4.61627

142 4.6267

143 4.66694

144 4.82975

145 4.80929

146 4.87471

147 4.93411

148 4.7504

149 4.1902

150 4.10801

151 4.09864

152 4.02344

153 2.39134

154 2.29142

155 2.21085

156 2.31911

157 2.36289

158 2.32061

159 2.11376

160 2.22377

161 2.56624

162 2.20186

163 2.24172

164 2.30038

165 2.25601

166 2.23119

167 2.19967

168 2.15102

169 2.1271

170 2.27527

171 2.27313

172 2.169

173 2.31461

174 2.41991

175 2.30652

176 2.01888

177 2.16346

178 2.21537

179 2.06803

180 1.8435

181 1.95088

182 1.65772

183 1.66478

184 1.42282

185 1.36139

186 1.24679

