6 0.0388508

7 0.165914

8 -0.0253276

9 -0.0339629

10 -0.228717

11 -0.217704

12 -0.237694

13 -0.277763

14 -0.196449

15 -0.383361

16 -0.722172

17 -0.786804

18 -0.858106

19 -0.833823

20 -0.907917

21 -0.873705

22 -0.884739

23 -0.923248

24 -0.914706

25 -1.11316

26 -1.3501

27 -1.34294

28 -1.36307

29 -1.42183

30 -1.36353

31 -1.48789

32 -1.48724

33 -1.83708

34 -1.97597

35 -1.90847

36 -1.85127

37 -1.76489

38 -1.90764

39 -1.86697

40 -1.9685

41 -1.97618

42 -1.99503

43 -2.02587

44 -1.91826

45 -2.09506

46 -2.50548

47 -2.61631

48 -2.68401

49 -2.66258

50 -2.73287

51 -2.67526

52 -2.65675

53 -2.63719

54 -2.58425

55 -2.68666

56 -2.77015

57 -2.78163

58 -2.77454

59 -2.84782

60 -2.99502

61 -3.01985

62 -3.00569

63 -3.36836

64 -3.50709

65 -3.46119

66 -3.40976

67 -3.30178

68 -3.44499

69 -3.37814

70 -3.43311

71 -3.469

72 -3.49737

73 -3.54608

74 -3.43453

75 -3.63753

76 -4.05043

77 -4.15077

78 -4.21408

79 -4.18248

80 -4.25514

81 -4.19907

82 -4.18096

83 -4.15529

84 -4.10196

85 -4.22022

86 -4.3092

87 -4.42853

