6 -0.0380369

7 -0.140016

8 -0.23646

9 -0.327186

10 -0.307438

11 -0.196795

12 -0.0441015

13 -0.141324

14 -0.0626973

15 -0.109476

16 -0.174955

17 -0.358429

18 -0.387177

19 -0.577092

20 -0.580038

21 -0.653739

22 -0.640542

23 -0.667153

24 -0.933098

25 -0.898327

26 -0.821385

27 -0.791481

28 -0.738443

29 -0.815777

30 -0.857399

31 -0.804419

32 -0.840186

33 -0.820806

34 -0.93523

35 -0.993865

36 -1.08095

37 -1.25167

38 -1.2094

39 -1.17196

40 -1.16815

41 -1.2362

42 -1.27907

43 -1.25329

44 -1.34761

45 -1.20349

46 -1.14629

47 -1.09401

48 -1.14377

49 -1.04783

50 -1.04847

51 -1.10525

52 -1.06511

53 -0.834326

54 -0.761776

55 -0.763867

56 -0.829317

57 -1.15757

58 -1.47989

59 -1.46236

