6 0.0556388

7 -0.0568594

8 0.0577913

9 0.0669468

10 -0.0276541

11 -0.135808

12 -0.193875

13 -0.189787

14 -0.254691

15 -0.10298

16 -0.121495

17 -0.12795

18 0.227575

19 0.265443

20 0.23921

21 0.0558551

22 -0.797903

23 -0.972999

24 -1.10856

25 -1.20467

26 -1.24089

27 -1.0664

28 -0.932535

29 -1.27659

30 -1.40155

31 -1.36684

32 -1.24491

33 -1.34146

34 -1.22832

35 -1.49601

36 -1.49415

37 -1.55885

38 -1.70351

39 -1.8824

40 -1.87017

41 -1.97588

42 -2.03991

43 -2.10495

44 -2.14914

45 -2.21729

46 -2.15369

47 -2.00156

48 -1.99186

49 -2.24173

50 -2.2844

51 -2.30838

52 -2.29031

53 -2.36636

54 -2.27929

55 -2.13982

56 -2.00025

57 -1.85825

58 -1.94377

59 -1.81074

60 -2.04921

61 -2.14796

62 -2.19286

63 -2.26632

64 -2.27173

65 -2.35406

66 -2.39787

67 -2.27683

68 -2.35951

69 -2.29232

70 -2.3577

71 -2.27655

72 -2.27117

73 -2.30997

74 -2.3775

75 -2.56873

76 -2.32532

