6 0.00146224

7 -0.0130692

8 0.0861118

9 0.203923

10 0.24155

11 0.171116

12 0.189289

13 0.203638

14 0.110542

15 0.110149

16 0.169333

17 -0.0489916

18 -0.193579

19 -0.367611

20 -0.422046

21 -0.45884

22 -0.526585

23 -0.465863

24 -0.51239

25 -0.538594

26 -0.595847

27 -0.578633

28 -0.718827

29 -0.762127

30 -0.675677

31 -0.848911

32 -0.85799

33 -1.00826

34 -1.03196

35 -1.06148

36 -1.05158

37 -1.02616

38 -1.59358

39 -1.56162

40 -1.45928

41 -1.45999

42 -1.3552

43 -1.32772

44 -1.40097

45 -1.27027

46 -1.05393

47 -1.03504

48 -1.01474

49 -0.967986

50 -1.24273

51 -1.1743

52 -1.03936

53 -0.995644

54 -0.983609

55 -0.811017

56 -0.813773

57 -0.668665

58 -0.560731

59 -0.426979

60 -0.349288

61 -0.32032

62 -0.311793

63 -0.283538

64 -0.30889

65 -0.474443

66 -0.387933

67 -0.515942

68 -1.80889

69 -1.96913

