6 0.0135702

7 0.0323239

8 0.0240034

9 -0.023248

10 -0.0407163

11 0.10939

12 0.0279252

13 -0.160602

14 -0.198444

15 -0.257745

16 -0.486623

17 -0.485407

18 -0.394233

19 -0.449597

20 -0.318523

21 -0.327195

22 -0.217218

23 -0.181069

24 -0.239186

25 -0.293904

26 -0.399259

27 -0.338433

28 -0.271748

29 -0.338794

30 -0.33139

31 -0.411484

32 -0.450064

33 -0.434843

34 -0.430902

35 -0.439028

36 -0.522329

37 -0.469653

38 -0.514052

39 -0.577175

40 -0.564129

41 -0.614946

42 -0.623028

43 -0.952762

