6 -0.0689423

7 -0.100442

8 -0.0992163

9 -0.105596

10 -0.174067

11 -0.204009

12 -0.111816

13 -0.0660002

14 -0.222323

15 -0.318345

16 -0.296154

17 -0.261536

18 -0.214936

19 -0.202549

20 -0.261567

21 -0.194991

22 -0.24721

23 -0.242282

24 -0.263065

25 -0.239971

26 -0.222859

27 -0.262722

28 -0.168953

29 -0.43784

30 -0.509024

31 -0.917325

32 -0.898209

33 -0.959039

34 -1.06908

35 -1.14688

36 -1.18056

37 -1.21133

38 -1.26537

39 -1.1831

40 -1.30148

41 -1.30436

42 -1.00004

43 -0.916395

44 -0.878505

45 -0.899192

46 -1.0249

47 -1.12862

48 -1.22916

49 -1.82635

50 -1.83292

51 -1.88087

52 -2.01384

53 -1.94979

54 -1.92452

55 -2.02456

56 -1.946

57 -1.95008

58 -2.23497

59 -2.30128

60 -2.32964

61 -2.31212

62 -2.22703

63 -2.12429

64 -2.24047

65 -2.32804

66 -2.36763

67 -2.25748

68 -2.36053

69 -2.5568

70 -2.42936

