6 -0.0865231

7 -0.0859783

8 -0.0992283

9 -0.143184

10 -0.0704092

11 0.0399317

12 0.152611

13 0.254196

14 0.311525

15 0.272802

16 0.350706

17 0.496614

18 0.604936

19 1.34842

20 1.46987

21 1.52889

22 1.57925

23 1.46682

24 1.48365

25 1.46941

26 1.47848

27 1.47159

28 1.4747

29 1.44601

30 1.50131

31 1.42583

32 1.37147

33 1.26696

34 1.34883

35 1.36288

36 1.26871

37 1.36723

38 1.28379

39 1.40505

40 1.3925

41 1.39935

42 1.43663

43 1.41312

44 1.40271

45 1.26401

46 1.16234

47 1.1417

48 1.04381

49 1.10578

50 1.07647

51 1.00552

52 1.07094

53 0.753105

54 0.591298

55 0.593242

56 0.737628

57 0.611326

58 0.67239

59 0.711913

60 0.662432

61 0.614755

62 0.651911

63 0.44997

64 0.490198

65 0.551601

66 0.577113

67 0.642457

68 0.6567

69 0.535058

70 0.516559

71 0.519001

72 0.615308

73 0.706357

74 0.755102

75 0.812962

76 1.1749

77 1.26389

78 1.39771

79 1.43955

80 1.60385

81 1.77365

82 1.82599

83 1.85263

84 1.54589

85 0.931593

86 0.868643

87 0.818934

88 0.763147

89 0.939101

90 0.936916

91 0.898914

92 0.661351

93 0.688462

94 0.871172

95 0.597816

96 0.503376

97 0.529724

98 0.565698

99 0.602542

100 0.539765

101 0.57551

102 0.557348

103 0.420282

104 0.430176

105 0.306588

