6 0.0851941

7 0.0652905

8 0.157434

9 0.373004

10 0.47288

11 0.491681

12 0.583505

13 0.541468

14 0.61306

15 0.718399

16 0.647562

17 0.713796

18 0.750471

19 0.89015

20 1.01513

21 0.982766

22 1.03045

23 1.16511

24 1.20339

25 1.22983

26 1.29987

27 1.67175

28 1.68226

29 1.82122

30 1.9231

31 1.97846

32 2.11856

33 2.30724

34 2.26719

35 2.41725

36 2.43101

37 2.59304

38 2.54941

39 2.68864

40 2.78462

41 2.7932

42 2.73987

43 2.75828

44 2.67731

45 2.81864

46 2.90107

47 2.96789

48 2.96777

49 2.95721

50 2.8854

51 2.88343

52 2.92173

53 2.89282

54 2.87615

55 2.71317

56 2.70667

57 2.80091

58 2.89827

59 2.95444

60 2.94402

61 2.91493

62 2.99701

63 3.0485

64 3.16098

65 3.42481

66 3.51893

67 3.6656

68 3.67635

69 3.73255

70 3.71374

71 3.73558

72 3.81572

73 3.81694

74 3.45894

75 3.48207

76 3.44612

77 3.22858

78 3.23982

79 3.42005

80 3.37978

81 3.54859

82 3.64864

83 3.6653

84 3.71119

85 3.73199

86 3.7598

87 3.84419

88 3.38774

89 3.29716

90 1.89758

91 1.88937

92 1.89215

93 1.92381

94 1.9016

95 2.00645

96 2.14128

97 2.1189

98 2.11762

99 2.23973

100 2.23998

