6 0.0822668

7 0.0495216

8 -0.112475

9 -0.0146026

10 0.0378777

11 0.0800971

12 0.0412497

13 0.0841644

14 0.078227

15 -0.0400578

16 -0.694083

17 -0.716722

18 -0.689074

19 -0.798759

20 -1.09765

21 -1.13486

22 -1.17727

23 -1.19041

24 -1.30501

25 -1.38519

26 -1.39172

27 -1.36018

28 -1.38528

29 -1.40049

30 -1.39293

31 -1.27981

32 -1.37946

33 -1.37926

34 -1.32239

35 -1.30363

36 -1.27606

37 -1.23074

38 -1.22512

39 -1.24255

40 -1.28012

41 -1.28768

42 -1.3135

43 -1.32828

44 -1.21636

45 -1.08446

46 -1.0624

47 -1.1236

48 -1.15099

49 -1.42769

50 -1.45045

51 -1.44637

52 -1.47991

53 -1.64442

54 -1.84159

55 -1.73526

56 -1.62813

57 -1.55663

58 -1.67698

59 -2.05233

60 -2.04063

61 -1.89871

62 -1.87468

63 -1.9492

64 -2.01762

65 -2.01708

66 -1.94973

67 -1.98884

68 -2.31774

69 -2.03776

70 -2.1678

71 -2.08958

72 -2.12265

73 -1.98592

74 -1.70234

75 -1.47394

76 -1.48036

77 -1.25493

78 -1.20161

79 -1.20617

80 -1.53638

81 -1.60782

82 -1.50273

83 -1.50318

84 -1.61231

85 -1.4927

86 -1.50775

87 -1.6575

88 -1.78407

89 -1.81089

90 -1.56817

91 -1.65687

92 -2.1027

93 -2.18673

94 -2.12695

95 -2.02469

96 -2.07282

97 -1.95555

98 -1.89248

99 -1.91287

100 -1.85406

101 -1.9769

102 -2.75743

103 -2.77054

104 -2.59402

105 -2.66534

106 -2.66597

107 -2.73386

108 -2.66882

109 -2.54217

110 -2.43627

111 -2.25557

112 -2.1379

113 -2.02632

114 -2.0478

115 -1.92188

116 -1.66806

117 -1.51583

118 -1.44094

119 -1.37333

120 -1.32415

121 -1.2777

122 -1.22849

123 -1.20067

124 -1.2732

125 -1.43836

126 -3.22815

