6 -0.0685205

7 -0.0965702

8 -0.101072

9 -0.109

10 -0.102835

11 -0.0574416

12 -0.0314616

13 -0.0276773

14 0.0223655

15 -0.0493987

16 -0.0315817

17 -0.0627017

18 0.00069064

19 0.0173498

20 -0.0811933

21 -0.157913

22 -0.109059

23 -0.224025

24 -0.22544

25 -0.510199

26 -0.642278

27 -0.752778

28 -0.768675

29 -0.814368

30 -0.804497

31 -0.859942

32 -0.786132

33 -0.712008

34 -0.663555

35 -0.757913

36 -0.915904

37 -0.979052

38 -1.07347

39 -1.16001

40 -1.16129

41 -1.07501

42 -1.08448

43 -0.945365

44 -0.79907

45 -0.732353

46 -0.769213

47 -0.840831

48 -1.03466

49 -1.03678

50 -1.46692

51 -1.50785

52 -1.53151

53 -1.57925

54 -2.05372

55 -2.09047

56 -2.09896

57 -2.20346

58 -2.36242

59 -2.42214

60 -2.47704

61 -2.52147

62 -2.80335

63 -2.94657

64 -3.00143

65 -3.06554

66 -3.33351

