6 0.0211173

7 -0.000811844

8 -0.030953

9 -0.0153239

10 -0.0532846

11 -0.00335526

12 0.0493322

13 0.0647421

14 -0.102366

15 -0.00355388

16 0.0493317

17 0.0974997

18 0.22412

19 0.32169

20 0.346437

21 0.394008

22 0.3619

23 0.454908

24 0.686532

25 0.857102

26 0.97993

27 1.04407

28 1.16409

29 1.36741

30 1.24391

31 1.0279

32 1.10618

33 1.15077

34 1.19226

35 1.18056

36 1.2534

37 1.26722

38 1.17916

39 1.15221

40 0.763217

41 0.635256

42 0.692804

43 0.848916

44 0.880353

45 0.873422

46 0.829913

47 0.874313

48 0.805326

49 0.766744

50 0.80922

51 1.14331

52 1.2118

53 1.0812

54 1.09178

55 1.24224

56 1.25782

57 1.26892

58 1.13054

59 -1.26953

60 -1.1288

61 -1.10529

62 -1.04621

63 -0.752687

64 -0.765926

65 -1.0317

66 -0.843673

67 -0.442955

68 -0.220574

69 -0.233683

70 -0.328645

71 -0.491392

72 -0.53158

73 -0.537419

74 -0.476772

75 -0.5641

76 -1.53999

77 -1.60215

78 -1.63214

79 -1.81174

80 -1.83816

