6 0.00716613

7 -0.00967465

8 -0.0433566

9 -0.0418616

10 -0.0608986

11 0.00381395

12 0.0702673

13 0.085831

14 -0.104965

15 0.00856419

16 0.0530464

17 0.0976039

18 0.209715

19 0.253848

20 0.25275

21 0.305532

22 0.452169

23 0.524426

24 0.502656

25 0.563284

26 0.487384

27 0.434042

28 0.454658

29 0.215602

30 0.236158

31 0.00812362

32 -0.251211

33 -0.150526

34 -0.120886

35 -0.190449

36 -0.192785

37 -0.147458

38 -0.158483

39 -0.236834

40 -0.283115

41 -0.59243

42 -0.652808

43 -0.736708

44 -0.755936

45 -0.799347

46 -0.779282

47 -0.516568

48 -0.323436

49 -0.211786

50 -0.218315

51 -0.372293

52 -0.359577

53 -0.338492

54 -0.314185

55 -0.345862

56 -0.441917

57 -0.251237

58 -0.361596

59 -0.303007

60 -0.304633

61 -0.308367

62 -0.15371

63 -0.0856899

64 -0.172877

65 0.0148379

66 0.0381864

67 0.38149

68 0.479568

69 0.599659

70 0.657454

71 0.704541

72 0.664319

73 0.62623

74 0.483752

75 0.541315

76 0.350911

77 0.421507

78 0.443433

79 0.315096

80 -0.0554801

81 -0.296434

82 -0.474531

83 -0.562205

84 -0.756701

85 -0.809574

86 -0.839865

87 -0.958599

88 -0.995051

89 -1.03823

90 -1.00141

91 -1.00165

92 -0.906048

93 -0.919856

94 -0.805166

95 -0.787236

96 -0.811668

97 -0.786211

