6 -0.00664755

7 -0.0243683

8 -0.218591

9 -0.245949

10 -0.217174

11 -0.165029

12 -0.0573847

13 0.0784458

14 0.119498

15 0.0902678

16 0.0449438

17 0.0474682

18 0.0297173

19 0.0427333

20 -0.0288774

21 -0.0355051

22 -0.0393278

23 -0.382784

24 -0.41685

25 -0.264928

26 -0.352864

27 -0.0561306

28 -0.0546672

29 0.232643

30 0.234654

31 0.162397

32 0.293319

33 0.432096

34 0.590613

35 0.735545

36 0.729934

37 0.476821

38 0.565199

39 0.377217

40 0.645686

41 0.629266

42 1.18369

43 1.19978

44 1.27524

45 1.28787

46 1.29122

47 0.996661

48 0.91907

49 1.16354

50 1.1582

51 1.03137

52 1.20142

53 1.58573

54 1.84225

55 2.1938

56 2.35134

57 2.50459

58 2.53773

59 2.38743

60 2.49199

61 2.52019

62 2.50013

63 2.57672

64 2.39373

65 2.24241

66 2.34429

67 2.23255

68 2.52725

69 2.55981

70 3.21865

71 3.37144

72 3.4644

73 3.52554

74 3.50243

75 3.53186

76 3.64769

77 3.63016

78 3.00819

79 2.97494

80 3.07115

81 2.93988

82 3.06507

83 3.08649

84 3.11285

85 2.99061

86 3.13031

87 4.07199

88 4.25696

89 4.34119

90 4.31677

91 4.42292

92 4.43842

93 4.47603

94 4.46792

95 4.41572

96 4.28031

97 4.21309

98 3.90976

99 3.78193

100 3.61651

101 3.64311

102 3.54083

103 3.11522

104 3.2271

105 3.06784

106 3.42218

107 3.46045

108 4.11364

109 4.29215

110 4.41802

111 4.43494

112 4.44767

113 4.78898

114 4.91115

115 5.03447

116 4.9835

117 4.77031

118 4.69936

119 4.68528

120 4.85709

121 4.82126

122 4.78951

123 4.48102

124 4.44448

125 4.269

126 4.22496

127 4.45178

128 5.79558

129 5.94259

130 5.77938

131 5.72497

132 5.69077

133 5.72883

134 5.87473

135 5.92877

136 5.93589

137 5.87332

138 5.85823

139 5.82267

140 5.70327

141 5.95195

142 6.65685

143 7.03198

144 6.47851

145 6.46602

146 6.44657

147 6.33881

148 6.29749

149 6.22094

