6 -0.0753968

7 -0.104497

8 -0.135978

9 -0.147487

10 -0.162041

11 -0.215194

12 -0.130061

13 -0.380832

14 -0.441335

15 -0.701175

16 -0.740787

17 -0.800425

18 -0.803506

19 -0.718098

20 -0.640038

21 -0.65457

22 -0.711928

23 -0.734397

24 -0.790742

25 -0.82669

26 -0.797437

27 -0.830809

28 -0.866454

29 -0.616073

30 -0.489698

31 -0.464934

32 -0.581314

33 -0.554558

34 -0.551104

35 -0.557196

36 -0.609695

37 -0.638275

38 -0.674873

39 -0.637617

40 -0.652936

41 -0.532099

42 -0.583152

43 -0.640359

44 -0.956367

45 -1.17406

46 -1.65309

47 -1.87203

48 -1.89367

49 -2.04473

50 -2.2165

51 -2.20183

52 -2.15094

53 -2.10422

54 -2.06808

55 -2.20769

56 -2.36321

57 -2.38125

58 -2.59817

59 -2.54687

60 -2.52307

61 -2.48115

62 -2.53403

63 -2.43755

64 -2.43997

65 -2.34403

66 -2.24766

67 -2.43845

68 -2.81332

69 -3.11844

70 -3.49099

71 -3.51182

72 -3.30347

73 -3.26829

74 -3.2618

75 -3.42621

76 -3.58516

77 -3.53678

78 -3.50855

79 -3.52096

80 -3.501

81 -3.49022

82 -3.75418

83 -3.67838

84 -3.79079

85 -3.82333

86 -3.83104

87 -3.70022

88 -3.52154

89 -3.55026

90 -4.3023

91 -4.62636

92 -4.82343

93 -4.81457

94 -4.836

95 -4.83146

96 -4.85778

97 -4.84367

98 -4.90131

99 -4.70909

100 -4.62117

101 -4.5574

102 -4.70862

103 -4.97489

104 -4.99394

105 -5.05995

106 -5.08732

107 -5.05805

108 -5.0588

109 -5.08868

110 -5.51552

111 -5.6615

112 -5.63393

113 -5.68281

114 -6.08109

115 -6.12284

116 -6.06412

117 -5.54273

118 -5.60535

119 -5.61925

120 -5.68627

121 -5.68823

122 -5.73171

123 -5.15792

124 -5.14665

125 -5.21068

126 -5.23056

127 -5.11843

128 -5.20282

129 -5.15599

130 -5.29528

131 -5.63376

132 -5.80998

