6 0.167302

7 0.153541

8 0.166538

9 0.162566

10 0.111084

11 0.115276

12 0.147136

13 0.0447757

14 0.0815426

15 0.17284

16 0.303836

17 0.349438

18 0.329994

19 0.358969

20 0.291701

21 -0.00392052

22 -0.0631328

23 -0.141649

24 -0.124193

25 -0.115806

26 -0.103829

27 -0.110658

28 -0.0477048

29 -0.278336

30 -0.310798

31 -0.497772

32 -0.556481

33 -0.703203

34 -0.825873

35 -1.02683

36 -1.23109

37 -1.13145

38 -1.06917

39 -1.01196

40 -1.07289

41 -1.36079

42 -1.37736

43 -1.36788

44 -1.49091

45 -1.58457

46 -1.73284

47 -1.89145

48 -2.07491

49 -2.12303

50 -2.12455

51 -2.09044

52 -2.08143

53 -2.15098

54 -2.15313

55 -2.04228

56 -2.26621

57 -2.43278

58 -2.46462

59 -2.57793

60 -2.61773

61 -2.74165

62 -2.53274

63 -2.49109

64 -2.52004

65 -2.46453

66 -2.60776

67 -2.89034

68 -3.0099

69 -2.91594

70 -2.9928

