6 -0.0724693

7 -0.104788

8 -0.0804096

9 -0.0524084

10 -0.0593362

11 -0.277234

12 -0.247424

13 -0.306783

14 -0.211833

15 -0.256277

16 -0.197367

17 -0.240956

18 -0.336473

19 -0.423083

20 -0.472109

21 -0.996921

22 -1.03507

23 -1.04131

24 -1.06846

25 -0.981015

26 -0.868182

27 -0.308807

28 -0.207967

29 -0.171172

30 -0.126612

31 -0.435963

32 -0.374058

33 -0.401554

34 -0.379758

35 -0.205132

36 -0.352441

37 -0.0643931

38 0.618382

39 0.614536

40 0.599513

41 0.387397

42 0.48999

43 0.350246

44 0.372577

45 0.32525

46 0.492867

47 0.249133

48 0.267768

49 0.456233

50 0.690595

51 0.727807

52 0.606315

53 0.871493

54 1.13284

55 1.26808

56 1.30384

57 1.3757

58 1.33866

59 1.36483

60 1.49936

61 1.49987

62 1.09856

63 1.23111

64 1.31385

65 1.25187

66 1.29914

67 1.44743

68 1.21927

69 1.50209

70 1.16104

71 1.78923

72 2.08304

73 2.21164

74 2.26341

75 2.25052

76 2.31065

77 2.23071

78 2.16967

79 2.17243

80 2.14804

81 2.25907

82 2.04005

83 2.09063

84 1.82942

85 2.01221

86 2.28793

87 2.25315

88 2.24573

89 2.33491

90 2.22359

91 2.35055

92 2.44166

93 2.53987

94 2.51385

95 2.50446

