6 0.0811465

7 0.0184703

8 0.13916

9 0.205582

10 0.19048

11 0.204081

12 0.274963

13 0.206054

14 0.233458

15 0.27566

16 0.18547

17 0.190991

18 0.181134

19 0.158651

20 0.145251

21 0.208545

22 -0.0271965

23 -0.0859933

24 -0.261683

25 -0.113828

26 -0.097553

27 0.00172036

28 -0.104937

29 0.0218692

30 -0.0133523

31 0.0614344

32 -0.0845263

33 0.111184

34 0.162278

35 0.251737

36 0.266085

37 0.39324

38 0.426126

39 0.436234

40 0.445571

41 0.469051

42 0.233979

43 0.168707

44 0.021059

45 0.259732

46 0.276259

47 0.385652

48 0.258089

49 0.393814

50 0.396761

51 0.398441

52 0.415449

53 0.634229

54 0.504799

55 0.69285

56 0.729181

57 0.800966

58 0.765456

59 0.869078

60 0.907975

61 0.983295

62 1.02451

63 1.11915

64 0.953667

65 0.829078

66 0.633215

67 0.895308

68 0.918609

69 1.03569

70 0.918594

71 1.05004

72 1.08708

73 1.02682

74 1.18466

75 1.05114

76 1.25673

77 1.3274

78 1.41373

79 1.41831

80 1.56488

81 1.57632

82 1.58604

83 1.63512

84 1.70838

85 1.50807

86 1.41322

87 1.20227

88 1.43072

89 1.45591

90 1.32792

91 1.4574

92 1.57712

93 1.65379

94 1.7361

