6 -0.03276

7 -0.0426761

8 -0.0400916

9 -0.0252263

10 -0.0236388

11 -0.0347476

12 -0.0314584

13 -0.0777238

14 0.00731874

15 0.0913103

16 0.112294

17 0.268915

18 0.400812

19 0.415416

20 0.46456

21 0.588273

22 0.624697

23 0.606153

24 0.437276

25 0.477789

26 0.362131

27 0.342741

28 0.256027

29 0.116192

30 0.15656

31 0.183843

32 0.207984

33 0.112776

34 0.151814

35 0.128681

36 0.136951

37 -0.0891436

38 -0.607912

39 -0.624046

40 -0.682962

41 -0.70764

42 -0.734331

43 -0.647409

44 -0.454677

45 -0.455957

46 -0.428684

47 -0.694799

48 -0.521435

49 -0.433172

50 -0.171641

51 -0.0552215

52 -0.132007

53 -0.0750354

54 0.14206

55 0.210597

56 0.278585

57 0.382528

58 0.436608

59 0.611329

60 1.05151

61 1.00876

62 1.03657

63 0.967941

64 0.856912

65 0.891774

66 0.7121

67 0.672946

68 0.603333

69 0.65582

70 0.803953

71 0.935722

72 1.00632

73 1.11733

74 1.11771

75 1.04194

76 1.08214

77 1.368

78 1.70719

79 1.71412

80 1.66445

81 1.64272

82 1.72939

83 1.68942

84 1.60764

85 1.62069

86 1.57343

87 1.41827

88 1.54891

89 1.44907

90 2.4121

91 2.48185

92 2.53311

93 2.5005

94 2.47293

95 2.566

96 2.47761

97 2.46343

98 2.68397

99 2.39654

100 2.3958

101 2.52037

102 2.60736

