6 -0.00119081

7 0.0674268

8 0.0590453

9 0.065423

10 -0.32415

11 -0.352214

12 -0.237946

13 -0.199633

14 -0.0381565

15 -0.00169412

16 0.0263728

17 0.176174

18 0.218354

19 0.252591

20 0.279342

21 0.391628

22 0.289316

23 0.376786

24 0.493722

25 0.50169

26 0.513321

27 0.526045

28 0.628775

29 0.432466

30 0.415212

31 -0.454147

32 -0.552902

33 -0.668038

34 -0.797773

35 -0.814536

36 -0.808923

37 -0.697806

38 -0.667385

39 -0.653101

40 -0.770154

41 -0.564277

42 -0.606416

43 -0.466513

44 -0.442754

45 -0.421543

46 -0.452814

47 -0.458272

48 -0.367099

49 -0.974468

50 -1.00612

51 -0.804867

52 -0.743324

53 -0.845799

54 -0.636729

55 -0.50613

56 -0.48787

57 -0.505803

58 -0.586063

59 -0.454573

60 -0.464443

61 -0.219732

62 -0.18604

63 -0.196409

64 -0.510596

65 -0.550079

66 -0.911599

67 -0.950054

68 -0.915956

69 -0.97045

70 -0.88905

71 -0.754636

72 -0.81476

73 -1.17242

74 -1.14271

75 -1.16432

76 -1.02781

