6 0.048798

7 0.0881704

8 0.0770995

9 0.0371111

10 -0.00609319

11 -0.02362

12 -0.0485047

13 -0.127742

14 -0.182667

15 -0.174622

16 -0.225586

17 -0.327488

18 -0.227751

19 -0.206621

20 -0.151052

21 -0.0395781

22 -0.0993949

23 -0.075938

24 -0.38346

25 -0.261361

26 -0.382871

27 -0.569185

28 -0.599851

29 -0.472786

30 -0.368314

31 -0.251391

32 -0.324673

33 -0.275828

34 -0.370004

35 -0.325217

36 -0.295377

37 -0.249209

38 -0.312186

39 -0.33829

40 -0.157991

41 0.432208

42 0.604568

43 0.651701

44 0.58405

45 0.371112

46 0.309548

47 0.508127

48 0.573394

49 0.578941

50 0.522647

51 0.334066

52 0.342636

53 0.075662

54 0.262139

55 0.127298

56 0.23174

57 0.0731623

58 0.402758

59 0.574476

60 0.985503

61 1.25284

62 1.12727

63 0.944014

64 1.02617

65 1.11468

66 1.02448

67 0.872119

68 1.01903

69 0.698274

70 1.07012

71 1.05934

72 1.66654

73 1.98617

74 2.1746

75 2.28685

76 2.25046

77 2.36713

78 2.44312

79 2.63999

80 2.83452

81 2.74323

82 2.5751

83 2.58004

84 1.79421

85 1.53634

86 1.62714

87 1.75929

88 1.87861

89 1.87016

90 2.20886

91 2.02911

92 2.05951

93 2.08466

94 2.16024

95 2.03002

96 2.0822

97 1.82881

98 1.6646

99 1.51709

100 1.48602

101 1.36261

102 1.50471

103 1.5558

104 1.36255

105 1.25399

106 1.04744

107 1.05945

108 1.10507

109 1.12519

110 1.23442

111 1.29727

