6 -0.0148498

7 -0.150168

8 -0.10001

9 -0.0199345

10 -0.100478

11 -0.353792

12 -0.360712

13 -0.341654

14 -0.309648

15 -0.288389

16 -0.276178

17 -0.328795

18 -0.334634

19 -0.0205798

20 0.058827

21 0.18277

22 0.205909

23 0.168785

24 0.169785

25 0.20608

26 0.248884

27 0.118232

28 0.138255

29 0.172425

30 0.44945

31 0.429787

32 0.518848

33 0.440439

34 0.539034

35 0.421901

36 0.477399

37 0.482339

38 0.491004

39 0.468586

40 0.431272

41 0.417814

42 0.376146

43 0.39051

44 0.389479

45 0.389078

46 0.448229

47 0.413993

48 0.224161

49 -0.00403736

50 0.0385554

51 -0.0387586

52 -0.0146902

53 0.103107

54 0.480691

55 0.499941

56 0.48016

57 0.51582

58 0.408506

59 0.373259

60 0.310008

61 0.385874

62 0.29109

63 0.282135

64 0.232521

65 0.23933

66 0.118564

67 0.234695

