6 0.0328993

7 0.00966878

8 -0.02522

9 -0.0639685

10 -0.0613073

11 -0.0270569

12 -0.0254163

13 -0.0630164

14 -0.0986516

15 -0.0554317

16 -0.0256597

17 0.0389757

18 -0.0619115

19 0.00167716

20 0.157686

21 0.274227

22 0.289756

23 0.178738

24 0.181973

25 0.327559

26 0.455881

27 0.491921

28 0.453719

29 0.541776

30 0.671087

31 0.684293

32 0.774669

33 0.78153

34 0.896505

35 1.01831

36 0.951659

37 1.08368

38 1.07482

39 1.03854

40 1.01852

41 0.935505

42 1.02694

43 1.05757

44 0.697231

45 0.72369

46 0.857014

47 1.00116

48 1.00856

49 1.13559

50 1.15894

51 1.09771

52 1.15114

