6 -0.126883

7 -0.130535

8 -0.138256

9 -0.103192

10 -0.2576

11 -0.630489

12 -0.718825

13 -0.688004

14 -0.611489

15 -0.551884

16 -0.506218

17 -0.557505

18 -0.525524

19 -0.34599

20 -0.454715

21 -0.566547

22 -0.554709

23 -0.726448

24 -0.86933

25 -0.845362

26 -0.855515

27 -0.896195

28 -0.800612

29 -1.03031

30 -1.04945

31 -1.42309

32 -1.37193

33 -1.30758

34 -1.36032

35 -1.34259

36 -1.37173

37 -1.29408

38 -1.31096

39 -1.31108

40 -1.50192

41 -1.41157

42 -2.01894

43 -2.02179

44 -2.04193

45 -1.9861

