6 0.0386716

7 0.0418643

8 0.045552

9 0.105423

10 0.183154

11 0.22215

12 0.159587

13 0.14539

14 -0.272055

15 -0.311957

16 -0.286195

17 -0.356107

18 -0.311733

19 -0.339135

20 -0.628782

21 -0.604324

22 -0.530441

23 -0.537312

24 -0.47335

25 -0.306618

26 -0.17925

27 -0.114875

28 -0.122409

29 -0.00748407

30 0.109408

31 0.161094

32 0.208851

33 0.167156

34 0.206246

35 0.269148

36 0.397492

37 0.258519

38 0.298612

39 0.130883

40 0.0240783

41 0.195377

42 0.172704

43 0.158156

44 0.155366

45 0.122523

46 0.0820514

47 0.0505773

48 0.127717

49 0.204508

50 0.218526

51 0.159651

52 0.174267

53 0.270005

54 0.329546

55 0.368811

56 0.345743

57 0.284408

58 0.359386

59 0.125693

60 0.0449303

61 -0.157701

62 -0.179774

63 -0.20733

64 -0.412935

65 -0.411676

66 -0.50375

67 -0.469327

68 -0.461484

69 -0.23432

70 -0.251686

71 -0.202641

72 -0.500662

73 -0.581591

74 -0.765891

75 -0.883507

76 -0.885737

77 -0.843585

78 -0.852706

79 -0.771392

80 -0.699692

81 -0.736769

82 -0.726809

83 -0.697342

84 -0.722664

85 -0.697018

86 -0.649776

87 -0.655791

88 -0.632355

89 -0.590087

90 -0.598464

91 -0.505646

92 -0.489848

93 -0.486801

94 -0.467805

95 -0.426139

96 -0.530882

97 -0.235891

98 -0.297312

99 -0.0847053

100 0.0900524

101 0.125696

102 -0.000282491

103 -0.135484

104 -0.318581

105 -0.2241

106 -0.196949

107 -0.190016

108 -0.342192

109 -0.398862

110 -0.604837

111 -0.67185

112 -0.754696

113 -0.687264

114 -0.684113

115 -0.745562

116 -0.869716

117 -0.918112

118 -0.890194

119 -0.939279

120 -0.934912

121 -0.729587

122 -0.668241

123 -0.488612

124 -0.439524

125 -0.38402

126 -0.519201

127 -0.515454

128 -0.578215

129 -0.615725

130 -0.614566

131 -0.584186

132 -0.541169

133 -0.607807

134 -0.682886

135 -0.699483

136 -0.786925

137 -0.825175

138 -0.819006

139 -0.807461

140 -0.772668

141 -0.905055

142 -1.39177

143 -1.57222

144 -1.77627

145 -1.8755

146 -1.88439

147 -1.71987

148 -1.56536

149 -1.54105

150 -1.41732

151 -1.42407

152 -1.38022

153 -1.26527

154 -1.35819

155 -1.38452

156 -1.38387

157 -1.32185

158 -1.334

159 -1.45373

160 -1.48666

161 -1.48405

162 -1.73561

163 -1.72139

164 -1.68444

165 -1.64545

166 -1.72464

167 -1.76164

168 -1.73028

169 -1.60251

170 -1.4701

171 -1.38472

172 -1.4047

173 -1.34584

174 -1.43621

175 -1.45034

176 -1.46418

177 -1.46076

178 -1.38089

179 -1.51706

180 -1.48583

181 -1.29635

182 -1.26416

183 -1.2274

184 -1.35111

185 -1.33933

186 -1.26971

187 -1.33941

188 -1.43086

189 -1.4611

190 -1.34381

191 -1.40091

192 -1.34432

193 -1.39061

194 -1.55269

195 -1.52967

196 -1.83023

197 -1.89518

198 -1.89874

199 -1.88154

200 -1.79756

201 -1.78379

202 -1.86547

203 -1.82568

204 -1.77171

205 -1.77429

206 -1.85433

207 -1.84216

208 -1.93008

