6 0.0611132

7 0.105263

8 0.0914979

9 0.0988314

10 0.122055

11 0.198213

12 0.203829

13 0.186966

14 0.489066

15 0.418395

16 0.65308

17 0.50204

18 0.840812

19 1.19982

20 1.25268

21 1.22404

22 1.26369

23 1.04599

24 0.98883

25 1.17884

26 0.988397

27 1.20294

28 1.0965

29 1.56934

30 1.76149

31 1.89548

32 1.92646

33 1.91321

34 1.92323

35 2.02688

36 1.62938

37 1.73763

38 1.78976

39 1.86242

40 2.0139

41 2.20192

42 2.27058

43 2.41008

44 2.37512

45 2.38291

46 2.40633

47 2.4016

48 2.38197

49 2.38219

50 2.36027

51 2.37464

52 2.34365

53 2.18701

54 2.31913

55 2.29463

56 2.30997

57 2.3304

58 2.39988

59 2.33024

60 2.46205

61 2.39449

62 2.52529

63 2.73322

64 2.73091

65 2.82999

66 2.85729

67 2.69659

68 2.84195

69 2.92745

70 2.93545

71 2.90721

72 2.92149

73 2.85705

74 2.75463

75 2.94698

76 3.35658

77 3.42785

78 3.21315

79 3.51615

80 4.34115

81 4.39049

82 4.43659

83 4.45287

84 4.52483

85 4.54479

86 4.54936

87 4.5359

88 4.56653

89 4.46021

90 4.55735

91 4.60177

92 4.48389

93 4.3551

94 4.24336

95 4.38059

96 4.54578

97 4.59377

98 4.75581

99 4.81413

100 4.86793

101 4.96083

102 4.89638

103 4.86697

104 4.90465

105 5.01642

106 5.15259

107 4.46073

108 4.68364

109 4.54714

110 4.35798

111 4.27227

112 4.2646

113 4.18544

114 4.19641

115 4.07249

116 3.92415

117 4.02858

118 4.0042

119 4.60904

120 4.66945

121 4.63616

122 4.42028

123 4.32122

124 4.26045

125 4.31537

