6 0.27853

7 0.235135

8 0.0522526

9 0.0756708

10 0.128441

11 0.184242

12 0.125887

13 0.161861

14 0.126966

15 0.129879

16 0.169459

17 0.236615

18 0.310324

19 0.399023

20 0.455749

21 0.557944

22 0.581674

23 0.483329

24 0.641593

25 0.638524

26 0.740645

27 1.34889

28 1.46196

29 1.52386

30 1.54597

31 1.60537

32 1.50083

33 1.5073

34 1.46026

35 1.52676

36 1.49073

37 1.52865

38 1.5486

39 1.50651

40 1.47216

41 1.48029

42 1.52114

43 1.45772

44 1.51712

45 1.45277

46 1.39581

47 1.35886

48 1.15285

49 0.95051

50 0.823738

51 0.78196

52 0.0582989

53 0.120415

54 0.0716238

55 0.27656

56 0.421185

57 0.360836

58 0.484154

59 0.546961

60 0.671762

61 0.679582

62 0.723458

63 0.56109

64 0.496054

65 0.297237

66 0.350012

67 0.294329

68 0.324415

69 0.366315

70 0.418288

71 0.351527

72 0.343549

73 0.251341

74 0.259576

75 0.198579

76 0.221488

77 0.123178

78 0.184398

79 0.182076

80 0.294388

81 0.294881

82 0.402295

83 0.251277

84 0.346789

85 0.486176

86 0.136093

