6 -0.0738076

7 -0.0188981

8 0.00086644

9 -0.0158899

10 -0.0745471

11 -0.180673

12 -0.524875

13 -0.659634

14 -0.68026

15 -0.693282

16 -0.736503

17 -0.785091

18 -0.767805

19 -0.804319

20 -0.755181

21 -0.883502

22 -0.970324

23 -1.04601

24 -1.10438

25 -1.02527

26 -0.812035

27 -0.668158

28 -0.975379

29 -1.33009

30 -1.45367

31 -1.49066

32 -1.5122

33 -1.56742

34 -1.58553

35 -1.48424

36 -1.56418

37 -1.42632

38 -1.45759

39 -1.4857

40 -1.81305

41 -2.03798

42 -2.03913

43 -2.07102

44 -2.02676

45 -1.88271

46 -2.13626

47 -2.24474

48 -2.36074

49 -2.40503

50 -2.4423

51 -2.46538

52 -2.4884

53 -2.50815

54 -2.55654

55 -2.45735

56 -2.54822

57 -2.4615

58 -2.40568

59 -2.52331

60 -2.60929

61 -2.79003

62 -2.8818

63 -2.73552

64 -2.54234

65 -2.39423

66 -2.69324

67 -3.11157

68 -3.21031

69 -3.21505

70 -3.23963

71 -3.24406

72 -3.08096

73 -2.97884

74 -2.91701

75 -3.15073

76 -4.2839

