6 -0.00376886

7 -0.00436133

8 -0.00462002

9 -0.0216742

10 -0.0556891

11 -0.0930119

12 -0.000164723

13 -0.101634

14 0.0624735

15 -0.106968

16 -0.0542591

17 -0.108552

18 0.0792865

19 0.323043

20 0.387132

21 0.40219

22 0.445092

23 0.49998

24 0.504861

25 0.482276

26 0.503183

27 0.473813

28 0.554468

29 0.611396

30 0.636473

31 0.687418

32 0.727024

33 0.768949

34 0.846005

35 0.802178

36 0.899192

37 0.736139

38 0.811179

39 0.940829

40 0.929994

41 0.803679

42 0.485208

43 -0.662604

44 -0.887767

45 -1.03987

46 -1.13757

47 -1.07999

48 -1.26413

49 -1.3427

50 -1.40808

51 -1.44198

52 -1.53907

53 -1.51331

54 -1.745

55 -1.56023

56 -1.56041

57 -1.51976

58 -1.5362

59 -1.43325

60 -1.10542

61 -1.01398

62 -1.00241

63 -0.973036

64 -0.964245

65 -0.923801

66 -1.09221

67 -0.895906

68 -0.879877

69 -0.839258

70 -0.740181

71 -0.714497

72 -0.636799

73 -0.677154

74 -0.753431

75 -1.16172

76 -1.21892

77 -1.23067

78 -1.27321

79 -1.46503

80 -1.33971

81 -1.38794

82 -1.38955

83 -1.46511

84 -1.48474

85 -1.55877

86 -1.59055

87 -1.62156

88 -1.50407

89 -1.57123

90 -1.53948

