6 -0.0832558

7 -0.0569677

8 0.0145896

9 -0.00897502

10 -0.00421622

11 -0.0268121

12 0.0438105

13 0.0488876

14 0.0608843

15 0.13009

16 0.102455

17 -0.0993019

18 -0.020243

19 -0.185052

20 -0.179508

21 -0.138978

22 -0.0371116

23 0.0908219

24 0.0543872

25 -0.126878

26 -0.127623

27 -0.251067

28 -0.184328

29 -0.131432

30 -0.0887812

31 0.0568617

32 0.327805

33 0.365941

34 0.441444

35 0.435023

36 0.402448

37 0.428386

38 0.348866

39 0.325508

40 0.318464

41 0.399472

42 0.527998

43 0.591149

44 0.595378

45 0.657698

46 0.712271

47 0.769141

48 0.828503

49 1.29324

50 1.21953

51 1.13731

52 1.03305

53 1.02183

54 1.02382

55 0.840267

56 1.05681

57 1.18403

58 1.10538

59 1.10228

60 1.06387

61 1.06166

62 1.02848

63 1.1249

64 1.27023

65 0.623383

66 0.598163

67 0.578382

68 0.595291

69 0.46837

70 0.56004

71 0.22572

72 -0.00484374

73 -1.07986

74 -1.41219

75 -1.37405

76 -1.39259

77 -1.38797

78 -1.47501

79 -1.64163

80 -1.69487

81 -1.73368

82 -1.69834

83 -1.76434

84 -1.74862

85 -1.72276

86 -1.92953

87 -1.70125

88 -1.56523

89 -1.48509

90 -1.49569

91 -1.52701

92 -1.78268

93 -1.92052

94 -2.03078

95 -2.0357

96 -2.12462

97 -2.12799

98 -2.12272

99 -1.99427

100 -1.8851

101 -1.85558

102 -1.8404

103 -1.81367

104 -1.66263

105 -1.48071

106 -1.40236

107 -1.26026

108 -1.17348

109 -1.24076

110 -1.23424

111 -1.33726

112 -1.32622

113 -1.16795

114 -1.36388

115 -1.35062

116 -1.39818

117 -2.34124

118 -2.50943

119 -2.50244

120 -2.32665

121 -2.18603

122 -2.10185

123 -2.21051

124 -2.07833

125 -1.77107

126 -1.61944

127 -0.355213

128 -0.348

129 -0.510319

130 -0.649938

131 -0.661636

132 -0.832295

133 -0.758245

134 -0.963771

135 -1.08224

136 -1.34239

137 -1.72471

138 -1.69441

139 -1.63654

140 -1.81954

141 -2.5378

