6 0.0369202

7 0.0784602

8 0.0494018

9 -0.0557547

10 0.0214482

11 0.0427475

12 0.0482982

13 0.0405926

14 0.0478574

15 0.0277044

16 0.0135551

17 0.0131824

18 -0.0654085

19 -0.00518615

20 0.06555

21 0.100604

22 0.173832

23 0.0866225

24 -0.0754581

25 -0.0995985

26 -0.326976

27 -0.428702

28 -0.677222

29 -0.773091

30 -0.595036

31 -0.538025

32 -0.549743

33 -0.578143

34 -0.592884

35 -0.565239

36 -0.563596

37 -0.556575

38 -0.609836

39 -0.547243

40 -0.402635

41 -0.445784

42 -0.542095

43 -0.410125

44 -0.458271

45 -1.32232

46 -1.43485

47 -1.45472

48 -1.41639

49 -1.41142

50 -1.30776

51 -1.37423

52 -1.26438

53 -1.27331

54 -1.2877

55 -1.34774

56 -1.34623

57 -1.35004

58 -1.363

59 -1.247

60 -1.28508

61 -1.18219

62 -1.16147

63 -0.997819

64 -0.945698

65 -0.880184

66 -0.821949

67 -0.849292

68 -0.864736

69 -0.880804

70 -0.873024

71 -0.861588

72 -1.00006

73 -0.95159

74 -1.13424

75 -1.01533

76 -0.8974

77 -0.838614

78 -0.959126

79 -0.808359

80 -0.664985

81 -0.632186

82 -0.649833

83 -0.686928

84 -0.730635

85 -0.728488

86 -0.644639

87 -0.637721

88 -0.743534

89 -0.273661

90 -0.246634

91 -0.165184

92 -0.215412

93 -0.297398

94 -1.29283

95 -1.3468

96 -1.27392

97 -1.11042

98 -1.14825

99 -0.8294

100 -0.814748

101 -0.645778

102 -0.510192

103 -0.394347

104 -0.330009

105 -0.361045

106 -0.383116

107 -0.476622

108 -0.652836

109 -0.738817

110 -0.805836

111 -0.803332

112 -0.929865

113 -1.07717

114 -1.15501

115 -1.1107

116 -1.05935

117 -1.05744

118 -1.07294

119 -0.938161

120 -0.819532

121 -0.66018

122 0.070781

123 0.228928

124 0.22293

125 0.0602401

126 -0.266443

127 -0.424837

128 -0.973503

129 -0.953632

130 -0.980419

131 -1.10965

132 -1.10294

133 -1.12659

134 -0.996644

135 -1.04215

136 -0.821135

137 -0.802513

138 -1.04378

139 -0.848174

140 -0.385477

141 -0.116578

142 -0.0657176

143 -0.431856

144 -0.25055

145 0.0670842

146 0.134631

147 0.162754

148 0.0433165

