6 0.135442

7 0.259565

8 0.35363

9 0.354838

10 0.377833

11 0.366911

12 0.428826

13 0.422371

14 0.453069

15 0.542817

16 0.6894

17 0.587383

18 0.344132

19 0.333071

20 0.243417

21 0.265431

22 0.215938

23 0.176031

24 0.032504

25 0.0427413

26 -0.114648

27 -0.115377

28 -0.114767

29 -0.129986

30 -0.111483

31 -0.0518675

32 -0.0118499

33 0.00216966

34 -0.0380644

35 -0.0495237

36 -0.0513058

37 -0.0733356

38 -0.0480393

39 -0.10708

40 -0.0617504

41 -0.00753225

42 -0.0346688

43 0.164424

44 0.382311

45 0.517762

46 0.660572

47 0.788503

