6 0.0244684

7 0.0899285

8 0.168551

9 0.149523

10 0.097197

11 0.0547063

12 0.0404167

13 0.0391791

14 0.0615644

15 -0.127268

16 -0.698839

17 -0.769143

18 -0.900612

19 -1.03795

20 -1.08684

21 -1.1786

22 -1.22502

23 -1.2249

24 -1.15518

25 -1.03715

26 -0.987409

27 -1.01571

28 -1.00796

29 -1.00682

30 -0.991071

31 -0.969555

32 -0.94691

33 -0.946498

34 -0.973096

35 -0.882604

36 -1.10365

37 -1.12247

38 -1.4114

39 -1.57415

40 -1.57305

41 -1.5722

42 -1.62928

43 -1.68568

44 -1.65715

45 -1.91231

46 -1.94429

47 -1.96628

48 -2.02445

49 -2.05757

50 -2.07193

51 -2.04381

52 -2.02846

53 -2.05164

54 -2.01006

55 -2.01856

56 -1.97433

57 -1.81513

58 -1.84859

59 -1.80622

60 -1.73173

61 -1.69034

62 -1.67502

63 -1.26348

64 -1.16874

65 -1.23252

66 -1.2031

67 -1.31541

68 -1.50254

69 -1.49049

70 -1.55074

71 -1.67885

72 -1.72863

73 -1.87189

74 -1.53773

75 -1.16847

76 -0.977239

77 -1.03966

78 -0.906515

79 -0.950576

80 -1.1101

81 -0.416648

82 -0.147564

83 -0.190502

84 -0.130811

85 0.0384466

86 0.243668

87 0.176734

88 0.315037

89 0.567274

90 0.849565

91 0.882896

92 0.879684

93 1.0419

94 0.916305

95 0.99414

96 1.08706

97 1.12204

98 1.08894

99 1.2371

100 1.27307

101 1.1789

102 1.11683

103 1.13742

104 1.25356

105 1.15885

106 0.911497

107 1.03552

108 0.995831

109 0.974085

110 0.908129

111 0.673037

112 0.57516

113 0.448579

114 0.332237

115 0.236287

116 0.343583

117 0.244178

118 0.241127

119 0.385212

120 0.34559

121 0.194188

122 0.260979

123 0.0908989

