6 0.133789

7 0.0850596

8 0.0807133

9 0.0670622

10 0.0247859

11 -0.0470667

12 -0.0538108

13 -0.0844642

14 -0.129784

15 -0.212709

16 -0.194381

17 -0.187758

18 -0.202846

19 -0.309845

20 -0.293694

21 -0.394284

22 -0.321814

23 -0.391236

24 -0.46632

25 -0.69505

26 -0.817067

27 -1.08678

28 -1.15635

29 -1.1575

30 -1.06845

31 -0.978169

32 -1.01903

33 -0.926016

34 -0.792873

35 -0.675654

36 -0.659232

37 -0.570878

38 -0.625239

39 -0.53514

40 -0.554603

41 -0.628662

42 -0.525631

43 -0.537483

44 -0.555676

45 -0.587259

46 -0.684433

47 -0.712617

48 -0.774341

49 -0.775722

50 -0.782024

51 -0.780826

52 -1.03111

53 -1.07896

54 -1.19823

55 -1.21807

56 -1.353

57 -2.19316

58 -2.18813

59 -2.10946

60 -2.02517

61 -1.9259

62 -1.97687

63 -1.93034

64 -1.9591

65 -1.81894

66 -1.95145

67 -1.90405

68 -2.28845

69 -2.24348

70 -2.0711

71 -2.03437

72 -1.87726

73 -1.81338

74 -1.96524

75 -2.06919

76 -2.00823

77 -1.95992

78 -1.93607

79 -1.82125

80 -1.78802

81 -1.75697

82 -1.91397

83 -1.96333

84 -1.78405

85 -2.07402

86 -2.05686

87 -2.07469

88 -2.12876

89 -2.01699

90 -1.946

91 -1.81397

