6 -0.0519763

7 -0.0221258

8 -0.0478493

9 0.0384975

10 -0.0482289

11 -0.0710898

12 -0.246896

13 -0.220574

14 -0.167498

15 -0.199941

16 -0.183124

17 -0.220529

18 -0.206927

19 -0.184613

20 -0.253881

21 -0.356319

22 -0.275736

23 -0.0540674

24 -0.0813475

25 0.0369426

26 -0.729427

27 -0.837661

28 -0.769682

29 -0.690906

30 -0.693702

31 -0.760788

32 -0.735804

33 -0.783895

34 -0.788866

35 -0.779711

36 -0.841307

37 -0.903773

38 -0.903145

39 -0.797095

40 -0.745379

41 -0.649496

42 -0.62755

43 -0.768402

44 -0.684234

45 -0.797856

46 -1.31787

47 -1.4287

48 -1.23879

49 -1.14598

50 -1.20774

51 -1.36546

52 -1.48773

53 -1.55249

54 -1.39067

55 -1.43314

56 -1.48352

57 -1.52179

58 -1.45944

59 -1.32822

60 -1.30138

61 -1.46003

62 -1.4701

63 -1.42931

64 -1.45535

65 -1.55443

66 -1.71552

67 -1.74335

68 -1.722

69 -1.60229

70 -1.71903

71 -1.59219

72 -1.43787

73 -1.53529

74 -1.5406

75 -1.44037

76 -1.34246

77 -1.30345

78 -1.04038

79 -1.01621

80 -1.1165

81 -1.09765

82 -1.13788

83 -0.954733

84 -1.2051

85 -1.62311

86 -1.77787

87 -1.89688

88 -1.97533

89 -2.01754

90 -2.02169

91 -2.00332

