6 -0.0345136

7 -0.0629815

8 -0.072868

9 -0.0868764

10 -0.104001

11 -0.201238

12 -0.0924792

13 0.0163573

14 0.0360996

15 0.0339781

16 0.0842151

17 -0.0205865

18 -0.493631

19 -1.21603

20 -1.34125

21 -1.36808

22 -1.23294

23 -1.11459

24 -1.0318

25 -1.11282

26 -0.886953

27 -0.871404

28 -0.860459

29 -0.906357

30 -0.888014

31 -0.871333

32 -1.32439

33 -1.38519

34 -1.3147

35 -1.23608

36 -1.2019

37 -1.20757

38 -1.224

39 -1.24994

40 -1.15741

41 -0.984303

42 -0.877701

43 -0.815209

44 0.0246364

45 0.20776

46 0.397182

47 0.475818

48 0.432916

49 0.345196

50 0.185322

51 -1.34518

52 -1.38911

53 -1.45635

54 -1.50327

55 -1.52493

56 -1.44694

57 -1.48966

58 -1.56663

59 -1.71801

60 -1.70044

61 -1.6226

62 -1.59635

63 -1.60533

64 -1.63959

65 -1.36543

66 -1.34432

67 -1.14698

68 -1.07553

69 -1.00431

70 -1.00195

71 -0.961413

72 -0.803279

73 -0.76666

74 -0.652607

75 -0.70409

76 -0.614387

77 -0.644719

78 -0.587119

79 -0.610524

80 -0.62954

81 -0.6319

82 -0.716795

83 -0.742123

84 -0.820255

85 -1.29566

86 -1.51919

87 -1.72234

88 -1.5822

89 -1.71667

90 -1.42514

91 -1.23548

92 -1.34761

93 -1.34667

94 -1.27249

95 -1.30732

96 -1.41393

97 -1.42806

98 -1.506

99 -1.52314

100 -1.41533

101 -1.53989

102 -1.41625

103 -1.3455

104 -1.32097

105 -1.29431

106 -1.28364

107 -1.43898

108 -1.49473

109 -1.80257

110 -2.05774

111 -2.23705

112 -2.41995

113 -2.2674

114 -2.21078

115 -2.14771

116 -2.11886

117 -2.12956

118 -2.37856

119 -2.4468

120 -2.6349

121 -2.84021

122 -3.36781

123 -3.29361

124 -3.3238

125 -3.30591

126 -3.36145

127 -3.30372

128 -3.40067

129 -3.52097

130 -3.52946

131 -3.5453

132 -3.50409

133 -3.46253

134 -3.50582

135 -3.7862

136 -3.79019

137 -3.88243

138 -3.80341

139 -3.81769

140 -3.98668

141 -4.06909

142 -4.1751

143 -4.30228

144 -4.41101

145 -4.26495

146 -4.10589

147 -4.0295

148 -4.02562

149 -3.94418

150 -3.81379

151 -3.73937

152 -3.74005

153 -3.65967

154 -3.99934

155 -3.88319

156 -3.95845

157 -3.95709

158 -4.10528

159 -4.24273

160 -4.2237

161 -4.08588

162 -4.06266

163 -4.16334

164 -4.18027

165 -4.14807

166 -4.09334

167 -4.17161

