6 -0.0118261

7 -0.0401177

8 0.0413932

9 0.150475

10 0.225467

11 0.228109

12 0.237595

13 0.235021

14 0.153578

15 0.0239468

16 0.101138

17 -0.0370421

18 -0.0450349

19 -0.130604

20 -0.0498998

21 -0.140441

22 -0.160397

23 -0.204437

24 -0.28778

25 -0.270934

26 -0.310276

27 -0.386383

28 -0.421572

29 -0.390911

30 -0.389141

31 -0.465687

32 -0.622725

33 0.722099

34 0.711904

35 0.771555

36 0.701148

37 1.24219

38 1.45383

39 1.49401

40 1.56115

41 1.56815

42 1.53301

43 1.57888

44 1.70844

45 1.66881

46 1.7921

47 1.76393

48 1.74066

49 1.76833

50 1.92355

51 1.76887

52 1.94666

53 2.09989

54 2.11989

55 1.7465

56 1.56286

57 1.28159

58 1.10153

59 1.07551

60 1.06666

61 1.04851

62 1.00248

63 0.975072

64 1.00615

65 1.10288

66 1.00736

67 0.869814

68 0.912451

69 1.10953

70 1.07179

71 0.748917

72 0.835057

73 0.718495

74 0.636934

75 0.582815

76 0.637615

77 0.566778

78 0.601105

79 0.573292

80 0.577543

81 0.572584

82 0.600786

83 0.610603

84 0.713094

85 0.896107

86 0.961615

87 0.920897

88 0.86762

89 0.880635

90 0.940922

