6 0.0279929

7 -0.101427

8 -0.100564

9 -0.055265

10 -0.00271809

11 -0.0696249

12 -0.080177

13 -0.000122327

14 0.158375

15 0.190205

16 0.162042

17 0.23537

18 0.137745

19 0.234474

20 0.264791

21 0.405117

22 0.55467

23 0.674405

24 0.68316

25 0.719035

26 0.944108

27 0.942862

28 0.82374

29 0.845141

30 0.818958

31 0.684004

32 0.637793

33 0.664051

34 0.552481

35 0.604414

36 0.619427

37 0.619529

38 0.664561

39 0.943392

40 1.03629

41 0.962808

42 1.07344

43 1.22674

44 1.26932

45 1.3589

46 1.42041

47 1.54189

48 1.5963

49 1.69068

50 1.59033

51 1.70738

52 1.8437

53 1.83527

54 1.92355

55 1.84204

56 1.94728

57 1.94687

58 2.02059

59 2.02147

60 2.17447

61 2.17254

62 2.37817

63 2.46085

64 2.5753

65 2.53099

66 2.63305

67 2.54247

68 2.62157

69 2.75597

70 2.74345

71 2.74003

72 2.85118

73 3.14836

74 3.14341

