6 0.0162752

7 -0.0304148

8 -0.0455525

9 -0.0319496

10 -0.101245

11 -0.128644

12 -0.107723

13 -0.12849

14 -0.139935

15 -0.151017

16 -0.315482

17 -0.341615

18 -0.527083

19 -0.521293

20 -0.322466

21 -0.143741

22 -0.195737

23 -0.0468555

24 0.126265

25 0.307822

26 0.358214

27 0.374518

28 0.371005

29 0.295253

30 0.345707

31 0.236144

32 0.159078

33 0.1494

34 -0.329769

35 -0.0985215

36 -0.0662474

37 -0.0690013

38 -0.221938

39 -0.121824

40 -0.104977

41 -0.0235871

42 0.105245

43 0.226925

44 0.308562

45 0.417118

46 0.500472

47 0.538304

48 0.519732

49 0.506022

50 0.503548

51 0.506764

52 0.572684

53 0.684878

54 0.696704

55 0.681335

56 0.552732

57 0.543686

58 0.304438

59 0.224364

60 0.0878551

61 0.0313829

62 0.0151856

63 -0.016177

64 0.131605

65 0.201789

66 0.207501

67 0.25365

68 0.292889

69 0.192764

70 -0.680816

71 -0.459984

72 -0.422652

73 -0.522573

74 -0.606623

75 -0.728576

76 -0.774745

77 -0.929464

78 -0.924309

79 -0.924153

80 -0.891428

81 -1.08208

82 -1.11569

83 -1.2552

84 -1.3041

85 -1.36097

86 -1.6554

87 -1.60803

88 -1.61162

89 -1.72738

90 -1.6967

91 -1.44859

92 -1.37823

93 -1.46592

94 -1.50371

95 -1.39829

96 -1.38204

97 -1.48452

98 -1.49244

99 -1.31947

100 -1.4245

101 -1.4446

102 -1.45559

103 -1.54129

104 -1.52243

105 -1.59836

106 -1.64298

107 -1.70709

108 -1.77543

109 -1.90276

110 -1.85145

111 -1.73393

112 -1.72161

113 -1.6481

114 -1.53016

115 -1.48297

116 -1.80596

117 -1.72393

118 -1.56021

119 -1.64365

120 -1.59551

121 -1.61523

122 -1.96642

123 -1.83

124 -1.86666

125 -1.89476

126 -2.05277

127 -2.01055

128 -1.77247

129 -1.61823

130 -1.24417

