6 -0.0672334

7 -0.102965

8 -0.0456401

9 -0.0750695

10 -0.0641196

11 -0.0958942

12 -0.115822

13 -0.292252

14 -0.28297

15 -0.363413

16 -0.256175

17 -0.235818

18 -0.555265

19 -0.452556

20 -0.221827

21 0.00416886

22 0.103404

23 0.0954477

24 -0.121819

25 -1.20507

26 -1.4931

27 -1.56965

28 -1.58617

29 -1.55001

30 -1.47377

31 -1.28062

32 -1.08558

33 -0.970519

34 -1.21832

35 -1.22447

36 -1.54508

37 -1.66357

38 -1.74551

39 -1.83321

40 -1.83616

41 -1.75966

42 -1.80445

43 -1.70705

44 -1.70466

45 -1.59537

46 -1.54758

47 -1.63301

48 -1.82568

49 -1.74731

50 -1.71201

51 -1.70898

52 -1.63773

53 -2.26619

54 -2.26425

55 -2.18876

56 -2.21816

57 -2.25866

58 -2.18719

59 -2.18485

60 -2.26997

61 -2.27306

62 -2.7841

63 -2.81534

64 -2.93557

65 -3.32672

66 -3.31753

67 -3.48915

68 -3.43464

69 -3.61312

70 -3.5843

71 -3.48912

72 -3.49488

73 -3.35074

74 -3.24643

75 -3.24481

76 -2.99281

77 -3.03164

78 -2.99691

79 -3.06453

80 -3.11927

