6 0.107518

7 0.159689

8 0.155445

9 0.249465

10 0.316372

11 0.316349

12 0.322238

13 0.428824

14 0.609529

15 0.510118

16 -0.419113

17 -0.653153

18 -0.669178

19 -0.554191

20 -0.491767

21 -0.474789

22 -0.358841

23 -0.453886

24 -0.583846

25 -0.53615

26 -0.588886

27 -0.821988

28 -0.752229

29 -0.931418

30 -0.938491

31 -0.946584

32 -1.0684

33 -1.22767

34 -1.2022

35 -1.27049

36 -1.19706

37 -1.14352

38 -1.2506

39 -1.36207

40 -1.42462

41 -1.62675

42 -1.63971

43 -1.54203

44 -1.57213

45 -1.64752

46 -1.75459

47 -1.80946

48 -1.87643

49 -1.91106

50 -1.80539

51 -1.55149

52 -1.42837

53 -1.51879

54 -1.65765

55 -1.60834

