6 0.0244624

7 0.000544208

8 -0.0214286

9 0.0152197

10 0.0119333

11 0.0164174

12 -0.0143947

13 -0.0296073

14 -0.11007

15 -0.134401

16 -0.131645

17 -0.122261

18 -0.0598737

19 -0.278225

20 -0.965884

21 -0.747852

22 -0.710166

23 -0.671878

24 -0.916505

25 -1.01632

26 -1.31755

27 -1.40769

28 -1.32163

29 -1.31888

30 -1.31876

31 -1.31348

32 -1.28544

33 -1.3443

34 -1.42619

35 -1.4396

36 -1.51066

37 -1.58296

38 -1.92313

39 -2.03388

40 -2.09989

41 -2.12079

42 -2.0657

43 -2.15273

44 -2.18193

45 -2.39988

46 -2.25218

47 -2.27859

48 -2.20418

49 -2.13185

50 -2.11383

51 -2.17711

52 -2.0706

53 -2.04394

54 -2.11093

55 -2.05019

56 -2.12861

57 -2.1315

58 -2.2445

59 -2.22962

60 -2.21156

61 -2.34584

62 -2.84742

63 -2.77757

64 -2.78376

65 -2.91647

66 -2.84091

67 -3.04546

68 -2.98885

69 -3.0137

70 -3.16208

71 -3.1496

72 -3.12404

73 -3.00829

74 -3.14248

75 -3.09324

76 -3.23807

77 -3.34391

78 -3.38773

79 -3.43639

80 -3.58174

81 -3.49819

82 -3.50233

83 -3.51234

84 -3.57211

85 -3.81395

86 -3.82494

87 -3.76931

88 -3.98159

89 -3.97797

90 -3.97039

91 -3.93686

92 -3.84553

93 -3.92118

94 -3.90639

95 -4.05322

96 -4.03294

97 -4.35857

98 -4.32822

99 -4.37253

100 -4.43425

101 -4.46921

