6 -0.0787312

7 -0.100857

8 -0.168703

9 -0.330592

10 -0.447294

11 -0.35426

12 -0.358594

13 -0.368996

14 -0.290961

15 -0.456626

16 -0.629557

17 -0.650948

18 -0.728509

19 -0.701261

20 -0.558214

21 -0.569293

22 -0.512208

23 -0.555757

24 -0.490273

25 -0.265465

26 -0.25593

27 -0.230414

28 -0.206021

29 -0.211402

30 -0.215734

31 -0.365782

32 -0.382004

33 -0.537565

34 -0.256971

35 -0.284854

36 -0.482648

37 -0.612538

38 -0.709398

39 -0.83432

40 -1.06773

41 -0.714218

42 -0.43978

43 -0.350928

44 -0.153867

45 -0.159651

46 -0.0603138

47 -0.176697

48 -0.0928012

49 -0.15428

50 0.00823944

51 -0.134596

52 0.20785

53 0.285809

54 0.422085

55 0.466449

56 0.494657

57 0.485666

58 0.298912

59 0.34503

60 0.566551

61 0.386927

62 0.513058

63 0.963824

64 1.17285

65 1.50595

66 1.58712

67 1.56119

68 1.38764

69 1.53239

70 1.66125

71 1.74113

72 1.85134

73 1.92501

74 1.98036

75 1.96961

76 1.85405

77 1.89313

78 1.75181

79 1.65495

80 1.49604

81 1.72379

82 1.67528

83 1.80811

84 1.90904

85 2.0871

86 2.12656

87 2.02663

88 1.95195

89 1.82647

90 1.78446

91 1.53211

92 1.44985

93 1.19361

94 1.333

95 1.3493

96 1.36184

97 1.17292

98 1.20817

99 1.57199

100 1.72012

101 2.01059

102 2.15431

103 2.25295

104 2.20285

105 2.088

106 2.26258

107 1.74956

108 1.66542

109 1.66368

110 1.62076

111 1.26936

112 1.25487

113 1.25962

114 1.30364

115 1.37087

116 1.44245

117 1.44904

118 1.32325

119 1.32559

120 1.37164

121 1.36411

122 1.64941

123 1.64241

124 1.76122

125 1.65135

126 1.68193

127 1.57718

128 1.38789

129 1.3546

130 1.23918

131 1.21839

