6 0.105931

7 0.149196

8 0.135846

9 0.095981

10 0.0492002

11 -0.0012142

12 0.0212152

13 0.0323942

14 -0.0147495

15 -0.0125978

16 0.0313924

17 0.0173619

18 0.0311141

19 0.0335061

20 0.119056

21 -0.0391896

22 0.0486149

23 -0.0495186

24 0.142199

25 0.19708

26 0.234041

27 0.190865

28 -0.0523524

29 -0.492714

30 -0.724445

31 -0.976486

32 -0.887141

33 -0.983922

34 -0.975466

35 -0.867847

36 -0.831359

37 -0.810002

38 -0.694417

39 -0.683844

40 -0.609733

41 -0.653687

42 -0.6438

43 -0.807592

44 -1.07185

45 -1.20795

46 -1.28941

47 -1.31627

48 -1.39454

49 -1.43025

50 -1.42798

51 -1.54791

52 -1.77579

53 -1.83253

54 -1.74611

55 -1.71546

56 -1.68448

57 -1.62469

58 -1.78051

59 -1.87072

60 -1.99113

61 -2.02924

62 -2.00162

63 -2.06744

64 -2.09966

65 -2.07252

66 -2.10718

67 -2.08723

68 -2.06384

69 -1.98907

70 -1.91777

71 -1.92279

72 -1.9052

73 -1.75615

74 -1.74245

75 -1.72572

76 -1.77914

77 -1.94071

78 -1.90309

79 -1.86054

80 -1.80457

81 -1.73803

82 -1.78416

83 -1.66913

84 -1.51161

85 -1.27896

86 -1.26139

87 -1.23236

88 -1.25747

89 -1.31619

90 -1.37782

91 -1.35153

92 -1.3832

93 -1.29057

94 -1.32109

95 -1.41674

96 -1.1755

97 -1.11639

98 -0.992264

99 -0.97606

100 -0.921488

101 -0.814308

102 -0.786405

103 -0.7187

104 -1.42797

105 -1.35792

106 -1.30732

107 -1.32707

108 -1.20495

109 -1.25176

110 -1.18884

111 -0.977219

112 -0.777533

113 0.0966856

114 0.243043

115 0.347079

116 0.402644

117 0.264812

118 0.128194

119 -0.811565

120 -0.837203

121 -0.956198

122 -0.819752

123 -0.814376

124 -0.702306

125 0.378304

126 0.703977

127 0.834702

128 0.559168

129 0.675364

130 0.673575

131 0.701564

132 0.663231

133 0.605707

134 0.657801

135 0.84744

136 0.868294

137 0.970002

138 1.07796

139 1.21151

140 1.2802

141 1.27089

142 1.328

143 1.30515

144 1.29338

145 1.18434

146 1.19304

147 1.37265

148 1.22041

149 1.0184

150 0.934419

151 0.808802

152 0.881062

153 0.986065

154 0.804773

155 0.785445

156 0.530161

157 0.433529

158 0.383538

159 0.42191

160 0.279186

161 0.247398

162 0.244364

163 0.194481

164 0.276482

165 0.366399

166 0.451479

167 0.642088

168 0.741242

169 0.516856

170 0.484768

