6 -0.0154325

7 -0.0286924

8 -0.0497589

9 0.00255073

10 0.125579

11 0.228249

12 0.242664

13 0.381406

14 0.425242

15 0.451292

16 0.442779

17 0.492937

18 0.502328

19 0.238556

20 0.199977

21 0.267328

22 0.300404

23 0.308866

24 0.273367

25 0.27836

26 0.266436

27 0.234069

28 0.201258

29 0.236795

30 0.382397

31 0.164157

32 0.0175382

33 -0.165756

34 -0.231064

35 -0.300211

36 -0.202469

37 -0.30241

38 -0.310663

39 -0.293152

40 -0.703305

41 -0.65242

42 -0.559369

43 -0.534668

44 -0.217896

45 0.119764

46 0.402084

47 0.52839

48 0.459832

49 0.633047

50 0.584564

51 0.437532

52 0.464359

53 0.414781

54 0.441306

55 0.466793

56 0.547662

57 0.740664

58 0.663711

59 -0.264295

60 -0.395436

61 -0.384316

62 -0.445463

63 -0.513281

64 -0.604001

65 -0.579242

66 -0.535586

67 -0.515803

68 -0.701514

69 -0.867056

70 -0.834187

71 -0.978714

72 -0.780586

73 -0.65226

74 -0.498695

75 -0.546988

76 -0.523961

77 -0.695583

78 -0.729545

79 -0.889336

80 -0.963232

81 -0.875496

82 -0.827191

83 -0.817556

84 -0.755482

85 -0.698897

86 -0.710448

87 -0.646374

88 -0.567438

89 -0.530699

90 -0.481986

91 -0.495247

92 -0.546997

93 -0.526383

94 -0.619962

95 -0.755148

96 -0.935745

97 -0.96826

98 -0.978262

99 -0.88252

100 -0.814384

