6 0.000893318

7 -0.0133483

8 0.0193389

9 0.129801

10 0.192162

11 0.133954

12 0.120596

13 0.127421

14 0.144688

15 0.169439

16 0.172373

17 0.156196

18 0.253891

19 0.033434

20 0.061321

21 -0.247133

22 -0.403219

23 -0.375714

24 -0.382838

25 -0.400348

26 -0.394493

27 -0.343953

28 -0.407988

29 -0.572516

30 -0.587881

31 -0.6016

32 -0.645899

33 -0.674268

34 -0.722323

35 -0.728413

36 -0.721385

37 -0.728081

38 -0.643406

39 -0.605504

40 -0.6726

41 -0.737241

42 -0.910519

43 -0.885956

44 -0.906447

45 -0.875378

46 -0.829003

47 -0.604114

48 -0.414511

49 -0.334125

50 -0.407435

51 -0.375772

52 -0.479625

53 -0.696665

54 -0.762701

55 -0.562339

56 -0.733545

57 -0.572678

58 -0.614441

59 -0.350407

60 -0.194586

61 0.119354

62 0.164088

63 0.268895

64 0.411782

65 0.234696

66 0.371647

67 0.619568

68 0.838459

69 0.859861

70 0.912776

71 1.04949

72 1.09151

73 1.0781

74 1.04818

75 1.06593

76 1.1964

77 1.11315

78 0.930414

79 0.907295

80 0.449533

81 0.455259

82 0.632464

83 0.164757

84 0.245974

85 0.208215

86 0.231618

87 0.207171

88 -0.0706522

89 -0.236776

90 -0.308388

91 -0.340136

92 -0.217215

93 -0.284436

94 -0.296528

95 -0.161882

96 -0.215048

97 -0.360255

98 -0.308514

99 -0.618165

100 -0.61122

