6 0.023142

7 0.0593664

8 0.0700978

9 0.0630006

10 0.0691813

11 0.0646879

12 0.00533148

13 -0.0306104

14 0.0359022

15 0.0440273

16 -0.13852

17 -0.114239

18 0.0382329

19 0.101213

20 0.0655481

21 0.0038759

22 0.0498773

23 0.112165

24 0.107795

25 0.118228

26 0.135825

27 0.103531

28 0.0360778

29 0.0980247

30 0.0698476

31 -0.4968

32 -0.411457

33 -0.501051

34 -0.538652

35 -0.560456

36 -0.668011

37 -0.649556

38 -0.590002

39 -0.566107

40 -0.558451

41 -0.559113

42 -0.597801

43 -0.5347

44 -0.317727

45 -0.245427

46 -0.303961

47 -0.245203

48 0.0359617

49 0.0649797

50 0.00173174

51 0.00603982

52 -0.194149

53 -0.666105

54 -0.702255

55 -0.702112

56 -0.789646

57 -0.701487

58 -0.651584

59 -0.708999

60 -0.61464

61 -0.616417

62 -0.922647

63 -0.986092

64 -1.05569

65 -1.09808

66 -1.28271

67 -1.32252

68 -1.34766

69 -1.45964

70 -1.43502

71 -1.30754

72 -1.44782

73 -1.52338

74 -1.52707

75 -1.23784

76 -1.09085

77 -1.10997

78 -1.02514

79 -1.06063

80 -1.13641

81 -1.1442

82 -1.19281

83 -1.23732

84 -1.26512

85 -1.25952

86 -1.27471

87 -1.29325

88 -1.28861

89 -1.28141

90 -1.14218

91 -1.09968

92 -1.07144

93 -1.04848

94 -1.21417

95 -1.56278

96 -1.42607

97 -1.46091

98 -1.4737

99 -1.51794

100 -1.46983

101 -1.48709

102 -1.44772

103 -1.52062

104 -1.58939

105 -1.57365

106 -1.45885

107 -1.47499

108 -1.46864

109 -1.42551

110 -1.3467

111 -1.30021

112 -1.30685

113 -1.36929

114 -1.42136

115 -1.44992

116 -1.51923

117 -1.60347

118 -1.63078

119 -1.42799

120 -1.5382

121 -1.53633

122 -2.56594

123 -2.69202

124 -2.71989

125 -2.65177

126 -2.57913

127 -2.58721

128 -2.47963

129 -2.34616

130 -2.35295

131 -2.35188

132 -2.50859

133 -2.52738

134 -2.42976

135 -2.29865

136 -2.45822

137 -2.5443

138 -2.74032

139 -2.59962

