6 -0.0332037

7 0.0695508

8 0.0558034

9 0.078268

10 -0.0149576

11 -0.125934

12 -0.0603411

13 0.12426

14 0.101017

15 0.20714

16 0.401801

17 0.356499

18 0.478725

19 0.582724

20 0.605518

21 0.71

22 0.701466

23 0.720404

24 0.815138

25 0.94301

26 1.01066

27 1.1061

28 1.02309

29 1.12421

30 1.12152

31 1.22032

32 1.31837

33 1.31583

34 1.37416

35 1.53004

36 1.67523

37 1.73637

38 1.77679

39 1.76539

40 1.78966

41 1.91061

42 1.78879

43 2.08714

44 2.1723

45 2.26284

46 2.27157

47 2.23307

48 2.29222

49 2.45841

50 2.46025

51 2.55916

52 2.65187

53 2.6746

