6 0.0650883

7 0.0452192

8 0.0576523

9 0.0432375

10 0.0531349

11 0.128779

12 0.148108

13 0.109407

14 0.0809576

15 -0.317167

16 -0.341784

17 -0.24437

18 -0.317136

19 -0.147389

20 0.0796121

21 0.646017

22 0.85091

23 0.974472

24 1.02491

25 1.01992

26 1.0326

27 1.19219

28 1.42537

29 1.4994

30 1.56554

31 1.56267

32 1.60895

33 1.86391

34 1.83803

35 2.10835

36 2.15788

37 2.41007

38 2.39891

39 2.37369

40 2.36884

41 2.2643

42 2.07865

43 2.32882

44 2.31323

45 2.4514

46 2.29119

47 2.53318

48 2.42961

49 3.15035

50 3.12705

51 3.13584

52 3.11995

53 3.08142

54 3.06623

55 3.24822

56 2.98721

57 2.8913

58 2.73851

59 2.73259

60 2.70756

61 2.77124

62 2.78333

63 2.70125

64 2.58779

65 2.77481

66 2.67731

67 3.04978

68 3.09616

69 3.33167

70 3.42555

71 3.36403

72 3.50725

73 3.56475

74 3.19173

75 3.14525

76 3.13483

77 3.21976

78 3.35735

79 3.46972

80 3.58731

81 3.5986

82 3.60301

83 3.60432

84 3.58941

85 3.5759

86 3.5592

