6 -0.0564753

7 -0.0758037

8 -0.00289333

9 0.0359798

10 -0.0838721

11 -0.0843205

12 -0.0968564

13 -0.105046

14 -0.150641

15 -0.133085

16 -0.151704

17 -0.176185

18 -0.119955

19 -0.155901

20 -0.133391

21 -0.140352

22 -0.167137

23 -0.0871892

24 -0.287328

25 -0.362612

26 -0.441702

27 -0.527808

28 -0.49651

29 -0.522136

30 -0.431425

31 -0.501025

32 -0.434436

33 -0.3862

34 -0.389214

35 -0.418674

36 -0.381001

37 -0.416482

38 -0.249029

39 -0.130992

40 -0.224954

41 -0.389244

42 -0.373602

43 -0.649077

44 -0.674924

45 -0.724958

46 -0.857767

47 -0.794087

48 -0.76057

49 -0.869456

50 -0.783206

51 -0.790871

52 -1.05778

53 -1.06905

54 -1.15633

55 -1.1637

56 -1.13071

57 -0.677137

58 -0.602778

