6 -0.0430792

7 -0.129569

8 -0.116935

9 -0.0860432

10 -0.126499

11 -0.202018

12 -0.198054

13 -0.226081

14 -0.271561

15 -0.188849

16 -0.393739

17 -0.4865

18 -0.442102

19 -0.371822

20 -0.326709

21 -0.230939

22 -0.101881

23 -0.0923872

24 -0.153675

25 -0.0750979

26 -0.0864499

27 -0.181378

28 -0.0669851

29 -0.150242

30 -0.0190574

31 0.0334118

32 -0.024355

33 -0.0177901

34 -0.121249

35 -0.221225

36 -0.231366

37 -0.233037

38 -0.242696

39 -0.326785

40 -0.276268

41 -0.232331

42 -0.186889

43 -0.096148

44 -0.0883345

45 -0.164671

46 -0.186481

47 -0.135108

48 -0.23785

49 -0.379433

50 -0.39891

51 -0.446727

52 -0.663296

53 -0.642138

54 -0.769298

55 -0.835188

56 -0.735134

57 -0.902056

58 -0.816724

59 -0.938458

60 -0.702919

61 -0.586778

62 -0.521818

63 -0.446132

64 -0.44434

65 -0.739635

66 -0.997971

67 -1.89822

68 -1.94813

69 -1.91703

70 -2.08606

71 -2.08748

72 -2.0791

73 -2.09292

74 -1.99383

75 -2.04639

76 -2.0042

77 -2.038

78 -2.02122

79 -1.93873

80 -1.8187

81 -1.97933

82 -2.19223

83 -2.16499

84 -1.97212

85 -1.85935

86 -1.81337

87 -1.91285

88 -1.85213

89 -1.93899

90 -2.16857

91 -2.09745

92 -2.09967

93 -2.19523

94 -2.23515

95 -2.35312

96 -2.42569

97 -2.46998

98 -2.46875

99 -2.49527

100 -2.51423

101 -2.43067

102 -2.48042

103 -2.78924

104 -2.78452

105 -2.77164

106 -2.74455

107 -2.79007

108 -2.81763

109 -2.84386

110 -2.80385

111 -2.8733

112 -2.93441

113 -3.07711

114 -3.01706

115 -2.96249

116 -2.79973

117 -2.89523

118 -2.78523

119 -2.5589

120 -2.48702

121 -2.36347

122 -2.34788

123 -2.46053

124 -2.53218

125 -4.161

126 -4.20035

