6 -0.100978

7 -0.0678787

8 -0.0961371

9 0.0367157

10 0.0414993

11 -0.0391498

12 -0.176537

13 -0.569935

14 -0.650098

15 -0.669103

16 -0.542528

17 -0.706346

18 -0.651663

19 -0.646395

20 -0.617582

21 -0.743064

22 -0.721611

23 -0.869064

24 -1.05599

25 -1.05449

26 -1.12474

27 -1.19782

28 -1.17185

29 -1.1074

30 -1.62323

31 -1.68299

32 -1.66467

33 -1.72658

34 -2.07676

35 -2.28993

36 -2.26038

37 -2.18722

38 -2.05922

39 -2.17023

40 -2.09648

41 -2.13941

42 -2.43124

43 -2.4996

44 -2.5708

45 -2.5

46 -2.47132

47 -2.51845

48 -2.56767

49 -2.57121

