6 -0.00758882

7 0.0764844

8 -0.0296885

9 -0.0804167

10 -0.0887678

11 -0.0241503

12 -0.1081

13 0.10088

14 0.723459

15 0.754474

16 0.869403

17 0.912482

18 0.638007

19 0.636468

20 0.757342

21 0.8205

22 1.01338

23 1.20238

24 1.52194

25 1.49326

26 1.45427

27 1.42402

28 1.47784

29 1.5164

30 1.51181

31 1.56035

32 1.4358

33 1.52472

34 1.48351

35 1.61591

36 1.47572

37 1.58962

38 1.47287

39 1.78724

40 2.40908

41 2.44524

42 2.4149

43 2.16578

44 2.02934

45 2.20194

46 2.09409

47 2.3676

48 2.54924

49 2.9908

50 3.19302

51 3.18005

52 3.18185

53 3.26876

54 3.35239

55 2.6214

56 2.55407

57 2.50265

58 2.42163

59 2.38444

60 2.39602

61 2.24809

62 2.34916

63 2.30382

64 2.23991

65 2.23535

66 2.26964

67 2.26088

68 2.20808

69 2.2082

70 2.2402

71 2.21625

72 2.07317

73 2.08766

74 2.12028

75 2.04805

76 2.0788

77 2.04814

78 1.85283

79 1.83734

80 1.79268

81 1.85941

82 1.87971

83 1.85156

84 1.81418

85 1.75964

86 1.78617

87 1.72632

88 1.59198

89 1.53083

90 1.67313

91 1.5884

