6 0.0167134

7 0.00399836

8 -0.0310727

9 -0.0309179

10 -0.0458457

11 -0.0547375

12 -0.112404

13 -0.145876

14 -0.0645463

15 -0.0021506

16 -0.356645

17 -0.31247

18 -0.16593

19 -0.0872285

20 -0.102777

21 -0.188122

22 -0.0777803

23 0.0439699

24 0.046799

25 0.0721441

26 0.0841237

27 0.0902177

28 0.041477

29 -0.0372771

30 -0.0159628

31 -0.0191625

32 -0.271168

33 -0.487738

34 -0.403495

35 -0.508535

36 -0.447438

37 -0.41491

38 -0.549024

39 -0.490859

40 -0.494455

41 -0.500857

42 -0.518621

43 -0.541604

44 -0.504156

45 -0.3133

46 -0.356285

47 -0.313566

48 -0.123311

49 -0.106557

50 -0.0841301

51 -0.0524693

52 0.0316819

53 -0.111921

54 -0.53935

55 -0.629501

56 -0.688176

57 -0.799561

58 -0.721942

59 -0.678316

60 -0.729996

61 -0.639338

62 -0.649745

63 -1.04429

64 -1.0449

65 -1.09398

66 -1.13185

67 -1.1514

68 -1.03551

69 -1.25196

70 -1.35126

71 -1.58294

72 -1.55831

73 -1.42434

74 -1.56515

75 -1.63761

76 -1.61429

77 -1.33451

78 -1.1924

79 -1.2318

80 -1.14796

81 -1.19488

82 -1.2733

83 -1.28293

84 -1.3439

85 -1.37441

86 -1.41991

87 -1.41586

88 -1.412

89 -1.44126

90 -1.47549

91 -1.50213

92 -1.52925

93 -1.531

94 -1.58822

95 -1.53922

96 -1.44913

97 -1.48227

98 -1.69445

99 -1.6089

100 -1.65758

101 -1.66291

102 -1.64972

103 -1.59521

104 -1.58011

105 -1.53118

106 -1.60993

107 -1.6808

108 -1.67228

109 -1.58127

110 -1.60091

111 -1.59587

112 -1.57502

113 -1.49089

114 -1.42291

115 -1.43358

116 -1.4825

117 -1.51186

118 -1.53272

119 -1.58081

120 -1.64759

121 -1.67393

122 -1.49899

123 -1.62001

124 -1.63689

125 -2.70223

126 -2.83891

127 -2.80236

128 -2.74563

129 -2.6597

130 -2.66134

131 -2.5507

132 -2.39862

133 -2.41217

134 -2.39802

135 -2.5384

136 -2.5384

137 -2.41201

138 -2.2736

139 -2.46803

140 -2.57964

141 -2.78745

142 -2.72505

143 -2.65335

