6 -0.00892861

7 -0.0182349

8 -0.105694

9 -0.0650503

10 0.0105577

11 -0.0547092

12 -0.201173

13 -0.32686

14 -0.34881

15 -0.449196

16 -0.324952

17 -0.331279

18 -0.276218

19 -0.212073

20 -0.225491

21 -0.170049

22 -0.25638

23 -0.292141

24 -0.285744

25 -0.2721

26 -0.321458

27 -0.159025

28 -0.2767

29 -0.894026

30 -0.947634

31 -1.07623

32 -1.07308

33 -0.923818

34 -1.04222

35 -0.900648

36 -0.941825

37 -0.838291

38 -0.804966

39 -0.760707

40 -0.771228

41 -0.814844

42 -0.673225

43 -0.542135

44 -0.521235

45 -0.480287

46 -0.876724

47 -0.859821

48 -0.885161

49 -0.860708

50 -0.897212

51 -0.908072

52 -0.951154

53 -0.731599

54 -0.654225

55 -0.583794

56 0.0581997

57 0.249726

58 0.47456

59 0.52041

60 0.266688

61 0.110642

62 -0.214846

63 -1.10203

64 -1.11578

65 -1.19179

66 -1.19278

67 -1.11721

68 -1.14508

69 -1.19534

70 -1.2514

71 -1.24828

72 -1.13371

73 -1.13557

74 -1.10422

75 -1.03781

76 -1.00964

77 -1.05358

78 -1.00734

79 -0.867236

80 -0.839719

81 -0.740081

82 -0.745846

83 -0.636506

84 -0.601459

85 -0.578923

86 -0.542775

87 -0.534199

88 -0.612596

89 -0.630047

90 -0.692903

91 -0.751381

92 -0.854936

93 -1.35996

94 -1.55001

95 -1.79859

96 -1.82272

97 -1.60925

98 -1.75669

99 -1.51667

100 -1.52963

101 -1.47581

102 -1.53124

103 -1.7691

104 -1.7514

105 -1.81894

106 -1.89413

107 -2.05311

108 -2.01334

109 -2.19996

110 -2.16595

111 -2.04176

112 -2.04458

113 -2.09588

114 -2.06477

115 -2.09808

116 -2.2799

117 -2.1435

118 -2.08262

119 -2.00518

120 -1.99592

121 -1.99041

122 -2.20856

123 -2.37257

124 -2.50705

125 -2.67446

126 -3.07825

127 -3.17581

128 -3.19468

129 -3.13986

130 -3.29086

131 -3.29918

132 -3.40115

133 -3.62606

134 -3.6498

135 -3.59756

136 -3.73397

137 -3.73112

138 -3.80229

139 -3.94875

140 -3.89663

141 -3.98298

142 -3.82037

143 -3.77549

144 -3.79482

145 -3.67625

146 -3.55107

147 -3.55101

148 -3.652

149 -3.50001

150 -3.36027

151 -3.24657

152 -3.28204

153 -3.20824

154 -3.53826

155 -3.44358

156 -3.49025

157 -3.49456

158 -3.65463

159 -3.67259

160 -3.60804

161 -3.63133

162 -3.62771

163 -3.56988

164 -3.58319

165 -3.53908

166 -3.42471

167 -3.37313

168 -3.46247

169 -3.67048

170 -3.78077

