6 0.0139144

7 -0.0129676

8 3.31618e-05

9 0.0494121

10 0.0336865

11 0.0738687

12 0.156354

13 0.191042

14 0.27024

15 0.566441

16 0.603122

17 0.755963

18 0.774087

19 0.805781

20 0.743093

21 0.702151

22 0.62876

23 0.09929

24 0.116724

25 0.101072

26 0.0902572

27 0.0221603

28 -0.0744917

29 -0.146343

30 -0.16345

31 -0.161231

32 -0.175744

33 -0.220131

34 -0.2037

35 -0.13726

36 -0.0460926

37 -0.0283811

38 -0.0888397

39 -0.108946

40 -0.083061

41 -0.126754

42 -0.327589

43 -0.341462

44 -0.372745

45 -0.371832

46 -0.383876

47 -0.447858

48 -0.432102

49 -0.316286

50 -0.513636

51 -0.548855

52 -0.430994

53 -0.473775

54 -0.407825

55 -0.37848

56 -0.379538

57 -0.302852

58 -0.388419

59 -0.251992

60 -0.530012

61 -0.759112

62 -1.62473

63 -1.53369

64 -1.46209

65 -1.51801

66 -1.534

67 -1.64633

68 -1.6229

69 -1.52931

70 -1.40762

71 -1.42703

72 -1.51853

73 -1.48751

74 -1.65482

75 -1.58738

76 -1.57618

77 -1.46471

78 -1.28744

79 -1.17296

80 -0.994608

81 -0.953565

82 -0.894011

83 -0.922489

84 -0.941183

85 -0.938983

86 -0.955006

87 -0.990502

88 -0.974008

89 -1.0277

90 -1.06598

91 -1.01631

92 -0.438936

93 -0.308244

94 -0.261196

95 -0.169797

96 -0.157334

97 -0.105565

98 -0.0636477

99 0.0680574

100 0.300482

101 0.193928

102 0.0143745

103 -0.158473

104 -0.552999

105 -1.1814

106 -1.17302

107 -1.20508

108 -1.38843

109 -2.1257

110 -1.97125

111 -2.01663

112 -1.66361

113 -1.53162

114 -1.39495

115 -1.39012

116 -1.51934

117 -1.42497

118 -1.17592

119 -1.1104

120 -1.33242

121 -1.41113

122 -1.73641

123 -1.98286

124 -2.33349

125 -2.48912

126 -2.21567

127 -2.35022

128 -1.96323

129 -1.53232

130 -1.4045

131 -1.30228

132 -1.2034

133 -1.21497

134 -1.21231

135 -1.3086

136 -1.56958

137 -1.76659

138 -2.0047

139 -2.20847

140 -2.47522

141 -2.43407

142 -2.30907

143 -2.22679

144 -2.27268

145 -2.32821

146 -2.23756

147 -2.22292

