6 0.0995745

7 0.106047

8 0.131426

9 0.124048

10 0.129348

11 0.132706

12 0.213357

13 0.219319

14 0.225657

15 0.275851

16 0.51287

17 0.509232

18 0.77286

19 0.787635

20 0.760779

21 0.849218

22 1.6195

23 1.58622

24 1.50125

25 1.29356

26 1.06789

27 1.15953

28 1.20218

29 1.22049

30 1.22531

31 1.29483

32 1.43432

33 1.367

34 1.25413

35 1.26833

36 1.04397

37 1.10333

38 1.22678

39 1.26144

40 1.03472

41 1.06079

42 1.0395

43 1.0649

44 1.04974

45 0.982424

46 1.00272

47 1.15208

48 1.01529

49 1.04318

50 1.19727

51 1.16063

52 0.996973

53 0.971978

54 1.03767

55 1.06372

56 1.05891

57 1.12669

58 1.06721

59 1.16494

60 0.881629

61 0.68518

62 -0.0660909

63 -0.0141792

64 0.0696395

65 0.0227195

66 -0.0327061

67 -0.0193815

68 0.0783661

69 -0.102511

70 -0.0926423

71 -0.20902

72 -0.284353

73 -0.301334

74 -0.181355

75 -0.130667

76 -0.0763982

77 -0.0951118

78 -0.0784234

79 -0.105621

80 -0.128314

81 -0.146955

82 -0.219767

83 -0.184184

84 -0.0518791

85 -0.00123303

86 0.0165545

87 -0.0359266

88 -0.00911629

89 0.0467715

90 0.868934

91 1.06106

92 1.08771

93 1.17122

94 1.21376

95 1.32775

96 1.49557

97 1.50547

98 1.34596

99 1.22239

100 1.04682

101 -0.465525

102 -0.445129

103 -0.46695

104 -0.733443

105 -1.34719

106 -1.22683

107 -1.06165

108 -0.60685

109 -0.433953

110 -0.162847

111 -0.155604

112 -0.259802

113 -0.266695

114 -0.048982

115 -0.0742666

116 -0.193055

117 -0.20976

118 -0.5185

119 -0.770656

120 -1.12715

121 -1.27203

122 -0.980485

123 -1.11652

124 -0.770835

125 -0.506262

126 -0.479314

127 -0.50435

128 -0.558583

129 -0.522125

130 -1.02673

131 -0.961236

132 -0.853997

133 -0.755732

134 -0.828665

135 -0.792089

136 -0.622025

137 -0.637536

138 -0.654449

139 -0.474603

140 -0.384259

