6 0.00742212

7 0.00673399

8 0.0112139

9 0.0260618

10 0.0480844

11 -0.0197408

12 -0.00922607

13 0.179513

14 0.2464

15 0.299041

16 0.246741

17 0.314134

18 0.234469

19 0.429033

20 0.535948

21 0.477429

22 0.482604

23 0.496199

24 0.531848

25 0.450643

26 0.365586

27 0.472484

28 0.334217

29 0.599013

30 0.490631

31 0.963061

32 0.954913

33 0.578126

34 1.09856

35 1.30286

36 1.12901

37 1.43074

38 1.74973

39 1.88021

40 1.76107

41 1.92677

42 2.30079

43 2.25402

44 2.34018

45 2.3553

46 2.42144

47 2.46269

48 2.46129

49 2.4343

50 2.31824

51 2.23671

52 2.24972

53 2.23942

54 1.84951

55 1.98246

56 1.93481

57 2.05233

58 2.03547

59 1.43277

60 1.67833

61 1.8152

62 1.9205

63 1.84462

64 1.88127

65 1.76144

66 1.79394

67 1.74269

68 1.39561

69 1.32111

70 1.12036

71 1.48471

72 1.60653

73 1.77996

74 1.89906

75 1.92913

76 2.00723

77 2.00094

78 1.99738

79 1.84841

