6 0.0120644

7 -0.017334

8 -0.00756741

9 0.10027

10 -0.0884913

11 -0.105902

12 -0.195982

13 -0.141239

14 -0.241838

15 -0.250562

16 -0.440514

17 -0.504401

18 -0.365093

19 -0.367232

20 -0.347098

21 -0.312772

22 -0.217794

23 -0.145453

24 -0.180011

25 -0.211272

26 -0.304186

27 -0.308402

28 -0.320638

29 -0.369842

30 -0.686395

31 -0.759612

32 -0.66229

33 -0.553832

34 -0.525831

35 -0.258711

36 -0.211725

37 -0.284057

38 -0.503038

39 -1.13052

40 -1.04695

41 -1.06838

42 -1.09577

43 -1.16195

44 -1.47645

45 -1.48772

46 -1.32518

47 -1.30707

48 -1.23301

49 -1.28338

50 -1.4645

51 -1.40703

52 -1.43167

53 -1.54675

54 -1.49859

55 -1.93135

56 -1.96378

57 -1.97139

58 -2.05556

59 -1.82555

