6 -0.0371239

7 -0.0220711

8 -0.0285932

9 -0.0325097

10 -0.0454365

11 -0.0854688

12 -0.10199

13 -0.177103

14 -0.0771235

15 -0.178927

16 -0.234072

17 -0.25448

18 -0.280413

19 -0.333639

20 -0.344714

21 -0.238366

22 -0.292549

23 -0.561205

24 -0.62215

25 -0.670945

26 -0.603233

27 -0.38584

28 -0.412062

29 -0.315308

30 -0.126438

31 -0.148246

32 -0.0799011

33 0.205393

34 0.733653

35 0.805343

36 0.974515

37 0.915437

38 1.00286

39 1.02841

40 0.956374

41 0.892658

42 0.987386

43 0.955421

44 1.14751

45 1.34452

46 1.43495

47 1.38576

48 1.52641

49 1.61378

50 1.65815

51 1.65631

52 1.697

53 1.98709

54 1.99745

55 2.04575

56 1.92549

57 1.85238

58 1.84491

59 1.96963

60 1.87645

61 2.01694

62 2.026

63 2.04789

64 2.33078

65 2.23532

66 2.07893

67 2.38838

68 2.36473

69 2.51988

70 2.22622

71 2.45725

72 3.05422

73 3.06285

74 2.95524

75 3.0332

76 3.04317

77 3.07747

78 3.08811

79 3.09928

80 3.13893

81 3.11004

82 3.13174

83 3.09764

84 3.13675

85 3.3758

86 3.38196

87 3.64699

88 3.73973

89 3.86557

90 3.90365

91 3.77309

92 3.75282

93 3.78803

94 3.60286

95 3.50074

96 3.42345

97 3.42756

98 3.47919

99 3.35866

100 3.3409

101 3.34944

102 3.43125

103 3.38777

104 3.34988

105 3.48393

106 3.46535

107 3.16081

108 3.40614

109 3.49981

110 3.71417

111 3.70266

112 3.91379

113 3.89673

114 3.83719

115 3.93625

116 3.88737

117 4.14398

118 4.10002

119 4.73817

120 4.80495

121 4.89186

122 4.99336

123 4.93006

124 5.07671

125 5.09646

126 4.74306

127 4.53784

128 4.74806

129 4.72818

130 5.02851

131 4.95159

132 5.90726

133 6.07901

134 6.24671

135 6.14028

136 5.91389

137 5.7537

138 5.59284

139 5.66468

140 5.36702

141 5.1897

142 5.11952

