6 -0.0277613

7 -0.0842887

8 -0.0958431

9 -0.106637

10 -0.107891

11 -0.110045

12 -0.146586

13 0.0297522

14 0.197442

15 0.208874

16 0.243865

17 0.264837

18 0.32573

19 0.172754

20 0.235771

21 0.194006

22 0.235295

23 0.431227

24 0.792755

25 0.882733

26 1.23519

27 1.23334

28 1.18616

29 1.10966

30 1.209

31 1.26706

32 1.0962

33 1.00276

34 0.881767

35 1.05349

36 1.10536

37 1.16495

38 0.919025

39 1.17223

40 1.14157

41 1.90994

42 1.89196

43 1.94029

44 1.91575

45 1.94058

46 1.91304

47 1.84941

48 1.52324

49 1.46451

50 1.55438

51 1.35949

52 1.52627

53 1.45491

54 1.74222

55 1.85838

56 1.84539

57 2.30974

58 2.3806

59 2.54442

60 2.61022

61 2.60577

62 2.6152

63 2.59504

64 2.70191

65 2.64911

66 2.56953

67 2.5828

68 2.51361

69 1.76789

70 1.91686

71 1.70373

72 1.94864

73 1.88704

74 2.80003

75 2.77396

76 2.59501

77 2.47866

78 2.65358

79 2.49303

80 2.60835

81 2.48275

82 2.55757

83 2.44943

84 2.63781

85 2.84328

86 2.96301

87 3.61224

88 3.69946

89 3.84

90 3.82401

91 3.88438

92 3.93105

93 3.88653

94 3.95664

95 3.74025

96 3.58965

97 3.42264

98 3.24575

99 3.20653

100 2.97932

101 2.85246

102 2.69881

103 2.77435

104 2.77535

105 2.89354

106 3.16051

107 4.53139

108 4.51669

109 4.71399

110 4.89563

111 2.58379

112 2.44631

113 2.41083

114 2.33169

115 2.27211

116 2.14645

117 2.11863

