6 0.0743578

7 0.0339749

8 0.0555307

9 0.061506

10 0.167821

11 0.184988

12 0.0939049

13 0.0866764

14 -0.147674

15 -0.262551

16 -0.279444

17 -0.351397

18 -0.270131

19 -0.114483

20 -0.166973

21 -0.0566178

22 -0.0303651

23 -0.0681615

24 -0.120022

25 -0.0934188

26 -0.102229

27 -0.051819

28 0.00825687

29 0.0170886

30 0.0345237

31 -0.220944

32 -0.259866

33 -0.512609

34 -0.322883

35 -0.300486

36 -0.300743

37 -0.116018

38 -0.0199776

39 0.117226

40 -0.0131377

41 0.0722821

42 0.309454

43 0.667284

44 0.882041

45 1.06363

46 1.09635

47 1.26232

48 1.36786

49 1.26882

50 1.37631

51 1.41294

52 1.42085

53 1.29514

54 1.29219

55 0.882885

56 0.761945

57 0.711269

58 0.665942

59 0.657496

60 0.661734

61 0.652332

62 0.611258

63 0.570056

64 0.573234

65 0.584523

66 0.58369

67 0.539255

68 0.550399

69 0.541556

70 0.532201

71 0.645614

72 0.610751

73 0.642094

74 0.549817

75 0.301393

76 0.375431

77 0.377761

78 0.283823

79 0.358436

80 0.160913

81 -0.281177

82 -0.388072

83 -0.438071

84 -0.30649

85 -0.255105

86 -0.107014

87 -0.196538

88 -0.201635

89 -0.202074

90 -0.190597

91 -0.167032

92 -0.155561

93 -0.230167

94 -0.740672

95 -0.727677

96 -0.581673

97 -0.511606

98 -0.494125

99 -0.327259

100 -0.0451862

101 0.072956

102 0.0932239

103 0.00435088

104 0.166987

105 0.160524

106 0.0798188

107 0.228127

108 0.297162

109 0.336771

110 0.237801

111 0.312642

112 0.396791

113 0.453207

114 0.268978

115 0.428553

116 0.422513

