6 -0.0276497

7 -0.0842845

8 -0.055948

9 0.0105523

10 0.0932133

11 0.136644

12 0.0568179

13 0.173385

14 0.216965

15 0.609648

16 0.689419

17 0.81236

18 0.898667

19 0.885186

20 0.856435

21 0.884535

22 1.16455

23 1.37054

24 1.46642

25 1.47192

26 1.4865

27 1.55024

28 1.66282

29 1.61241

30 1.71729

31 1.9062

32 2.02547

33 2.02726

34 1.98931

35 1.9638

36 2.05484

37 2.14011

38 1.91444

39 1.65755

40 1.50917

41 1.44457

42 1.41758

43 1.53974

44 1.44077

45 1.46396

46 1.11372

47 1.16591

48 1.15874

49 1.14092

50 1.1951

51 1.19654

52 1.2988

53 1.50215

54 1.64532

55 1.67878

56 1.67333

57 1.71582

58 1.47596

59 1.45929

60 1.60581

61 1.7019

62 1.67701

63 1.71541

64 1.70391

65 1.80612

66 2.00879

67 2.05913

68 2.13571

69 2.2381

70 2.25228

71 2.14819

72 2.11862

73 2.02229

74 1.85479

75 1.8045

76 1.69872

77 1.63733

78 1.68233

79 1.67263

80 1.87012

81 1.73349

82 1.84103

83 2.13882

84 2.10245

85 2.17015

86 2.1238

87 2.28393

88 2.25897

89 2.33984

90 2.36786

91 2.26663

92 2.3389

93 2.41561

94 2.52513

95 2.60624

96 2.69682

97 2.81446

98 2.77422

99 2.83596

100 2.98883

101 3.22036

102 3.37282

103 3.38866

