6 -0.0414215

7 0.00399904

8 -0.174692

9 -0.207319

10 -0.371154

11 -0.401224

12 -0.42924

13 -0.424593

14 -0.318163

15 -0.220763

16 -0.346823

17 -0.382201

18 -0.617389

19 -0.795047

20 -1.16247

21 -1.27571

22 -1.43367

23 -1.6573

24 -1.7024

25 -1.76524

26 -1.81064

27 -1.75251

28 -1.69139

29 -1.7087

30 -1.89289

31 -1.9578

32 -2.0562

33 -2.02266

34 -2.13034

35 -2.10358

36 -2.12594

37 -2.09688

38 -1.95082

39 -1.92811

40 -1.90303

41 -1.97565

42 -1.98869

43 -1.91264

44 -1.97038

45 -1.97503

46 -1.92775

47 -2.07279

48 -2.6495

49 -2.68421

50 -2.62981

51 -2.77837

52 -2.73415

53 -2.70994

54 -2.62733

55 -2.73916

56 -2.80185

57 -2.93435

58 -2.92344

59 -2.86266

60 -3.01181

61 -2.86022

62 -2.83867

63 -2.80078

64 -2.69313

65 -2.79203

66 -2.89471

67 -2.87135

68 -2.86927

69 -2.77277

70 -2.72252

71 -2.84201

72 -2.76871

73 -2.53219

74 -2.4245

75 -2.23583

76 -2.11191

77 -2.18494

78 -2.01356

79 -1.58197

80 -1.5605

