6 -0.121785

7 -0.7405

8 -0.768946

9 -0.848927

10 -0.896915

11 -0.935702

12 -0.951764

13 -0.956666

14 -1.0063

15 -1.02353

16 -1.05114

17 -1.06525

18 -1.06895

19 -1.07082

20 -1.11608

21 -1.07545

22 -1.37425

23 -1.45383

24 -1.46549

25 -1.45324

26 -1.54068

27 -1.65347

28 -1.67935

29 -1.81328

30 -1.83479

31 -1.88124

32 -1.92836

33 -2.01487

34 -1.94902

35 -1.9073

36 -1.92634

37 -1.9067

38 -2.32569

39 -2.32437

40 -2.21251

41 -2.24733

42 -2.12502

43 -2.09151

44 -2.06455

45 -2.03423

46 -2.24804

