6 0.0213568

7 0.0277641

8 -0.0124196

9 0.0245559

10 -0.892656

11 -1.00333

12 -0.953683

13 -0.858879

14 -0.740456

15 -0.82283

16 -0.737643

17 1.25194

18 1.28199

19 1.3057

20 1.30801

21 1.28683

22 1.33083

23 1.50588

24 1.50646

25 1.37493

26 1.33638

27 1.32594

28 1.28203

29 1.34827

30 1.42078

31 1.4706

32 1.56253

33 1.66838

34 1.66375

35 1.66968

36 1.61849

37 1.72661

38 1.94166

39 2.08805

40 2.17194

41 2.99522

42 3.08314

43 3.05303

44 2.82397

45 1.4175

46 1.36748

47 1.25502

48 1.21225

49 1.18857

50 1.17891

51 1.11604

52 1.04136

53 1.0721

54 1.17286

55 1.24324

56 1.21451

57 1.1614

58 1.09129

59 1.09645

60 1.21629

61 1.2431

62 1.33336

63 1.31012

64 1.39962

65 1.39304

66 1.43305

67 1.43933

68 1.41757

69 1.42742

70 1.35563

71 1.34288

72 1.27236

73 0.82224

74 0.573471

75 0.388912

76 0.381374

77 0.599939

78 0.460646

79 0.728498

80 0.928148

81 0.871316

82 0.923464

83 0.945305

84 0.892732

85 0.75251

86 0.857544

87 0.712825

88 0.633418

89 0.485712

90 0.47149

91 0.523413

92 0.578862

93 0.594332

94 0.620339

95 0.649149

96 0.732372

97 0.755007

98 0.792945

99 0.793554

100 0.920702

101 0.979941

102 0.994983

103 0.924107

104 0.709934

105 0.881087

106 0.926194

107 1.02079

108 1.01402

109 1.0079

110 1.02866

111 0.851314

112 0.809335

113 0.722177

114 0.698918

115 0.656768

116 0.548448

117 0.551108

118 0.343146

119 0.220132

120 0.200422

121 0.224646

122 0.0723187

123 0.0493005

124 0.107932

125 0.0537928

126 0.0821682

127 0.00712762

128 -0.0901392

129 -0.267634

130 -0.278999

131 -0.311417

132 -0.396203

133 -0.486523

134 -0.503838

135 -0.554678

136 -0.492075

137 -0.262149

138 -0.0899649

139 -0.00764109

140 0.0376483

141 0.0788207

142 0.0911982

143 0.172029

144 0.361357

145 0.426041

146 0.494481

147 0.55236

148 0.682527

149 0.727943

150 0.719306

151 0.839078

152 0.874025

153 0.755951

154 0.739325

155 0.724355

156 0.457863

157 0.449067

158 0.530983

159 0.490343

160 0.598864

161 0.515512

162 0.557502

163 0.57959

164 0.376741

165 0.562624

166 0.805492

167 1.02786

168 1.06464

169 1.09999

170 0.681602

171 0.735316

172 0.658906

173 0.631705

174 0.465793

175 0.626354

176 0.586782

177 0.619477

178 0.664063

179 0.81262

