6 0.0554043

7 0.0141119

8 0.0462083

9 0.189961

10 0.180276

11 0.215287

12 0.351477

13 0.238619

14 0.478714

15 0.759363

16 0.873795

17 0.948748

18 0.913746

19 0.9027

20 0.765132

21 0.760309

22 0.848365

23 0.749736

24 0.872705

25 1.01982

26 1.05063

27 0.8467

28 0.661532

29 0.614904

30 1.18537

31 1.3527

32 1.49338

33 1.68047

34 1.65401

35 1.60469

36 1.58504

37 1.78905

38 2.04453

39 2.26974

40 2.53007

41 2.63872

42 2.51711

43 2.5045

44 2.48995

45 2.38847

46 2.41024

47 2.10299

48 2.10427

49 2.20975

50 2.29196

51 2.25515

52 2.21225

53 2.47208

54 2.70745

55 2.92496

56 2.81897

57 2.9395

58 2.88397

59 2.80043

60 2.90004

61 2.85388

62 2.68703

63 2.72792

64 2.72536

65 2.79368

66 2.9447

67 2.88086

68 3.09347

69 2.99969

70 2.97355

71 3.85693

72 4.04762

73 4.07176

74 4.12278

75 4.12532

76 4.19706

77 4.16281

78 4.04687

79 4.0527

80 4.09716

81 3.97298

82 3.43888

83 3.29969

84 3.40242

85 3.31788

86 3.36465

87 3.59902

88 3.72905

89 4.14681

90 4.23628

91 4.24599

92 4.05545

93 4.13741

94 4.05393

95 4.06812

96 4.06241

97 4.09705

98 4.10217

99 4.06564

100 3.94659

101 4.00494

102 3.99055

103 3.98753

104 4.05148

105 3.98062

106 4.09258

107 4.18367

108 4.18403

109 3.82743

110 3.88126

111 3.83988

112 3.97421

113 3.97737

114 3.89501

115 3.71039

116 4.01107

117 4.05011

118 4.03053

119 4.1793

120 4.18905

121 4.11005

122 4.1891

123 4.03065

124 4.2228

125 4.20376

126 4.21806

127 4.22647

128 4.25439

129 4.20741

130 4.28146

131 4.11126

132 4.23833

133 4.13689

134 4.18559

135 4.25

136 4.3411

137 4.25235

138 4.36194

139 4.30752

140 4.35106

141 4.44234

