6 -0.0221102

7 -0.0417031

8 -0.0481132

9 0.0171148

10 -0.00139845

11 0.00494056

12 0.0292555

13 0.0290072

14 0.116698

15 0.27099

16 0.25923

17 0.143883

18 0.0899065

19 0.249135

20 0.186462

21 0.426219

22 0.610469

23 0.780502

24 0.879676

25 0.925021

26 1.04437

27 0.862697

28 0.806716

29 0.963417

30 1.0568

31 1.33538

32 1.50399

33 1.8157

34 1.6892

35 1.82086

36 1.65944

37 1.59158

38 1.58548

39 1.69286

40 1.52883

41 1.67792

42 1.51619

43 1.81723

44 1.84988

45 2.46104

46 2.58217

47 2.51008

48 2.47872

49 2.36026

50 2.33592

51 2.3778

52 2.42878

53 2.45749

54 2.39261

55 2.26486

56 2.09822

57 1.91532

58 1.87579

59 2.28325

60 2.33494

61 2.41494

62 2.78917

63 2.86815

64 2.97836

65 3.1889

66 3.35345

67 3.60706

68 3.71817

69 3.48271

70 2.98354

