6 -0.0406879

7 -0.0400775

8 -0.0732687

9 0.0233615

10 0.153365

11 0.250725

12 0.281361

13 0.235761

14 0.146007

15 -0.509775

16 -0.440558

17 -0.395083

18 -0.421815

19 -0.465276

20 -0.419357

21 -0.40471

22 -0.385965

23 -0.45934

24 -0.524426

25 -0.477781

26 -0.356368

27 -0.351521

28 -0.314659

29 -0.298975

30 -0.230716

31 -0.152584

32 -0.147937

33 -0.211775

34 -0.232981

35 -0.250332

36 -0.29341

37 -0.328527

38 -0.351521

39 -0.19334

40 -0.366752

41 -0.382206

42 -1.33492

43 -1.43533

44 -1.51983

45 -1.43363

46 -1.37238

47 -1.3594

48 -1.25861

49 -1.13713

50 -1.13707

51 -1.16688

52 -1.40148

53 -1.47672

54 -1.42647

55 -1.29642

56 -1.42072

57 -1.43463

58 -1.59301

59 -1.47672

60 -1.41417

