6 0.204135

7 0.212291

8 0.391379

9 0.539715

10 0.549767

11 0.548175

12 0.569889

13 0.505281

14 0.473185

15 0.515452

16 0.578241

17 0.592291

18 0.344912

19 0.434994

20 0.482291

21 0.495447

22 0.502642

23 0.573113

24 0.671526

25 0.776344

26 0.731311

27 0.876785

28 0.935248

29 0.935571

30 1.01179

31 1.01543

32 0.581866

33 0.424769

34 0.283717

35 -0.25391

36 -0.303424

37 -0.298048

38 -0.345199

39 -0.352038

40 -0.201409

41 -0.00911331

42 -0.017934

43 -0.0373791

44 -0.0507427

45 -0.0149132

46 0.068227

47 0.0898289

48 0.0719487

49 0.112963

50 0.243474

51 0.218954

52 0.255307

53 0.190714

54 0.405601

55 0.437789

56 0.413438

57 0.218305

58 -0.225655

59 -0.16273

60 -0.0804541

61 -0.0397931

62 -0.128705

63 -0.0812115

64 -0.292403

65 -0.182272

66 -0.10675

67 -0.121036

68 -0.0634568

69 0.0544915

70 0.0848296

71 0.119073

72 0.247178

73 0.146926

74 -0.0437487

75 -0.165347

76 -0.391117

77 -0.34429

78 -0.386649

79 -0.408715

80 -0.683795

81 -0.653306

82 -0.608123

83 -0.561844

84 -0.566533

85 -0.992561

86 -1.1019

87 -0.919844

88 -0.876726

89 -0.787275

90 -0.867046

91 -0.8456

92 -0.753716

93 -0.670617

94 -0.593565

95 -0.453279

96 -0.399102

97 -0.230659

98 -0.278806

99 -0.340203

100 -0.314997

101 -0.351195

102 -0.424687

103 -0.443386

104 -0.447803

105 -0.4704

106 -0.526289

107 -0.592565

108 -0.594282

