6 -0.00465192

7 -0.0731369

8 -0.067853

9 0.0454474

10 0.0567418

11 0.154903

12 0.0882422

13 0.119034

14 0.140963

15 0.0985556

16 0.158651

17 0.158265

18 -0.371482

19 -0.352659

20 -0.312685

21 -0.303839

22 -0.363949

23 -0.351165

24 -0.342835

25 -0.169451

26 -0.124876

27 -0.166498

28 -0.193676

29 -0.64487

30 -0.714032

31 -0.835563

32 -0.948192

33 -1.0322

34 -1.01239

35 -1.07465

36 -1.00081

37 -1.06557

38 -1.01628

39 -1.01383

40 -1.01078

41 -1.03022

42 -1.05472

43 -0.996975

44 -0.905403

45 -0.963486

46 -0.991413

47 -1.08369

48 -1.07092

49 -1.06922

50 -1.04451

51 -1.13175

52 -1.09549

53 -0.998613

54 -0.950739

55 -0.998299

56 -1.00944

57 -0.969951

58 -1.46853

59 -1.56007

60 -1.5902

61 -1.63237

62 -1.47091

63 -1.42011

64 -1.43836

65 -1.2911

66 -1.42889

67 -1.19234

68 -1.20036

69 -1.11189

70 -1.04025

71 -1.03359

72 -0.98685

73 -0.851591

74 -0.838472

75 -0.716686

76 -0.737187

77 -0.792606

78 -0.747975

79 -0.60265

80 -0.558251

81 -0.611808

82 -0.436083

83 -0.47171

84 -0.239867

85 0.258789

86 0.271881

87 0.218738

88 0.146089

89 -1.32463

