6 0.0420906

7 0.0473622

8 0.0459142

9 0.0521279

10 0.0379524

11 0.163998

12 0.196241

13 0.191602

14 0.201956

15 0.288312

16 0.360627

17 0.377699

18 0.341165

19 0.331723

20 0.428372

21 0.480437

22 0.291554

23 0.339887

24 0.210021

25 0.166948

26 0.385155

27 0.493297

28 0.585048

29 0.648473

30 0.707603

31 0.684493

32 0.695445

33 0.734554

34 0.724752

35 0.793586

36 0.661633

37 0.411897

38 0.36128

39 0.26402

40 0.273541

41 0.25622

42 0.244616

43 0.203305

44 0.0226935

45 -0.460207

46 -0.62309

47 -0.701947

48 -0.646563

49 -0.619575

50 -0.597113

51 -0.672585

52 -0.763676

53 -0.916447

54 -0.944422

55 -1.0233

56 -1.00548

57 -1.15681

58 -1.07391

59 -1.05757

60 -1.18543

61 -1.13876

62 -1.27137

63 -1.21819

64 -1.07514

65 -1.00046

66 -1.03952

67 -1.10787

68 -1.11654

69 -1.13392

70 -1.19761

71 -1.16458

72 -1.07748

73 -1.08752

74 -1.07803

75 -1.07839

76 -0.938997

77 -0.9144

78 -0.977679

79 -1.00311

80 -1.07556

81 -1.08695

82 -0.986833

83 -0.925675

84 -1.16671

85 -1.29521

86 -1.22508

87 -1.17914

88 -1.23357

89 -1.13107

90 -1.0998

91 -1.05826

92 -1.0091

93 -0.929255

94 -0.896399

95 -0.889976

96 -0.940302

97 -0.972924

98 -1.11821

99 -1.08368

100 -1.09767

101 -1.06446

102 -1.06598

103 -1.11639

104 -1.12447

105 -1.23506

106 -1.84187

107 -1.85041

108 -1.88301

109 -1.83106

110 -1.72965

111 -1.73955

112 -2.23831

113 -2.53869

114 -2.58933

115 -2.58792

116 -2.35023

117 -2.37842

118 -2.15088

119 -2.08032

120 -2.25872

121 -2.18788

122 -2.28375

123 -2.24278

124 -2.18586

125 -2.13737

126 -2.17458

127 -2.19716

128 -2.23062

129 -2.13534

130 -2.03169

131 -2.01233

132 -2.06591

133 -2.01981

134 -1.98362

135 -1.99162

136 -2.00033

137 -1.99453

138 -1.98188

139 -1.85323

140 -1.80267

141 -1.82153

142 -1.80676

143 -1.70986

144 -1.65935

145 -1.64825

146 -1.69355

147 -1.72036

148 -1.62829

149 -1.55059

150 -1.75885

151 -1.7045

152 -1.84123

153 -1.86892

154 -1.59144

155 -1.49743

156 -1.41291

157 -1.33086

158 -1.25694

159 -1.22638

160 -1.14997

161 -1.14755

162 -1.11809

163 -1.1932

164 -1.14425

165 -1.37884

166 -1.39333

167 -1.66131

168 -1.69847

169 -1.80655

170 -1.78916

171 -1.78584

172 -1.78145

173 -1.86584

174 -1.89891

175 -2.03463

176 -2.41367

177 -2.57475

178 -2.56201

179 -2.51695

180 -2.47303

181 -2.43895

182 -2.51088

183 -2.50968

184 -2.65219

185 -2.87357

186 -2.72588

187 -2.68374

188 -2.69128

189 -2.91027

190 -2.82797

191 -2.85241

192 -2.88088

193 -2.79578

194 -3.00937

195 -3.1547

196 -3.28725

197 -2.99658

198 -2.86109

