6 0.169268

7 0.247545

8 0.197103

9 0.308226

10 0.244636

11 0.245885

12 0.230897

13 0.281981

14 0.235146

15 0.237694

16 0.275306

17 0.116766

18 0.0792517

19 0.0464052

20 -0.0198248

21 0.00585064

22 -0.0444782

23 0.0960985

24 0.466485

25 0.514732

26 0.400577

27 0.543761

28 0.658817

29 1.08105

30 1.18964

31 1.15036

32 1.16081

33 1.0723

34 1.18981

35 1.05009

36 1.19327

37 1.14098

38 1.17103

39 1.44044

40 1.50877

41 1.57872

42 1.5801

43 1.56505

44 1.51835

45 1.58484

46 1.66457

47 1.49333

48 1.42981

49 1.37032

50 1.43607

51 1.49276

52 1.48721

53 1.48785

54 1.31561

55 1.27797

56 1.04991

57 0.942497

58 0.797084

59 0.757808

60 0.58383

61 0.522527

62 0.42718

63 0.443711

64 0.538634

65 0.583739

66 0.584547

67 0.540154

68 0.580503

69 0.301473

70 0.233149

71 0.22141

72 0.202319

73 0.19719

74 -0.495536

75 -0.5315

76 -0.540901

77 -0.515196

78 -0.408813

79 -0.439804

80 -0.52899

81 -0.657091

82 -0.699561

83 -0.882972

84 -0.90369

85 -0.803379

86 -0.753729

87 -0.578981

88 -0.513234

89 -0.452757

90 -0.379529

91 -0.255642

92 -0.183012

93 -0.186564

94 -0.253339

95 -0.195848

96 -0.194884

97 -0.0546479

98 -0.13849

99 -0.0550674

100 -0.0485994

101 0.00564137

102 -0.110918

103 0.243305

104 0.289889

105 0.356197

106 0.462559

107 0.348428

108 0.491528

109 0.680579

110 0.628393

111 0.73211

112 0.978742

