6 -0.0549114

7 -0.0765128

8 -0.0750155

9 -0.0836986

10 -0.030269

11 -0.0630165

12 -0.092476

13 -0.202825

14 -0.210475

15 -0.161482

16 -0.25293

17 -0.806374

18 -1.07451

19 -1.1318

20 -1.02073

21 -1.16179

22 -1.03155

23 -0.587011

24 -0.559059

25 -0.459345

26 -0.394193

27 -0.285934

28 -0.405202

29 -0.543541

30 -0.553561

31 -0.587408

32 -0.595389

33 -0.660776

34 -0.694369

35 -0.678446

36 -0.743288

37 -0.751416

38 -0.800879

39 -0.747647

40 -0.527748

41 -0.414467

42 -0.384735

43 -0.270695

44 -0.263526

45 -0.326063

46 -0.259169

47 -0.18217

48 -0.160036

49 -0.0913751

50 -0.074105

51 -0.0422308

52 -0.105847

53 -0.0597272

54 -0.14843

55 -0.699378

56 -0.759602

57 -0.796911

58 -0.850557

59 -0.802776

60 -0.711894

61 -0.532994

62 -0.583772

63 -0.479471

64 -0.259563

65 -0.296606

66 -0.212731

67 0.17519

68 0.628034

69 0.717749

70 0.740242

71 0.786706

72 0.854737

73 0.85972

74 0.817888

75 0.781529

76 0.822519

77 0.758521

78 0.739367

79 0.681574

80 0.680959

81 0.34659

82 0.349842

83 0.241425

84 0.455848

85 0.194572

86 0.293421

87 0.182376

88 0.125082

89 -0.0421663

90 -0.0167785

91 -0.0837044

92 -0.0941441

93 0.0274432

94 -0.0273988

95 0.063666

96 0.0754788

97 0.0104315

98 -0.033693

99 -0.126205

100 0.0784398

101 0.223551

102 0.293932

103 0.452352

104 0.562616

105 0.697867

106 0.787601

107 0.573305

108 0.527947

109 0.651076

110 0.624254

111 0.596202

112 0.639167

113 0.344377

114 0.135851

115 0.0872748

116 0.0704003

117 -0.0208842

118 -0.146408

119 -0.128855

120 -0.0121652

121 -0.157871

122 -0.294219

