6 -0.103946

7 -0.140719

8 -0.248591

9 -0.14631

10 -0.0921474

11 -0.0851962

12 -0.104003

13 -0.127634

14 -0.159644

15 -0.190025

16 -0.237049

17 -0.233961

18 -0.360469

19 -0.361637

20 -0.384282

21 -0.414907

22 -0.400606

23 -0.3761

24 -0.377661

25 -0.384357

26 -0.40528

27 -0.411959

28 -0.441848

29 -0.365956

30 -0.304779

31 -0.253421

32 -0.324985

33 -0.354944

34 -0.340565

35 -0.419806

36 -0.419816

37 -0.602999

38 -0.561818

39 -0.534468

40 -0.590227

41 -0.512389

42 -0.757018

43 -0.831787

44 -1.18871

45 -1.15489

46 -1.21027

47 -1.26123

48 -1.30219

49 -1.27354

50 -1.61189

51 -1.60198

52 -1.52782

53 -1.55426

54 -1.62894

55 -1.99821

56 -2.0022

57 -2.31539

58 -2.38333

59 -2.42753

60 -2.46459

61 -2.44111

62 -2.5472

63 -2.63981

64 -2.66694

65 -2.67338

66 -2.70791

67 -2.65078

68 -3.30468

69 -3.42314

70 -3.39445

71 -3.55767

72 -3.58592

73 -3.51651

74 -2.91043

75 -2.91298

76 -2.93857

77 -3.04994

78 -2.11339

79 -2.11997

80 -2.11358

81 -2.12398

82 -2.19868

83 -2.18648

84 -2.2218

85 -2.231

86 -2.25416

87 -2.13486

88 -2.11689

89 -2.14388

90 -2.08173

91 -2.12182

92 -2.37402

93 -2.309

94 -2.32537

95 -2.24939

96 -2.27343

97 -2.00782

98 -1.93653

99 -1.83982

100 -1.78792

101 -1.80958

102 -1.76111

103 -1.67998

