6 -0.120294

7 -0.0444942

8 0.00656972

9 0.0439169

10 0.0736318

11 0.154511

12 0.245422

13 0.275631

14 0.327937

15 0.348071

16 0.426631

17 0.376376

18 0.0295991

19 0.0846007

20 0.171325

21 0.229908

22 0.183031

23 0.185511

24 0.234169

25 0.307582

26 0.108753

27 0.107783

28 -0.0550963

29 -0.027108

30 -0.0213029

31 0.0675169

32 0.0655956

33 0.11163

34 0.0553907

35 0.137716

36 0.287033

37 0.278096

38 0.437153

39 0.368331

40 0.495705

41 0.496571

42 0.558578

43 0.574075

44 0.690634

45 0.754414

46 0.7063

47 0.789053

48 0.833618

49 0.721216

50 0.897701

51 0.888986

52 0.696079

53 0.605588

54 0.447368

55 0.642546

56 0.628518

57 0.7529

58 0.639467

59 0.784203

60 0.801862

61 0.694408

62 0.895322

63 0.833145

64 1.07716

65 1.13813

66 1.22417

67 1.22195

68 1.36459

69 1.41527

70 1.49044

71 1.56116

72 1.70237

73 1.72395

74 1.74028

75 1.75427

76 1.7067

77 1.72476

78 1.70414

79 1.69477

80 1.83647

81 1.79654

82 1.69202

83 1.61476

84 1.59657

85 1.49288

86 1.54879

87 1.39645

88 1.15459

89 0.938009

90 1.08331

91 1.10135

92 1.17585

93 1.08044

94 1.21893

95 1.25464

96 1.2495

97 1.26807

98 1.44383

99 1.38759

100 1.44155

101 1.69207

102 1.7324

103 1.85404

104 1.85364

105 1.95126

106 1.90566

107 1.93957

108 1.97976

109 2.08129

110 1.82882

111 1.76411

112 1.65487

113 1.82983

114 1.8382

115 1.87621

116 1.89158

117 1.88223

118 1.94043

119 1.88872

120 1.95714

121 2.21133

122 2.2996

123 2.24255

124 2.4183

125 2.55739

126 2.45036

127 2.61938

128 2.6019

129 2.64259

130 2.64821

131 2.76524

132 2.77863

133 2.81679

134 2.8492

135 2.92058

136 2.66952

137 2.53831

138 2.36492

139 2.53334

140 2.55543

141 2.66155

142 2.54858

143 2.64623

144 2.67741

145 2.63624

146 2.8172

