6 -0.0233449

7 -0.0128107

8 -0.00493243

9 0.00141789

10 -0.00729013

11 0.00348163

12 -0.0148738

13 -0.0199341

14 0.0411265

15 -0.0649906

16 -0.053516

17 -0.00770694

18 -0.12161

19 -0.146974

20 -0.166225

21 -0.374795

22 -0.404243

23 -0.571608

24 -0.798077

25 -0.945591

26 -1.06523

27 -1.43052

28 -1.45194

29 -1.51229

30 -1.49452

31 -1.50003

32 -1.59134

33 -1.56416

34 -1.50978

35 -1.48093

36 -1.49842

37 -1.48026

38 -1.5518

39 -1.56104

40 -1.41696

41 -1.11785

42 -1.1414

43 -1.21929

44 -1.15259

45 -1.08588

46 -1.05914

47 -1.05895

48 -1.21704

49 -1.96051

50 -2.10016

51 -2.05494

52 -2.11159

53 -2.82358

54 -2.92836

55 -2.98942

56 -3.03843

57 -3.3061

58 -3.33406

59 -3.28461

60 -3.3615

61 -3.39442

62 -3.31788

63 -3.32647

64 -3.31794

65 -3.17122

66 -3.41489

67 -3.57662

68 -3.55446

69 -3.67444

70 -3.66983

71 -3.60184

72 -3.66391

73 -3.75298

74 -3.78757

75 -3.76318

76 -3.91765

77 -3.92068

78 -3.86054

79 -3.79244

80 -3.83922

81 -3.84266

82 -3.66202

83 -3.72184

84 -3.71153

85 -3.82142

86 -3.86515

87 -3.90813

88 -4.0575

89 -3.99267

90 -4.00487

91 -4.01065

92 -4.0362

93 -4.09151

94 -4.09839

95 -4.16448

96 -4.24307

97 -4.38192

98 -4.47431

99 -4.52543

100 -4.53082

101 -4.66007

102 -4.698

103 -4.66448

104 -4.64025

105 -4.5973

106 -4.50864

107 -4.48986

108 -4.38169

109 -4.37866

110 -4.48274

111 -4.51907

112 -4.58636

113 -4.50129

114 -4.66748

115 -4.64186

116 -2.81139

117 -2.7158

118 -2.82933

119 -2.8613

120 -2.89771

121 -2.64351

122 -2.5865

123 -2.57619

124 -2.40778

