6 -0.0197546

7 -0.0589237

8 -0.0983608

9 -0.109287

10 -0.111015

11 -0.112718

12 -0.170633

13 -0.194479

14 -0.105331

15 -0.118494

16 -0.337933

17 -0.323755

18 -0.178866

19 -0.11356

20 -0.140819

21 -0.21636

22 -0.169398

23 -0.0876351

24 -0.124853

25 -0.147923

26 -0.133218

27 -0.127801

28 -0.171098

29 -0.249133

30 -0.23073

31 -0.259579

32 -0.72249

33 -0.701935

34 -0.875626

35 -0.756255

36 -0.673064

37 -0.579878

38 -0.70659

39 -0.685424

40 -0.67372

41 -0.68061

42 -0.683032

43 -0.78137

44 -0.631913

45 -0.613421

46 -0.687416

47 -0.581023

48 -0.265441

49 -0.243318

50 -0.305688

51 -0.297686

52 -0.5091

53 -1.06301

54 -1.09962

55 -1.12685

56 -1.238

57 -1.14048

58 -1.08875

59 -1.16267

60 -1.04607

61 -1.04536

62 -1.26973

63 -1.34928

64 -1.38162

65 -1.46683

66 -1.53188

67 -1.53012

68 -1.51884

69 -1.7142

70 -1.77802

71 -1.97936

72 -2.0089

73 -1.92767

74 -1.97503

75 -1.82507

76 -1.99479

77 -2.1749

78 -1.96551

79 -1.70804

80 -1.56756

81 -1.59065

82 -1.52585

83 -1.56151

84 -1.63317

85 -1.64056

86 -1.6814

87 -1.72419

88 -1.74914

89 -1.7474

90 -1.75179

91 -1.78743

92 -1.788

93 -1.79531

94 -1.72767

95 -1.54971

96 -1.50704

97 -1.48461

98 -1.49398

99 -1.63126

100 -1.92853

101 -1.7699

102 -1.79212

103 -1.8158

104 -1.87596

105 -1.8351

106 -1.87342

107 -1.83268

108 -1.90626

109 -1.9667

110 -1.94446

111 -1.80813

112 -1.80692

113 -1.81

114 -1.74496

115 -1.64842

116 -1.59225

117 -1.58718

118 -1.64696

119 -1.70026

120 -1.77751

121 -1.83635

122 -1.77242

123 -1.81446

124 -0.859212

125 -0.957407

126 -1.00149

127 -0.93201

128 -0.874781

129 -0.867615

130 -0.767274

131 -0.616135

132 -0.629226

133 -0.625747

134 -0.75171

135 -0.767463

136 -0.676782

137 -0.560073

138 -0.714996

139 -0.826377

140 -0.991459

141 -0.835636

142 -0.797279

143 -0.707623

