6 -0.0214593

7 -0.0234751

8 -0.0692848

9 -0.107899

10 -0.118749

11 -0.116527

12 -0.12182

13 -0.172932

14 -0.201469

15 -0.124123

16 -0.128243

17 -0.265688

18 -0.124114

19 -0.119077

20 -0.084017

21 -0.0485822

22 -0.0459195

23 -0.0427285

24 -0.048631

25 -0.113665

26 -0.127439

27 -0.1622

28 -0.179603

29 -0.217686

30 -0.28559

31 -0.264208

32 -0.233652

33 -0.255211

34 -0.26737

35 -0.246927

36 -0.507533

37 -0.862402

38 -0.715851

39 -0.634117

40 -0.589898

41 -0.613795

42 -0.628759

43 -0.650614

44 -0.74945

45 -0.577457

46 -0.564318

47 -0.656882

48 -0.565085

49 -0.423634

50 -0.430335

51 -0.330537

52 -0.379249

53 -0.456283

54 -0.461003

55 -0.485215

56 -0.483981

57 -0.736439

58 -0.80062

59 -0.827519

60 -0.932209

61 -0.85726

62 -0.82367

63 -0.913604

64 -0.82536

65 -0.828962

66 -1.04597

67 -1.24442

68 -1.24284

69 -1.21291

70 -1.00039

71 -0.901525

72 -1.28028

73 -1.38048

74 -1.25756

75 -1.29506

76 -1.48608

77 -1.71931

78 -1.38708

