6 -0.231182

7 -0.192658

8 -0.363632

9 -0.355517

10 -0.410879

11 -0.45503

12 -0.415534

13 -0.300389

14 -0.316696

15 -0.485182

16 -0.528311

17 -0.561686

18 -0.615493

19 -0.445678

20 -0.446341

21 -0.428762

22 -0.338948

23 -0.419493

24 -0.802005

25 -0.831168

26 -0.791908

27 -0.724001

28 -0.658453

29 -0.652209

30 -0.688452

31 -0.738447

32 -0.694231

33 -0.742505

34 -0.714929

35 -0.684756

36 -0.733415

37 -0.648225

38 -0.907103

39 -1.00191

40 -1.66533

41 -1.81948

42 -1.59869

43 -1.48415

44 -1.68021

45 -1.82587

46 -1.89774

47 -2.16487

48 -2.20197

49 -2.26734

50 -2.20552

51 -2.20553

52 -2.19917

53 -2.24717

54 -2.24236

55 -2.59559

56 -2.60721

57 -2.60325

58 -2.59742

59 -2.72402

60 -2.76217

61 -3.04782

62 -3.0975

63 -3.90871

64 -3.63538

65 -3.60843

66 -3.59032

67 -3.56719

68 -3.57964

69 -3.60406

70 -3.8052

71 -3.67219

72 -3.46984

73 -3.11618

74 -2.98654

