6 -0.0823244

7 -0.116977

8 -0.163755

9 -0.180104

10 -0.179057

11 -0.140379

12 -0.154068

13 -0.140787

14 -0.191784

15 -0.181868

16 -0.713324

17 -0.70435

18 -0.852456

19 -1.07397

20 -1.07236

21 -0.881044

22 -1.0578

23 -1.00927

24 -0.942792

25 -0.872965

26 -0.918688

27 -0.899866

28 -0.893448

29 -0.852744

30 -0.840344

31 -0.870934

32 -0.852672

33 -0.776061

34 -0.914841

35 -0.854603

36 -1.09316

37 -1.13359

38 -1.36555

39 -1.36112

40 -1.26971

41 -1.33482

42 -1.32277

43 -1.64966

44 -1.7713

45 -1.83055

46 -1.88108

47 -1.83605

48 -1.93022

49 -1.96935

50 -2.00986

51 -1.96832

52 -1.98851

53 -2.03779

54 -2.07622

55 -2.05299

56 -2.5953

57 -2.69388

58 -2.78884

59 -2.75562

60 -2.59148

61 -2.59322

62 -2.67158

63 -2.58509

64 -2.69508

65 -2.76249

66 -2.70476

67 -2.79353

68 -2.91555

69 -2.93366

70 -3.12129

71 -2.86223

72 -2.72168

73 -2.75806

