6 -0.0201462

7 0.0919637

8 0.187523

9 0.302124

10 0.36261

11 0.356365

12 0.447723

13 0.580461

14 0.695338

15 0.747144

16 0.751112

17 0.853534

18 0.669812

19 0.611161

20 0.537896

21 0.509271

22 0.364182

23 0.383458

24 0.322273

25 0.329758

26 0.3313

27 0.479331

28 0.539634

29 0.548785

30 0.501072

31 0.586913

32 0.341237

33 0.167946

34 -0.0558072

35 -0.106258

36 -0.236886

37 -0.215351

38 -0.0718891

39 -0.0164968

40 -0.0750806

41 0.0158796

42 -0.110879

43 -0.0606186

44 -0.17662

45 -0.192078

46 -0.447987

47 -0.439513

48 -0.420337

49 -0.381505

50 -0.543571

51 -0.506677

52 -0.529944

53 -0.46387

54 -0.534837

55 -0.474588

56 -0.864151

57 -0.936117

58 -0.971321

59 -1.025

60 -1.03802

61 -1.2282

62 -1.37223

63 -1.43848

64 -1.40297

65 -1.27353

66 -1.44345

67 -1.36612

68 -1.63377

69 -1.70484

