6 0.0953487

7 0.0227646

8 0.0385446

9 0.0165775

10 -0.0494467

11 0.0138123

12 0.0810593

13 0.0913811

14 -0.0213042

15 -0.0878961

16 -0.207154

17 -0.203467

18 -0.194042

19 -0.187211

20 -0.13614

21 -0.148779

22 -0.246152

23 -0.267327

24 -0.291335

25 -0.266169

26 -0.161173

27 -0.114945

28 0.373321

29 0.390592

30 0.440236

31 0.431502

32 0.457604

33 0.650275

34 0.507226

35 0.589654

36 0.642107

37 0.722946

38 0.831889

39 0.715544

40 0.910159

41 0.990672

42 1.06005

43 1.13093

44 1.17634

45 1.17663

46 1.23179

47 1.28365

48 1.24727

49 1.38049

50 1.23251

51 1.36131

52 1.38365

53 1.34531

54 1.64164

55 1.6247

56 1.78745

57 1.90408

58 1.92204

59 1.93788

60 1.94193

61 2.03968

62 1.99037

63 2.05073

64 2.30717

65 2.2744

66 2.43257

67 2.34792

68 2.45375

69 2.48666

70 2.58853

71 2.75709

72 2.82177

73 2.88381

74 2.87122

75 2.99431

76 3.21721

77 3.31447

78 3.35634

79 3.44665

80 3.73071

81 3.732

82 3.90881

83 4.0367

84 4.0797

85 4.07746

86 4.03176

87 3.96188

88 4.15711

89 4.24598

90 4.21173

91 4.40411

92 4.72381

93 4.68787

94 4.74079

95 4.53452

96 4.64431

97 4.74948

98 4.70915

99 4.71473

100 4.92294

101 4.81175

102 4.71225

103 4.77535

104 4.84327

105 4.90692

106 5.10246

107 5.18621

108 5.10964

109 5.1418

110 5.16935

111 5.27283

112 5.4207

113 5.55624

114 5.50748

115 5.34099

116 5.29216

117 5.35271

118 5.48808

119 5.59093

120 5.64546

121 5.63316

122 5.58644

123 5.58473

124 5.77902

125 5.82244

126 5.93777

127 5.93841

128 6.04386

129 6.07872

130 6.08422

131 5.99132

132 6.43025

133 6.52266

134 6.65228

135 6.77111

136 6.81621

137 6.85491

138 6.83734

139 6.79437

140 6.75991

141 6.78398

142 6.59609

143 6.50413

144 6.70372

145 6.67067

146 6.80601

147 6.75315

148 6.86553

149 6.97572

150 7.00649

151 7.0633

152 6.88099

153 6.99678

154 6.99482

155 7.15143

156 7.30238

157 7.40045

158 7.54733

159 7.68913

160 7.81385

161 7.87947

162 7.89176

163 7.92957

164 7.99542

165 8.1841

166 8.24874

167 8.53505

168 8.66274

169 8.67895

170 8.78761

171 8.98363

172 9.04878

173 8.97961

174 9.01736

175 9.12229

176 9.13682

177 9.12117

178 9.25265

179 9.08659

180 9.24559

181 9.47556

182 9.46495

183 9.34787

184 9.47583

185 9.36096

186 9.48731

187 9.53645

188 9.63295

189 9.58061

190 9.6444

191 9.85785

192 9.92859

193 9.69062

194 9.71678

195 10.019

196 9.77667

197 10.0012

