6 -0.0575061

7 0.00588519

8 0.0379826

9 0.0446075

10 0.020891

11 -0.104691

12 -0.0601193

13 -0.00349753

14 -0.0547237

15 -0.00559564

16 0.00531386

17 -0.133687

18 -0.179173

19 -0.181327

20 -0.203786

21 -0.128018

22 -0.223912

23 -0.168111

24 -0.200873

25 -0.223769

26 -0.248609

27 -0.115649

28 0.0173814

29 0.464317

30 0.532364

31 0.533278

32 0.403806

33 -0.62695

34 -0.823382

35 -0.888704

36 -0.802876

37 -0.885783

38 -0.758261

39 -0.542809

40 -0.457956

41 -0.449747

42 -0.350671

43 -0.252261

44 -0.252268

45 -0.38111

46 -0.340627

47 -0.27301

48 -0.325972

49 -0.272735

50 -0.253141

51 -0.387796

52 -0.434611

53 -0.501796

54 -0.534396

55 -0.427272

56 -0.552069

57 -0.569483

58 -0.614261

59 -0.613082

60 -0.439228

61 -0.353309

62 0.0461957

63 0.0875417

64 0.142898

65 -0.0573129

66 -1.26918

67 -1.51656

