6 -0.0569964

7 -0.0946793

8 -0.12427

9 -0.143063

10 -0.153921

11 -0.175141

12 -0.27923

13 -0.177208

14 -0.0598829

15 -0.055927

16 0.00476297

17 0.0426128

18 0.146968

19 0.19792

20 -1.20957

21 -1.31932

22 -1.35884

23 -1.36368

24 -0.968406

25 -0.964849

26 -0.993923

27 -0.996927

28 -1.02291

29 -1.03357

30 -1.02841

31 -1.00628

32 -1.52507

33 -1.57808

34 -1.52657

35 -1.52849

36 -1.55678

37 -1.57844

38 -1.56814

39 -1.59344

40 -1.48022

41 -1.24465

42 -1.11856

43 -0.964792

44 -0.0896505

45 0.0648093

46 0.289801

47 0.341577

48 0.384357

49 0.323741

50 0.207162

51 -0.136913

52 -1.3221

53 -1.36406

54 -1.42353

55 -1.45146

56 -1.464

57 -1.37151

58 -1.41031

59 -1.4908

60 -1.65257

61 -1.62932

62 -1.52967

63 -1.548

64 -1.60185

65 -1.49159

66 -1.43811

67 -1.41054

68 -1.35211

69 -1.33417

70 -1.20034

71 -1.23712

72 -1.13803

73 -1.16599

74 -1.09745

75 -1.10674

76 -1.11982

77 -1.09816

78 -1.16814

79 -1.19148

80 -1.26326

81 -1.70562

82 -1.93733

83 -2.18927

84 -2.2032

85 -1.93841

86 -2.08831

87 -1.7949

88 -1.6894

89 -1.75185

90 -1.71965

91 -1.71961

92 -1.78726

93 -1.83642

94 -1.71838

95 -1.76577

96 -1.82616

97 -1.96048

98 -2.00451

99 -1.98231

100 -1.94399

101 -1.96885

102 -1.96583

103 -2.12731

104 -1.97856

105 -1.86567

106 -1.75932

107 -1.71497

108 -1.7749

109 -2.00357

110 -2.135

111 -2.27968

112 -2.47372

113 -2.89976

114 -2.81833

115 -2.88534

116 -2.86348

117 -2.89213

118 -2.83834

119 -2.9191

120 -3.00589

121 -3.00815

122 -3.08686

123 -3.15809

124 -3.11938

125 -3.19378

126 -3.44529

127 -3.46589

128 -3.39707

129 -3.47857

130 -3.40887

131 -3.44535

132 -3.58271

133 -3.66321

134 -3.75267

135 -3.87115

136 -3.92488

137 -3.95438

138 -3.84427

139 -3.7746

140 -3.83576

141 -3.73897

142 -3.58317

143 -3.51769

144 -3.49991

145 -3.44712

146 -3.747

147 -3.67016

148 -3.70292

149 -3.72237

150 -3.91818

151 -3.88571

152 -3.87778

153 -3.72615

