6 -0.0886274

7 -0.0254697

8 -0.0447878

9 -0.0345572

10 -0.0517809

11 -0.0627869

12 -0.0890508

13 0.00242804

14 -0.211076

15 -0.186402

16 -0.402936

17 -0.500978

18 -0.783605

19 -1.14072

20 -1.16911

21 -1.1887

22 -1.22261

23 -1.2689

24 -1.21615

25 -1.24516

26 -1.30313

27 -1.33221

28 -1.37624

29 -1.41806

30 -1.41847

31 -1.49918

32 -1.38534

33 -1.52955

34 -1.72421

35 -1.82268

36 -1.91776

37 -1.93599

38 -1.79099

39 -1.70912

40 -1.14693

41 -0.623038

42 -0.624412

43 -0.565699

44 -0.539255

45 -0.416344

46 -0.272126

47 -0.225928

48 -0.154332

49 -0.0821651

50 -0.211079

51 -0.291507

52 -0.278536

53 -0.275195

54 -0.285989

55 -0.299883

56 -0.366218

57 -0.323294

58 -0.230503

59 -0.178604

60 -0.138828

61 -0.146883

62 -0.118054

63 -0.315918

64 -0.354518

65 -0.379645

66 -0.323381

67 -0.48807

68 -0.286377

69 0.21618

70 0.115416

71 -0.0458868

72 0.457808

73 0.466729

74 0.329161

75 0.404685

76 0.580589

77 0.614852

78 0.834735

79 0.878346

80 0.745231

81 0.857532

82 0.940206

83 0.930579

84 0.983497

85 0.919752

86 0.989003

87 0.93139

88 1.07071

89 0.91592

90 1.61375

91 1.64563

92 1.6692

93 1.71164

94 1.81865

95 1.79158

96 1.89807

97 2.12021

98 2.14569

99 2.11544

100 2.05247

101 2.00748

102 2.20318

103 2.26797

104 2.27428

105 2.45691

106 2.24314

107 2.15701

108 3.27525

109 3.32114

110 3.4175

111 3.54386

112 3.75651

113 3.81499

114 3.716

115 3.57255

116 3.58295

117 3.68681

118 3.64825

119 3.63304

120 3.70663

121 3.79596

122 3.8578

123 4.04513

124 4.18089

125 4.22656

126 4.00513

127 4.05893

