6 -0.0546343

7 -0.155162

8 -0.17995

9 -0.161349

10 -0.0627189

11 0.0262376

12 0.119811

13 0.166514

14 0.180356

15 0.204039

16 0.220518

17 0.294248

18 0.299085

19 0.28407

20 0.327058

21 0.363809

22 0.287281

23 0.16189

24 0.210855

25 0.234371

26 0.255631

27 0.221428

28 0.211988

29 0.196491

30 -0.0895919

31 -0.493764

32 -0.524499

33 -0.555825

34 -0.666018

35 -0.838006

36 -0.933315

37 -1.05132

38 -1.1246

39 -1.13389

40 -0.924195

41 -0.96957

42 -1.02961

43 -0.922129

44 -1.15119

45 -1.25213

46 -1.29907

47 -1.17986

48 -1.35489

49 -1.25109

50 -1.0891

51 -1.2902

52 -1.33755

53 -1.3371

54 -1.36255

55 -1.42551

56 -1.42771

57 -1.36953

58 -1.52294

59 -1.51666

60 -1.55805

61 -1.43203

62 -1.72758

63 -1.66021

64 -1.46458

65 -1.57804

66 -1.52096

67 -1.55616

68 -1.57081

69 -1.60391

70 -1.63011

71 -1.62774

72 -1.59603

73 -1.57581

74 -1.53229

75 -1.45592

76 -1.5264

77 -1.52964

