6 -0.0230666

7 -0.0237857

8 -0.0169137

9 -0.0446102

10 -0.0236159

11 0.0777153

12 0.105362

13 -0.10333

14 -0.120581

15 -0.0758268

16 -0.0604533

17 -0.032337

18 0.0489417

19 -0.112811

20 -0.356353

21 -0.473888

22 -0.512675

23 -0.534714

24 -0.482895

25 -0.632354

26 -0.712318

27 -0.766933

28 -0.755997

29 -0.691988

30 -0.653977

31 -0.66693

32 -0.644322

33 -0.950837

34 -0.972056

35 -0.916645

36 -0.934335

37 -0.834397

38 -0.703214

39 -0.720558

40 -0.685243

41 -0.647387

42 -0.652958

43 -0.632955

44 -0.583296

45 -0.59905

46 -0.485143

47 -0.449213

48 -0.430571

49 -0.386007

50 -0.445697

51 -0.453184

52 -0.330269

53 -0.336361

54 -0.342741

55 -0.608529

56 -0.935861

57 -1.14391

58 -1.46404

59 -1.67044

60 -2.60691

61 -2.75011

62 -2.79052

63 -2.78481

64 -2.87114

65 -2.84744

66 -2.87392

67 -2.95892

68 -2.97202

69 -2.99763

70 -3.01232

71 -3.02819

72 -3.0426

73 -3.07278

74 -3.06867

75 -2.95317

76 -2.94556

77 -2.95255

78 -2.92858

79 -2.9372

80 -2.90338

81 -2.84091

82 -2.94402

83 -3.00477

84 -3.05947

85 -3.38106

86 -3.39308

87 -3.30972

88 -3.36241

89 -2.69586

90 -2.75287

91 -2.91003

92 -3.20276

93 -3.02184

