6 -0.0300224

7 -0.0140961

8 -0.0761526

9 -0.0403006

10 -0.632628

11 -0.785888

12 -0.735238

13 -0.612212

14 -0.523321

15 -0.536864

16 -0.492328

17 -0.45873

18 -0.407083

19 -0.38825

20 -0.290361

21 -0.268747

22 -0.709898

23 -0.692575

24 -0.652094

25 -0.777863

26 -0.857721

27 -0.722267

28 -0.210605

29 -0.119124

30 -0.130174

31 -0.352628

32 -1.59763

33 -1.69481

34 -1.77478

35 -1.83986

36 -1.88601

37 -1.89122

38 -1.93309

39 -2.01781

40 -2.08779

41 -1.97767

42 -1.94059

43 -1.94057

44 -2.06141

45 -1.90101

46 -1.86663

47 -1.85569

48 -1.87758

49 -1.78689

50 -1.82948

51 -1.82785

52 -1.70781

53 -1.75239

54 -1.62941

55 -1.65709

56 -1.6125

57 -1.58111

58 -1.58182

59 -1.49358

60 -1.51028

61 -1.6041

62 -1.63393

63 -2.32377

64 -2.49374

65 -2.57201

66 -2.408

67 -2.18389

68 -2.16938

69 -1.90034

70 -1.9708

71 -1.95257

72 -2.01774

73 -2.16057

74 -2.27603

75 -2.44665

76 -2.50342

77 -2.44997

78 -2.42715

79 -2.40015

80 -2.39692

81 -2.5588

82 -2.4642

