6 -0.250286

7 -0.257092

8 -0.333522

9 -0.277115

10 -0.316884

11 -0.278785

12 -0.249497

13 -0.257644

14 -0.289613

15 -0.231701

16 -0.431875

17 -0.409222

18 -0.797351

19 -0.757309

20 -0.698859

21 -0.549633

22 -0.503168

23 -0.419544

24 -0.380388

25 -0.421482

26 -0.395308

27 -0.516234

28 -0.528892

29 -0.521175

30 -0.49981

31 -0.541142

32 -0.661834

33 -0.727425

34 -0.686563

35 -0.784887

36 -0.876404

37 -0.953282

38 -0.970802

39 -0.966976

40 -1.08217

41 -1.25592

42 -1.49442

43 -1.39741

44 -1.39526

45 -1.35429

46 -1.3991

47 -1.90522

48 -1.90724

