6 -0.0118169

7 -0.235459

8 -0.552944

9 -0.843498

10 -0.85311

11 -0.861073

12 -0.929494

13 -1.01303

14 -0.964704

15 -0.904953

16 -0.873287

17 -0.795751

18 -0.802705

19 -0.77575

20 -0.774525

21 -0.80549

22 -0.768752

23 -0.675771

24 -0.651311

25 -0.627137

26 -0.615464

27 -0.475069

28 -0.4793

29 -0.554047

30 -0.511852

31 -0.458547

32 -0.358541

33 -0.139905

34 -0.180449

35 -0.1245

36 -0.0599925

37 -0.064616

38 -0.0223697

39 0.740335

40 0.810544

41 0.730275

42 0.662999

43 0.642943

44 0.639531

45 0.536822

46 0.498618

47 0.480328

48 0.415034

49 0.517204

50 0.226639

51 0.31278

52 -1.15834

53 -1.40139

54 -1.54579

55 -1.68204

56 -1.62348

57 -1.63171

58 -2.06239

59 -2.06111

60 -2.00359

61 -1.95451

62 -1.76689

63 -1.82119

64 -1.84768

65 -2.04367

66 -2.07037

67 -2.05723

68 -2.12503

69 -2.10081

70 -2.11806

71 -2.00064

72 -1.76509

73 -1.63565

74 -1.50572

75 -1.44098

76 -1.07137

77 -1.04126

78 -0.937476

79 -0.97364

80 -0.864705

81 -0.907798

