6 0.0885547

7 0.037391

8 0.00663102

9 0.0510399

10 0.116578

11 0.107217

12 0.0445586

13 0.0431774

14 0.0647267

15 -0.110792

16 -0.217912

17 -0.49235

18 -0.639701

19 -0.702821

20 -0.661024

21 -0.680385

22 -0.968009

23 -0.997893

24 -0.975577

25 -0.961253

26 -1.00117

27 -0.973257

28 -0.845668

29 -0.844307

30 -0.867501

31 -0.879408

32 -0.901402

33 -1.04144

34 -1.11533

35 -1.07861

36 -0.931021

37 -0.904959

38 -0.880091

39 -0.841432

40 -0.88794

41 -0.855813

42 -0.941401

43 -1.06014

44 -1.12387

45 -1.1413

46 -1.18224

47 -1.03289

48 -1.28965

49 -1.1416

50 -1.30771

51 -1.20613

52 -0.307527

53 -0.311378

54 -0.474106

55 -0.484334

56 -0.520008

57 -0.611892

58 -0.625312

59 -0.619059

60 -0.624949

61 -0.563129

62 -0.447903

63 -0.0580422

64 -0.0529723

65 0.0172603

66 0.0194167

67 -0.058644

68 -0.0750956

69 0.0410861

70 0.0222401

71 0.112964

72 0.466605

73 0.391455

74 0.341676

75 0.313506

76 0.490757

77 0.237028

78 0.235337

79 -0.666828

80 -1.04481

81 -0.667296

82 -0.674955

83 -0.617673

84 -0.674638

85 -0.723454

86 -0.772622

87 -0.715811

88 -0.785879

89 -0.712507

90 -0.858206

91 -0.75741

92 -0.69626

93 -0.772447

94 -0.627362

95 -0.590207

96 -0.596424

97 -0.564957

98 -0.547475

99 -0.405652

100 -0.480097

101 -0.298868

102 -0.138421

