6 -0.0281806

7 -0.0618071

8 -0.103714

9 -0.117627

10 -0.117815

11 -0.123686

12 -0.188463

13 -0.213301

14 -0.127937

15 -0.112261

16 -0.433957

17 -0.443837

18 -0.311714

19 -0.173874

20 -0.156109

21 -0.184293

22 -0.237337

23 -0.221914

24 -0.207132

25 -0.242225

26 -0.162692

27 -0.406294

28 -0.43375

29 -0.873714

30 -0.870803

31 -1.01506

32 -0.93169

33 -0.849546

34 -0.788434

35 -0.926263

36 -0.892527

37 -0.861799

38 -0.858533

39 -0.856355

40 -0.937955

41 -0.94169

42 -0.967918

43 -0.941206

44 -0.678326

45 -0.651339

46 -0.69725

47 -0.662957

48 -0.864573

49 -1.34594

50 -1.40507

51 -1.42383

52 -1.52259

53 -1.44418

54 -1.39805

55 -1.4608

56 -1.35763

57 -1.35331

58 -1.46742

59 -1.66349

60 -1.73827

61 -1.87361

62 -1.80888

63 -1.72746

64 -1.81332

65 -1.6836

66 -1.85226

67 -2.06549

68 -1.88774

69 -1.62316

70 -1.49268

71 -1.51875

72 -1.44111

73 -1.47807

74 -1.55698

75 -1.56348

76 -1.61185

77 -1.66112

78 -1.68882

79 -1.68602

80 -1.68825

81 -1.72582

82 -1.6874

83 -1.69708

84 -1.84203

85 -1.68112

86 -1.70873

87 -1.71891

88 -1.7706

89 -1.72519

90 -1.75994

91 -1.72264

92 -1.79576

93 -1.85699

94 -1.83804

95 -1.70861

96 -1.71863

97 -1.71875

98 -1.66696

99 -1.57681

100 -1.53867

101 -1.53465

102 -1.60289

103 -1.65789

104 -1.72931

105 -1.78468

106 -1.68174

107 -1.7583

108 -0.701321

109 -0.795753

110 -0.754323

111 -0.718723

112 -0.562129

113 -0.462102

114 -0.425357

115 -0.28915

116 -0.1631

117 -0.171005

118 -0.165739

119 -0.286156

120 -0.281215

121 -0.214683

122 -0.083395

123 -0.268158

124 -0.373124

125 -0.542418

126 -0.393328

127 -0.349819

