6 -0.0829175

7 -0.132142

8 -0.127745

9 -0.166352

10 -0.219087

11 -0.192932

12 -0.1019

13 -0.0943142

14 -0.077794

15 0.0306826

16 0.123447

17 0.173997

18 0.151154

19 0.256468

20 0.398524

21 0.40677

22 0.536742

23 0.672433

24 0.603575

25 0.656841

26 0.814891

27 0.809227

28 0.589365

29 0.615598

30 0.630644

31 0.69883

32 0.835208

33 0.749781

34 0.739181

35 0.798831

36 0.902724

37 1.00917

38 1.02656

39 1.00736

40 0.924276

41 0.600347

42 0.650972

43 0.731807

44 0.722939

45 0.704077

46 0.707618

47 0.692194

48 0.623641

49 0.660266

50 0.677642

51 0.733901

52 0.819488

53 0.792831

54 0.538733

55 0.577952

56 0.709331

57 0.540669

58 0.440093

59 0.234243

60 0.152193

61 -0.00758667

62 -0.056453

63 -0.16153

64 -0.237529

65 -0.229957

66 -0.297844

67 -0.287071

68 -0.3372

69 -0.335947

70 -0.346014

71 -0.3308

72 -0.35677

73 -0.3388

74 -0.377504

75 -0.283725

76 -0.00682102

77 0.0615406

78 0.106721

79 0.171489

80 0.140854

81 0.0419682

82 0.0241875

83 -0.244792

84 -0.399403

85 -0.463919

86 -0.285251

87 -0.154587

88 -0.096449

89 -0.395709

90 -0.398116

91 -0.65825

92 -0.673581

93 -0.627467

94 -0.554115

95 -0.901152

96 -0.904479

97 -0.952744

98 -0.848729

99 -0.931832

100 -0.703374

101 -0.699668

102 -0.686566

103 -0.568701

104 -0.642437

105 -0.626773

106 -0.645499

107 -0.690123

108 -0.602449

109 -1.1256

110 -1.22654

111 -1.30867

112 -1.35195

113 -1.41857

114 -1.46714

115 -1.42856

116 -1.22748

117 -1.22571

118 -1.2957

119 -1.34375

120 -1.27495

121 -1.31223

122 -1.36071

123 -1.26209

124 -1.19256

125 -1.18979

126 -1.22581

127 -1.24454

128 -1.27388

129 -1.29136

130 -1.16306

131 -1.25929

132 -1.08459

133 -1.05787

134 -1.03125

135 -1.00366

136 -1.23814

137 -1.25307

138 -1.35154

139 -1.42379

140 -1.38038

141 -1.4504

142 -1.53139

143 -1.6063

144 -1.51419

145 -1.47279

146 -1.4933

147 -1.41711

148 -1.47243

149 -1.47521

150 -1.43891

151 -1.38427

152 -1.45007

153 -1.42127

154 -1.27286

155 -1.45792

156 -1.19309

157 -0.970339

158 -0.766116

159 -0.648438

160 -0.616627

