6 0.012821

7 0.00970573

8 -0.0140227

9 -0.0427595

10 -0.0968869

11 -0.156764

12 -0.182978

13 -0.247673

14 -0.293746

15 -0.236069

16 -0.130529

17 -0.0805522

18 0.0214739

19 0.114887

20 -0.227414

21 -0.227546

22 -0.170535

23 -0.209824

24 -0.217288

25 -0.144328

26 0.558887

27 0.558961

28 0.55587

29 0.562438

30 0.61893

31 0.6301

32 0.61551

33 0.650076

34 0.538752

35 0.531104

36 0.601925

37 0.51377

38 0.60704

39 0.576237

40 0.604679

41 1.0829

42 1.15229

43 1.16316

44 1.12546

45 1.07843

46 1.08524

47 1.13104

48 1.14159

49 1.20969

50 1.11004

51 1.13362

