6 -0.0669153

7 -0.217653

8 -0.367525

9 -0.326962

10 -0.305364

11 -0.333522

12 -0.241246

13 -0.412952

14 -0.575022

15 -0.595493

16 -0.65088

17 -0.641768

18 -0.60103

19 -0.591166

20 -0.549518

21 -0.45269

22 -0.493232

23 -0.48098

24 -0.293774

25 -0.312934

26 -0.362327

27 -0.290028

28 -0.395643

29 -0.403645

30 -0.495344

31 -0.533991

32 -0.542603

33 -0.667455

34 -0.565009

35 -0.588449

36 -0.55826

37 -0.466788

38 -0.576919

39 -0.61284

40 -0.600117

41 -0.504628

42 -0.454454

43 -0.408338

44 -0.324559

45 -0.489301

46 -0.462403

47 -0.529849

48 -0.445031

49 -0.527312

50 -0.404555

51 -0.575364

52 -0.323132

53 -0.2269

54 -0.143697

55 -0.0728869

56 -0.178208

57 -0.225154

58 -0.562225

59 -0.268919

60 -0.311303

61 0.126352

62 0.244651

63 0.47751

64 0.621036

65 0.702218

66 0.647184

67 0.454173

68 0.608969

69 0.683978

70 0.707587

71 0.845982

72 0.879553

73 1.00069

74 1.03747

75 1.16722

76 1.01933

77 1.08961

78 0.9681

79 0.975558

80 1.09635

81 1.35232

82 1.30836

83 1.27218

84 1.21691

85 1.0041

86 0.984343

87 0.775205

88 0.892382

89 0.849615

90 0.889542

91 0.620481

92 0.781012

93 1.17582

94 1.3394

95 1.43296

96 1.59386

97 1.74601

98 1.72275

99 1.66772

100 1.64028

101 1.45724

102 1.37407

103 1.37268

104 1.32224

105 0.922987

106 0.977356

107 1.0526

108 1.03149

109 1.10738

110 1.10358

111 1.09948

112 1.01593

113 1.01388

114 1.10983

115 1.09669

116 1.10789

117 1.26237

118 1.25818

119 1.35795

120 1.26892

121 1.31908

122 1.23626

123 1.05429

