6 -0.014699

7 0.00364797

8 0.0669302

9 0.130653

10 0.187722

11 0.263607

12 0.309389

13 0.309516

14 0.202736

15 0.307824

16 0.32833

17 0.346952

18 0.397599

19 0.309743

20 0.0477119

21 -0.0768816

22 -0.493173

23 -0.516548

24 -0.640162

25 -0.667469

26 -0.599907

27 -0.604616

28 -0.644314

29 -0.819386

30 -0.767439

31 -0.723868

32 -0.739354

33 -0.688675

34 -0.680662

35 -0.617996

36 -0.548261

37 -0.489484

38 -0.318572

39 -0.289757

40 -0.228929

41 -0.23135

42 -0.230357

43 -0.276247

44 -0.21231

45 -0.485317

46 -0.556981

47 -0.801065

48 -0.818024

49 -0.919791

50 -0.901806

51 -0.899586

52 -0.903392

53 -0.851931

54 -0.882174

55 -1.02011

56 -0.945257

57 -1.15509

58 -1.64285

59 -1.60985

60 -1.64925

61 -1.61721

62 -1.81564

63 -1.81326

64 -0.271972

65 -0.227513

66 -0.221979

67 -0.250247

68 -0.239165

69 -0.153565

70 -0.263434

71 -0.723303

72 -0.782099

73 -0.832044

74 -0.769756

75 -0.743811

76 -0.718522

77 -0.832406

78 -0.81558

79 -0.834683

80 -0.737194

81 -0.459912

82 -0.339594

83 -0.407612

84 -0.0890038

85 0.20148

86 0.384329

87 0.391635

88 0.188849

89 0.332875

90 0.533874

91 0.69193

92 0.687291

93 0.622017

94 0.409367

95 0.577665

96 0.488726

97 0.558352

98 0.671872

99 0.659806

100 0.709334

101 0.776879

102 0.893861

103 0.916251

104 1.06001

105 0.963386

106 0.862747

107 1.17145

108 1.09282

109 1.0676

110 1.03718

111 1.05587

112 0.953113

113 0.777075

114 0.925235

115 1.06228

116 0.99121

117 0.852625

118 0.681795

119 0.73532

120 0.820805

121 0.828601

122 0.836595

123 0.908364

124 0.8535

125 0.884269

126 -0.147804

127 0.0315864

128 0.0471655

129 0.144501

130 0.0850126

131 0.123297

132 0.375977

133 0.404003

134 0.3614

135 0.326047

136 0.162825

137 0.177365

138 0.170517

139 0.160415

140 0.0663926

141 -0.46038

142 -0.831629

143 -0.507972

144 -0.476874

145 -0.532528

146 -0.730576

147 -0.678118

148 -0.65138

149 -0.555505

150 -0.545454

151 -0.404433

152 -0.409335

153 -0.371578

154 -0.21229

155 -0.14352

156 -0.525108

157 -0.497905

158 -0.90226

159 -0.753475

160 -0.0641444

