6 -0.0691417

7 -0.0837008

8 -0.0914701

9 -0.15591

10 -0.152283

11 -0.0966211

12 -0.201959

13 -0.452609

14 -0.441114

15 -0.478841

16 -0.579804

17 -0.542024

18 -0.677582

19 -0.789906

20 -0.852642

21 -0.881771

22 -0.980121

23 -1.00026

24 -1.00032

25 -1.04876

26 -0.996781

27 -0.885377

28 -0.91116

29 -1.82486

30 -1.95467

31 -1.9933

32 -2.05556

33 -1.99142

34 -1.97916

35 -2.0064

36 -1.95218

37 -1.93284

38 -1.94234

39 -1.92653

40 -2.01927

41 -2.053

42 -2.03825

43 -2.07511

44 -2.01378

45 -2.04973

46 -2.05771

47 -2.09116

48 -2.08758

49 -2.11442

50 -2.15632

51 -2.20289

52 -2.1063

53 -1.95248

54 -1.99798

55 -2.24362

56 -2.28433

57 -2.27197

58 -2.31703

59 -1.3565

60 -1.50419

61 -1.44894

62 -1.35673

63 -1.29941

64 -1.47296

65 -1.44516

66 -1.38644

67 -1.43227

68 -1.43892

69 -1.38352

70 -1.02606

71 -1.03807

72 -1.0295

73 -1.41789

74 -1.65383

75 -1.60457

76 -1.43803

77 -1.4238

78 -2.10137

