6 -0.00980049

7 -0.0474852

8 -0.076058

9 -0.0651237

10 -0.12142

11 -0.138817

12 -0.0599743

13 -0.0685918

14 -0.167557

15 -0.301362

16 -0.226178

17 -0.134298

18 -0.153365

19 -0.0827269

20 -0.02734

21 -0.00519033

22 0.0223281

23 -0.0808824

24 -0.360877

25 -0.425899

26 -0.435886

27 -0.458113

28 -0.437208

29 -0.363142

30 -0.433113

31 -0.569745

32 -0.583958

33 -0.626844

34 -0.691691

35 -0.320103

36 -0.27279

37 -0.212906

38 -0.189833

39 -0.13787

40 -0.283248

41 -0.813479

42 -0.802982

43 -0.832726

44 -0.989016

45 -0.912805

46 -0.874727

47 -0.963787

48 -0.871785

49 -0.849902

50 -1.28607

51 -1.38841

52 -1.37395

53 -1.32546

54 -1.2228

55 -1.29068

56 -1.27249

57 -1.44181

58 -1.435

59 -1.48106

60 -1.36319

61 -1.55217

62 -1.78346

63 -1.31819

64 -1.20159

65 -1.14818

66 -1.17535

67 -1.17705

68 -1.18347

69 -1.16321

70 -1.20982

71 -1.19285

72 -1.23209

73 -1.2968

74 -1.31717

75 -1.31803

76 -1.23249

77 -1.33939

78 -1.26817

79 -1.77416

80 -1.85075

81 -1.4657

82 -1.27925

83 -1.2989

84 -1.18213

85 -1.21207

86 -1.15024

87 -1.21578

88 -1.19893

89 -1.22939

90 -1.25942

91 -1.28244

92 -1.29168

93 -1.2395

94 -1.31491

95 -1.3042

96 -1.17561

97 -1.06989

98 -1.00241

99 -1.10824

100 -1.17963

101 -1.33108

102 -1.35948

103 -1.44459

104 -1.34513

105 -1.4484

106 -2.03393

107 -2.05417

108 -2.06252

109 -2.02322

110 -2.06423

111 -1.9848

112 -1.90043

113 -1.91558

114 -2.02336

115 -2.05982

116 -2.10674

117 -2.10647

118 -2.01508

119 -1.95299

120 -1.91065

121 -1.88267

122 -1.82826

123 -1.84736

124 -1.826

125 -1.69097

126 -1.69169

127 -1.64109

128 -1.63384

