6 -0.0188715

7 -0.018985

8 -0.0573288

9 0.0394576

10 0.297308

11 0.383091

12 0.336246

13 0.425614

14 0.464095

15 0.497093

16 0.618545

17 0.557995

18 0.922961

19 0.965145

20 0.969623

21 0.930593

22 0.958134

23 1.03441

24 0.934817

25 0.883758

26 0.977472

27 0.955964

28 0.995187

29 1.19965

30 1.4769

31 2.65295

32 2.78987

33 2.81424

34 2.85769

35 3.02291

36 3.23462

37 3.26385

38 3.31523

39 3.49361

40 3.45613

41 3.60772

42 3.68038

43 3.8198

44 3.90183

45 3.65116

46 2.98053

47 2.92135

48 2.87681

49 2.79182

50 2.86638

51 2.8483

52 2.81061

53 2.68346

54 2.64927

55 2.6524

56 2.43465

57 2.3226

58 2.25089

59 2.20543

60 2.24326

61 2.1933

