6 -0.101242

7 -0.331889

8 -0.457682

9 -0.578848

10 -0.637932

11 -0.683131

12 -0.803123

13 -0.795964

14 -0.772162

15 -0.784646

16 -0.832305

17 -0.86342

18 -0.899305

19 -0.926751

20 -0.959732

21 -0.997681

22 -1.14696

23 -1.22054

24 -1.18679

25 -1.0695

26 -1.08936

27 -0.891256

28 -0.131925

29 -0.0346578

30 -0.0827883

31 -0.0794948

32 -0.232066

33 -0.150884

34 -0.130464

35 -0.105323

36 -0.14765

37 -0.322143

38 -0.191045

39 -0.0719574

40 0.0943294

41 0.357479

42 0.32436

43 0.309687

44 1.2357

45 1.52821

46 1.74218

47 1.78048

48 1.68866

49 1.7409

50 1.64756

51 1.70782

52 1.54539

53 1.82667

54 1.91981

55 1.77188

56 1.95211

57 2.17787

58 2.33895

59 2.61907

60 2.55086

61 2.49963

62 2.44447

63 2.42869

64 2.57971

65 2.54225

66 2.39258

67 2.37155

68 1.75433

69 2.14082

70 2.46936

71 2.59752

72 2.61145

73 2.49453

74 2.636

75 2.92912

76 2.93298

77 2.92172

78 2.92503

79 2.96143

80 2.96122

81 3.05267

82 3.02029

83 3.08363

84 3.00856

85 3.21187

86 3.37802

87 3.39501

88 3.52053

89 3.47722

90 3.34017

91 3.44941

92 3.47084

93 3.38563

94 3.37276

95 3.47736

96 3.3359

97 3.43187

98 3.29869

99 3.4028

100 3.31102

101 4.46251

102 4.55116

103 4.34706

104 4.66095

105 4.88718

106 4.89748

107 4.85364

108 4.75205

109 4.71206

110 4.80634

111 4.90705

112 4.92814

113 4.81919

114 4.75153

115 4.78623

116 4.69461

117 4.67179

118 2.16179

119 2.36412

120 2.46676

121 2.4046

