6 -0.0369361

7 -0.036584

8 -0.0120904

9 0.176885

10 0.0548426

11 0.0511942

12 -0.149672

13 -0.272235

14 -0.384401

15 -0.486576

16 -0.508144

17 -0.457947

18 -0.379331

19 -0.223944

20 -0.337207

21 -0.413854

22 -0.520036

23 -0.55789

24 -0.522804

25 -0.591541

26 -0.605648

27 -0.518671

28 -0.421471

29 -0.450519

30 -0.382032

31 -0.461541

32 -0.39242

33 -0.177717

34 -0.153423

35 -0.0710547

36 -0.127474

37 -0.259773

38 -0.20296

39 -0.234993

40 -0.27153

41 -0.246482

42 -0.290695

43 -0.253551

44 -0.253358

45 -0.281294

46 -0.148113

47 -0.126669

48 -0.167013

49 -0.200788

50 -0.278215

51 -0.330144

52 -0.334935

53 -0.381775

54 -0.443451

55 -0.359824

56 -0.345174

57 -0.786888

58 -0.601557

59 -0.440716

60 -0.485741

61 -0.510806

62 -0.450995

63 -0.381575

64 -0.367774

65 -0.39897

66 -0.60954

67 -0.892381

68 -0.92251

69 -0.933493

70 -0.915286

71 -0.949202

72 -0.887568

73 -0.925461

74 -0.905412

75 -0.964057

76 -1.01083

77 -1.107

78 -1.1744

79 -1.41252

80 -1.62602

81 -1.65558

82 -1.44398

83 -1.49313

84 -1.38714

85 -2.21947

86 -2.33001

87 -2.44267

88 -2.35359

89 -2.31435

90 -2.3555

91 -2.31885

92 -2.21735

93 -2.24274

94 -2.42899

95 -2.48355

96 -2.5132

97 -2.44301

98 -2.26658

99 -2.11552

100 -2.13683

101 -2.18002

102 -2.37617

103 -2.51471

104 -2.47182

