6 -0.0562426

7 -0.0709246

8 -0.112347

9 -0.134952

10 -0.108801

11 -0.140211

12 -0.19684

13 -0.153791

14 0.0661542

15 0.145381

16 0.188339

17 0.153548

18 0.153727

19 0.185709

20 0.237477

21 0.0909568

22 0.0249582

23 -0.21934

24 -0.197816

25 -0.236641

26 -0.327219

27 -0.347715

28 -0.351834

29 -0.387132

30 -0.394519

31 -0.375167

32 -0.27813

33 -0.193032

34 -0.204537

35 -0.229386

36 -0.250893

37 -0.282803

38 -0.332023

39 -0.221235

40 -0.0588658

41 0.0169559

42 0.111491

43 0.119619

44 0.0116202

45 -0.0121627

46 -0.169451

47 -0.143693

48 -0.301226

49 -0.29399

50 -0.195312

51 -0.21464

52 -0.0868207

53 -0.0684587

54 -0.140838

55 -0.170455

56 -0.292055

57 -0.170781

58 -0.149629

59 -0.216166

60 -0.200051

61 -0.225194

62 -0.224611

63 -0.220405

64 -0.237381

65 -0.262173

66 -0.172564

67 -0.338796

68 -1.25641

69 -1.26774

70 -1.36617

71 -1.51108

72 -1.45911

73 -1.64347

74 -1.64613

75 -1.73823

76 -1.7597

77 -1.7287

78 -1.75502

79 -1.72557

80 -1.63943

81 -1.63725

82 -1.43377

83 -1.48888

84 -1.72265

85 -1.93384

86 -1.80853

87 -1.63711

88 -1.36092

89 -1.27188

90 -1.23675

91 -1.28667

92 -1.31419

93 -1.3168

94 -1.25609

95 -1.25616

96 -1.27383

97 -1.29917

98 -1.26898

99 -1.16911

100 -1.3919

101 -1.36719

102 -2.02556

103 -2.1717

104 -1.95763

105 -1.90044

106 -1.84306

107 -1.90237

108 -1.84539

109 -1.76047

110 -1.91574

111 -1.8317

112 -1.90205

113 -1.91248

114 -1.94851

115 -1.93308

116 -1.95941

117 -1.93995

118 -1.91672

119 -1.88539

120 -1.7629

121 -1.65981

122 -1.65332

123 -1.69225

124 -1.72169

125 -1.71598

126 -1.65957

127 -2.41723

128 -2.49491

129 -2.5768

130 -2.59796

131 -2.57835

132 -2.51563

133 -2.37341

134 -2.31371

135 -2.35777

136 -2.52217

137 -2.40638

138 -2.29062

139 -2.33794

140 -2.17188

141 -2.26882

142 -2.52898

143 -2.65289

144 -2.95628

145 -3.03219

146 -3.2114

147 -3.15552

148 -3.06551

149 -3.05628

150 -3.12284

151 -3.13903

152 -3.0438

153 -3.16611

154 -3.30035

155 -3.28792

156 -3.17477

157 -3.12821

158 -3.10621

159 -3.15555

160 -3.26045

161 -3.19867

162 -3.09599

163 -3.03516

164 -2.97421

165 -2.89446

166 -2.93236

167 -3.06559

168 -4.40258

169 -4.45152

170 -4.48296

171 -4.54431

172 -4.54398

173 -4.61563

174 -4.88779

175 -4.71983

176 -4.6642

177 -4.61819

178 -4.82805

179 -4.69568

180 -4.88245

181 -5.01611

182 -5.41212

183 -5.42472

184 -5.27747

185 -5.27674

186 -5.09095

187 -5.01712

188 -5.00393

189 -4.98092

190 -4.96752

191 -5.05249

192 -5.04711

193 -5.01513

194 -5.01291

195 -4.9724

196 -4.84233

197 -5.06721

198 -5.65811

199 -5.75544

200 -5.59246

201 -5.67455

202 -5.75434

203 -5.84149

204 -5.93137

205 -5.93872

206 -5.90767

207 -5.84457

208 -5.9189

209 -5.88921

210 -6.02001

211 -6.05919

212 -6.07636

213 -6.0365

214 -6.0337

215 -6.10168

216 -6.14899

217 -6.23618

218 -6.61517

219 -6.74126

220 -6.82713

221 -6.86411

222 -6.70323

223 -6.57126

224 -6.4834

225 -6.53526

226 -6.5182

