6 0.00433391

7 -0.0165866

8 0.0220196

9 0.0265509

10 0.0136548

11 0.0451046

12 -0.0228666

13 0.0285474

14 -0.0856201

15 -0.062206

16 -0.0858897

17 -0.0624282

18 -0.135082

19 -0.012892

20 -0.000205946

21 -0.00414939

22 0.0118258

23 0.051721

24 0.0999342

25 0.180177

26 0.182481

27 0.217597

28 0.267149

29 0.326191

30 0.472651

31 0.018185

32 -0.161644

33 -0.0858632

34 0.0261257

35 -0.0601339

36 0.0641583

37 -0.00315882

38 -0.0477587

39 -0.0141913

40 0.0713138

41 -0.0922459

42 -0.0627761

43 -0.29995

44 -0.297346

45 -0.406058

46 -0.479054

47 -0.401331

48 -0.522481

49 -0.587824

50 -0.522186

51 -0.455138

52 -0.473639

53 -0.54779

54 -0.523059

55 -0.751666

56 -0.744704

57 -1.10675

58 -1.16473

59 -1.14511

60 -1.07655

61 -0.942706

62 -0.918166

63 -0.899848

64 -0.776952

65 -0.812261

66 -0.808788

67 -0.766329

68 -0.779214

69 -0.88372

70 -0.843615

71 -0.732596

72 -0.650254

73 -0.582042

74 -0.409021

75 -0.393805

76 -0.380459

77 -0.345496

78 -0.304708

79 -0.227983

80 -0.192951

81 -0.155824

82 -0.170061

83 -0.0880777

84 -0.0661949

85 -0.0763652

86 -0.0503473

87 -0.0312214

88 0.253783

89 0.280322

90 0.326945

91 0.269776

92 0.263203

93 -0.430913

94 -0.689826

95 -0.656803

96 -0.51136

97 -0.474013

98 -0.221926

99 0.0230565

100 0.0207203

101 0.0725818

102 0.121739

103 0.234737

104 0.029773

105 0.0481444

106 -0.777121

107 -1.08658

108 -1.18434

109 -1.0407

110 -0.833276

111 -0.693881

112 -0.00980422

113 0.0629146

114 0.0800308

115 0.0334498

116 0.0916812

117 -0.108433

118 -0.0565675

119 -1.36442

120 -1.45394

121 -1.88473

122 -1.4869

123 -1.10905

124 -0.863747

125 -0.772353

126 -0.569385

