6 -0.0609369

7 -0.0980939

8 -0.116843

9 -0.143196

10 -0.175575

11 -0.202514

12 -0.131502

13 -0.0813849

14 -0.0605606

15 -0.0967211

16 -0.0283644

17 -0.118754

18 -0.127277

19 0.0151682

20 0.111993

21 0.145319

22 0.127405

23 0.133157

24 0.159182

25 0.115992

26 0.0520764

27 -0.0206826

28 0.0110625

29 -0.0256405

30 -0.0890011

31 0.032486

32 0.155912

33 0.201008

34 0.188699

35 0.135874

36 0.188046

37 0.240941

38 0.273304

39 0.23611

40 0.196232

41 0.252333

42 0.352724

43 0.374157

44 0.224026

45 0.296284

46 0.201809

47 0.0772323

48 -0.128059

49 -0.132921

50 -0.781286

51 -0.824979

52 -0.721499

53 -0.816913

54 -1.26058

55 -1.28558

56 -1.23952

57 -1.18343

58 -1.06965

59 -1.1952

60 -1.1105

61 -1.6669

62 -1.717

63 -1.64116

64 -1.86873

65 -2.48459

66 -2.47445

67 -2.50507

68 -2.45213

69 -2.44054

70 -2.56414

71 -2.60571

72 -2.56919

73 -2.60225

