6 -0.0570677

7 -0.0637775

8 -0.0498904

9 -0.0640246

10 -0.0786008

11 -0.118544

12 -0.131209

13 -0.143552

14 -0.109067

15 -0.166645

16 -0.15707

17 -0.156073

18 -0.314275

19 -0.205579

20 0.114906

21 0.232342

22 0.282651

23 0.288409

24 0.361985

25 0.327076

26 0.500372

27 0.745248

28 0.646224

29 0.590616

30 0.26039

31 -0.742686

32 -0.894422

33 -0.93793

34 -0.820644

35 -0.968087

36 -0.779467

37 -0.443934

38 -0.17614

39 -0.208465

40 -0.0990851

41 -0.0542462

42 0.048887

43 0.1661

44 0.163843

