6 0.117267

7 0.184719

8 0.272558

9 0.272616

10 1.2586

11 1.36596

12 1.31883

13 1.43878

14 1.47896

15 1.50734

16 1.43753

17 1.41047

18 1.47182

19 1.48112

20 1.55758

21 1.62808

22 1.61594

23 1.64895

24 1.64373

25 1.68359

26 1.70948

27 1.69399

28 2.09349

29 2.09386

30 2.17125

31 2.07279

32 2.05754

33 2.05264

34 2.16081

35 2.29283

36 2.25074

37 2.23772

38 2.17853

39 2.11436

40 2.0298

41 2.04518

42 2.04304

43 2.08334

44 2.26971

45 2.13933

46 2.07414

47 2.06778

48 2.14507

49 2.03489

50 1.86513

51 1.6806

52 1.96668

53 2.38134

54 2.42707

55 2.28189

56 2.26431

57 2.27555

58 2.10079

59 2.15593

60 2.31594

61 2.17499

62 2.19161

63 2.08005

64 2.30081

65 2.5141

66 2.71855

67 2.22239

68 2.36015

69 2.72419

70 3.06856

71 3.73738

72 4.00543

73 4.11784

74 4.53341

75 4.78085

76 4.87178

77 4.87219

78 4.89302

79 4.90722

80 4.73224

81 4.28948

82 3.94728

83 4.14801

84 4.02697

85 4.22469

86 4.17371

87 3.95389

88 2.38858

89 1.90308

90 2.03094

91 1.97993

92 2.09843

93 2.16349

94 2.12152

95 2.29332

96 2.33699

97 2.06069

98 1.15024

99 1.1082

100 1.22397

101 1.19654

102 1.30329

103 1.35879

104 1.28719

105 1.27818

106 1.40973

107 1.56645

108 1.64184

109 1.62937

110 1.73145

111 1.64611

112 1.81654

113 1.727

114 1.77908

115 1.89082

116 1.92304

117 2.00631

