6 0.0144148

7 -0.202041

8 -0.194657

9 -0.409016

10 -0.398635

11 -0.480515

12 -0.533112

13 -0.538844

14 -0.507162

15 -0.454795

16 -0.485955

17 -0.482539

18 -0.516578

19 -0.52267

20 -0.538197

21 -0.527277

22 -0.545382

23 -0.537106

24 -0.563416

25 -0.553222

26 -0.54281

27 -0.594652

28 -0.589674

29 -1.0764

30 -1.07889

31 -1.34852

32 -1.24913

33 -1.08532

34 -1.1979

35 -1.2313

36 -1.30225

37 -1.2981

38 -1.24258

39 -1.21346

40 -1.17276

41 -1.09918

42 -0.95704

43 -1.02616

44 -1.0086

45 -0.98588

46 -0.967879

47 -0.983597

48 -0.966196

49 -0.897877

50 -0.894105

51 -0.897152

52 -0.874965

53 -0.884725

54 -0.667788

55 -0.628946

56 -0.678012

57 -0.622368

58 -0.685481

59 -0.774219

60 -0.737117

61 -0.675909

62 -0.77093

63 -1.27613

64 -1.20496

65 -1.23065

66 -1.08053

67 -1.04328

68 -1.02165

69 -1.17954

70 -1.20494

71 -1.2855

72 -1.52666

73 -1.76129

74 -1.62012

75 -1.51456

76 -1.38483

77 -1.43193

78 -1.36738

79 -1.52831

80 -1.55335

81 -1.64743

82 -1.64385

83 -1.68524

84 -1.61495

85 -1.72508

86 -1.78615

87 -1.79246

88 -1.76309

89 -1.72056

90 -1.77711

91 -1.88854

92 -1.87682

93 -1.91496

94 -1.88706

95 -1.86998

96 -1.95083

97 -1.99992

98 -1.97986

99 -2.47235

100 -2.52096

101 -2.46926

102 -2.39755

103 -2.33817

104 -2.42394

105 -2.31517

106 -2.35718

107 -2.72531

108 -2.37477

109 -2.34954

110 -2.33342

111 -2.48283

112 -2.81938

113 -3.09815

114 -2.77523

115 -2.44802

116 -2.42354

117 -2.36338

118 -2.3098

119 -2.37473

120 -2.45532

121 -2.4668

122 -2.44486

123 -2.43882

124 -2.45027

125 -2.48029

126 -2.53521

127 -2.59282

128 -2.63239

129 -2.56878

130 -2.6632

131 -2.67396

132 -2.65194

133 -2.79315

134 -2.70858

135 -2.70972

136 -2.85159

137 -2.90949

138 -2.78943

139 -2.72552

140 -2.79368

141 -2.63864

142 -2.62271

143 -2.59827

144 -2.60836

145 -2.59941

146 -2.58998

147 -2.54055

148 -2.61884

149 -2.52729

150 -2.8464

151 -2.99675

152 -3.06258

153 -3.27487

154 -3.33638

155 -3.39619

156 -3.35072

157 -3.34094

158 -3.33956

159 -3.30698

160 -3.32287

161 -3.36105

162 -3.29633

163 -3.31423

164 -3.40314

165 -3.59534

166 -3.52722

167 -3.55164

168 -3.76323

169 -3.82278

170 -4.08665

171 -4.03433

172 -4.1323

173 -3.9835

174 -4.03067

175 -3.98716

176 -4.11042

177 -4.38281

178 -4.32776

179 -4.2361

180 -4.25707

181 -4.19769

182 -4.38395

183 -4.40386

184 -4.47191

185 -4.50881

186 -4.58657

187 -4.82937

188 -4.91121

189 -4.84546

190 -4.82343

191 -4.7649

192 -4.71218

193 -4.78535

194 -4.74413

195 -4.72228

196 -3.87801

