6 -0.0528992

7 -0.0661163

8 -0.119375

9 -0.144903

10 -0.167066

11 -0.266626

12 -0.258589

13 -0.178973

14 -0.156679

15 -0.153219

16 -0.153749

17 -0.159

18 -0.120088

19 -0.108907

20 -0.32388

21 -0.313105

22 -0.286303

23 -0.308932

24 -0.313253

25 -0.314323

26 -0.306139

27 -0.198399

28 -0.0615654

29 -0.0545712

30 0.784733

31 0.656623

32 0.839767

33 1.06713

34 1.02276

35 0.934053

36 0.888925

37 0.822985

38 0.79575

39 1.29743

40 1.29929

41 1.17639

42 1.1587

43 1.13672

44 1.2127

45 1.27216

46 1.25656

47 1.15519

48 1.14881

49 1.15582

50 0.918905

51 0.849742

52 0.834093

53 0.840355

54 0.748629

55 0.266282

56 0.032887

57 -0.031567

58 0.0647943

59 0.317649

60 0.381056

61 0.486084

62 0.587315

63 0.68459

64 0.740374

65 0.732637

66 0.727769

67 0.715037

68 0.732489

69 0.717126

70 0.764485

71 0.604318

72 1.69141

73 1.89826

74 1.89807

75 1.85278

76 1.78718

77 1.80131

78 1.62947

79 1.74257

80 1.76532

81 1.85714

82 2.05314

83 2.26403

84 2.4498

85 2.36557

86 2.14006

87 2.04288

88 1.54463

89 1.52366

90 1.44276

91 1.41711

92 1.33236

93 1.58832

94 1.68345

95 1.74484

96 1.64201

97 1.54336

98 1.46656

99 0.528033

100 0.517062

101 0.475921

102 0.326265

103 0.446228

104 0.467842

105 0.495711

106 0.551025

107 0.751962

108 0.853239

109 1.03354

110 1.23667

111 1.14167

112 1.05813

113 1.20883

114 0.921991

115 0.873568

116 0.598349

