6 0.0180179

7 0.0623382

8 0.0856899

9 0.0901908

10 0.089578

11 0.029421

12 -0.000819734

13 0.0893147

14 0.0929768

15 -0.0780771

16 -0.0554629

17 0.0959302

18 0.152601

19 0.118065

20 0.052858

21 0.0995172

22 0.166651

23 0.146586

24 0.151144

25 0.168871

26 0.127046

27 0.16086

28 0.36946

29 -0.182175

30 -0.126898

31 -0.242206

32 -0.246166

33 -0.236842

34 -0.33817

35 -0.340288

36 -0.265437

37 -0.251435

38 -0.250869

39 -0.260507

40 -0.280157

41 -0.213289

42 -0.0272392

43 -0.0452639

44 -0.190052

45 -0.160567

46 0.0369741

47 0.0597604

48 0.0115851

49 0.0311976

50 -0.170069

51 -0.609088

52 -0.667555

53 -0.68895

54 -0.768983

55 -0.702043

56 -0.657442

57 -0.689808

58 -0.593897

59 -0.571179

60 -0.955475

61 -1.00718

62 -1.05455

63 -1.11545

64 -1.16315

65 -1.23656

66 -1.36822

67 -1.35872

68 -1.2163

69 -1.32849

70 -1.37671

71 -1.37606

72 -1.11534

73 -0.984724

74 -1.01143

75 -0.918622

76 -0.966806

77 -1.04712

78 -1.04869

79 -1.10708

80 -1.13534

81 -1.17614

82 -1.17473

83 -1.18105

84 -1.14348

85 -1.15383

86 -1.3758

87 -1.29512

88 -1.317

89 -1.30986

90 -1.29325

91 -1.24472

92 -1.22948

93 -1.17788

94 -1.24722

95 -1.3103

96 -1.2866

97 -1.15361

98 -1.18053

99 -1.19464

100 -1.13313

101 -1.0791

102 -1.04268

103 -1.06417

104 -1.10646

105 -1.15363

106 -1.203

107 -1.22984

108 -1.15447

109 -1.24126

110 -0.224445

111 -0.27098

112 -0.274654

113 -0.268343

114 -0.217855

115 -0.292619

116 -0.330326

117 -0.520311

118 -0.512949

119 -0.4036

120 -0.255663

121 -0.455907

122 -0.557574

123 -0.735612

124 -0.572017

