6 -0.00101772

7 -0.0126111

8 0.00268751

9 -0.042079

10 -0.085189

11 -0.0962209

12 -0.133903

13 -0.154222

14 -0.0722724

15 -0.108857

16 -0.0689446

17 -0.394245

18 -0.297611

19 -0.364231

20 -0.44203

21 -0.425884

22 -0.244318

23 -0.169801

24 -0.143022

25 -0.142216

26 -0.0738661

27 0.026759

28 0.0390666

29 0.20786

30 0.290454

31 0.357501

32 0.517271

33 0.714066

34 0.948799

35 1.00927

36 1.07675

37 1.07131

38 0.945633

39 0.949095

40 1.04264

41 1.14068

42 1.15486

43 1.19032

44 1.16577

45 1.23563

46 1.37749

47 1.32897

48 1.41856

49 1.54878

50 1.76365

51 1.75582

52 1.77802

53 1.90825

54 1.87372

55 2.03575

56 2.25352

57 2.29068

58 2.36687

59 2.35771

60 2.38814

61 2.40455

62 2.45184

63 2.523

64 2.5599

65 2.69252

66 2.72701

67 2.68919

68 2.68659

69 2.67725

70 2.69323

71 2.70243

72 2.72407

73 2.71638

74 2.68881

75 2.77315

76 2.5532

77 2.54655

78 2.32147

79 2.14754

80 2.26659

81 2.27333

82 2.31975

83 2.28332

84 2.30786

85 2.20305

86 1.80148

87 1.76506

88 1.72807

89 1.71832

90 1.6881

91 1.67647

92 1.76549

93 2.00887

94 1.97672

95 2.05122

96 2.15261

97 2.2626

98 2.23555

99 2.35581

100 2.22901

101 2.41968

102 2.87107

103 2.93878

104 2.93802

105 2.92229

106 2.89049

107 2.95205

108 2.62998

109 2.58926

110 2.71639

111 2.87435

112 2.76453

113 2.78487

114 3.18226

115 3.32096

116 3.49784

117 3.41932

118 3.51611

119 3.63217

120 3.52857

121 3.57148

122 3.68585

123 3.54804

124 3.84663

125 4.01221

126 4.06033

127 4.12076

128 4.29921

129 4.54767

130 4.74062

131 4.54851

132 4.32889

133 4.42378

134 4.39938

135 4.40525

136 4.32241

137 4.05893

138 3.79139

139 3.76317

140 3.70066

141 3.69984

142 3.80036

143 3.57311

