6 -0.00270259

7 -0.093014

8 -0.324437

9 -0.457017

10 -0.386398

11 -0.368587

12 -0.383348

13 -0.297035

14 -0.464942

15 -0.627747

16 -0.643551

17 -0.707267

18 -0.687157

19 -0.533694

20 -0.547164

21 -0.500604

22 -0.537339

23 -0.474264

24 -0.250237

25 -0.24686

26 -0.284259

27 -0.232541

28 -0.240362

29 -0.236589

30 -0.360766

31 -0.403791

32 -0.568035

33 -0.483573

34 -0.514268

35 -0.50824

36 -0.416406

37 -0.512429

38 -0.481287

39 -0.455636

40 -0.433205

41 -0.404963

42 -0.298088

43 -0.29966

44 -0.145984

45 -0.0970422

46 0.000170399

47 0.0380801

48 0.0789434

49 0.114381

50 0.0720301

51 0.0431121

52 0.0347192

53 0.168668

54 0.1237

55 -0.125191

56 -0.237906

57 -0.262385

58 -0.0598939

59 -0.0397229

60 0.068224

61 -0.0283713

62 0.0342645

63 -0.0347866

64 0.0668082

65 -0.0764865

66 0.28873

67 0.372037

68 0.515214

69 0.520411

70 0.451818

71 0.43419

72 0.165953

73 0.35257

74 0.320738

75 0.717914

76 0.881489

77 1.2282

78 1.29544

79 1.2631

80 1.11751

81 1.21441

82 1.25586

83 1.32887

84 1.439

85 1.49865

86 1.60611

87 1.56867

88 1.3901

89 1.43499

90 1.29751

91 1.22498

92 1.11222

93 1.30696

94 1.21308

95 1.64285

96 1.74187

97 1.72832

98 1.59649

99 1.50249

100 1.43708

101 1.3986

102 1.1226

103 1.09755

104 0.875073

105 0.934795

106 0.872113

107 0.620196

108 0.772671

109 1.08576

110 1.27299

111 1.53761

112 1.67585

113 1.76769

114 1.72991

115 1.62608

116 1.79596

117 1.25814

118 1.22844

119 1.20839

120 1.23754

121 1.19364

122 0.806276

123 0.809385

124 0.805188

125 0.880447

126 0.980106

127 1.07066

128 1.0866

129 0.889537

130 0.963315

131 1.05332

132 1.10641

133 1.09357

