6 -0.0655144

7 -0.103322

8 -0.18383

9 -0.166145

10 -0.161267

11 -0.420215

12 -0.376958

13 -0.228198

14 -0.198416

15 -0.218997

16 -0.226517

17 -0.157478

18 -0.244274

19 -0.0368633

20 0.574675

21 0.530256

22 0.717186

23 0.747558

24 0.821861

25 0.882323

26 0.840701

27 0.881681

28 0.981224

29 1.01661

30 1.02145

31 1.05517

32 0.981954

33 0.980883

34 1.04802

35 1.09945

36 1.05991

37 1.13046

38 1.21766

39 1.24316

40 0.780178

41 0.864098

42 0.656904

43 0.885615

44 1.43751

45 1.47138

46 1.53799

47 1.54718

48 1.59246

49 1.49844

50 1.47993

51 1.45255

52 1.61358

53 1.61059

54 1.52565

55 1.64869

56 2.03994

57 2.24872

58 2.7126

59 2.86756

60 2.89459

61 2.74794

62 2.87283

63 2.89096

64 2.8542

65 2.913

66 2.78261

67 2.75132

68 2.69796

69 2.80209

70 2.64094

71 2.97061

72 3.64078

73 3.76757

74 3.86103

75 3.91097

76 3.87493

77 3.88963

78 3.97073

79 3.9486

80 3.37227

81 3.47247

82 3.57391

83 3.54847

84 3.59634

85 3.73439

86 3.69387

87 3.59456

88 3.48652

89 3.42305

90 3.12601

91 3.04119

92 3.0499

93 2.99

94 4.10747

95 4.3201

96 4.37611

97 4.34933

98 4.45131

99 4.46132

100 4.49801

101 4.49806

102 4.4597

103 4.31178

104 4.25054

105 3.93472

106 3.78681

107 3.60703

108 3.63206

109 3.20421

110 3.2118

111 2.9792

112 2.94744

113 3.34915

114 3.45653

115 4.26977

116 4.4456

117 4.60353

118 4.60585

119 4.59005

120 4.89477

121 5.03476

122 5.15708

123 5.20649

124 5.16519

125 5.23728

126 4.92861

127 4.91912

128 4.16021

129 4.10801

130 3.9765

131 4.03435

132 4.27036

133 5.59622

134 5.7404

135 5.67456

136 5.53984

137 5.48685

138 5.38857

139 5.52648

140 5.55471

141 5.55261

142 5.54867

143 5.56335

144 5.52898

145 5.37738

146 5.62541

147 5.95948

148 6.24862

149 6.47285

150 5.69923

151 5.8115

152 5.83695

