6 -0.00430916

7 -0.0188203

8 -0.0681602

9 -0.0918003

10 -0.0685063

11 -0.0737908

12 -0.0789009

13 -0.110266

14 -0.133405

15 -0.15778

16 -0.176058

17 -0.172843

18 -0.165206

19 -0.320742

20 -1.15442

21 -1.12808

22 -1.17792

23 -1.14015

24 -1.01226

25 -0.923119

26 -0.934379

27 -0.894533

28 -0.970514

29 -0.965006

30 -0.960666

31 -0.925766

32 -0.839639

33 -0.769619

34 -0.844673

35 -0.702467

36 -0.710634

37 -0.632013

38 -0.596651

39 -0.557366

40 -0.568525

41 -0.530496

42 -0.393679

43 -0.343792

44 -0.692432

45 -1.76067

46 -1.76802

47 -1.7781

48 -1.82808

49 0.299738

50 0.404544

51 0.449577

52 0.563818

53 0.575807

54 0.930508

55 0.889352

56 0.894379

57 0.875514

58 1.17493

59 1.29686

60 1.32864

61 1.44424

62 1.36609

63 1.42015

64 1.42326

65 1.44553

66 1.41213

67 1.44411

68 1.61458

69 1.49849

70 1.40893

71 1.25

72 1.19258

73 1.19014

74 1.07365

75 1.02598

76 0.882185

77 0.852674

78 0.744214

79 0.57963

80 0.636497

