6 -0.0841267

7 -0.00593985

8 0.0406061

9 0.0591476

10 0.0200081

11 0.057183

12 0.0943007

13 0.0971746

14 0.0741967

15 0.062405

16 0.0618305

17 0.0300543

18 0.0355668

19 0.036067

20 0.0216723

21 0.000230371

22 0.0763701

23 -0.146162

24 -0.123538

25 -0.70053

26 -0.767198

27 -0.975494

28 -1.04212

29 -1.29811

30 -1.29329

31 -1.25226

32 -1.12204

33 -1.25269

34 -1.24958

35 -1.27724

36 -1.16311

37 -1.20696

38 -1.23331

39 -1.2103

40 -1.41203

41 -1.68522

42 -1.63874

43 -1.71429

44 -1.69585

45 -1.69935

46 -1.76089

47 -1.71774

48 -1.68488

49 -1.67068

50 -1.71432

51 -1.6865

52 -1.66447

53 -1.70507

54 -2.042

55 -2.06502

56 -2.05202

57 -2.04739

58 -2.05979

59 -2.10449

60 -2.10228

61 -2.1514

62 -2.19151

63 -2.20163

64 -2.12549

65 -2.00001

66 -2.1152

67 -2.19861

68 -2.52706

69 -2.62822

70 -2.98282

71 -3.04672

72 -2.89873

73 -2.99395

74 -3.01839

75 -4.64034

76 -4.62049

77 -4.68728

78 -4.72776

79 -2.13808

80 -2.10004

81 -2.08881

82 -2.16993

83 -2.03228

84 -1.94615

85 -1.93314

86 -1.9144

87 -1.88406

88 -1.74005

89 -1.93529

90 -1.98241

91 -2.20635

92 -2.23986

93 -2.32405

94 -2.29394

95 -2.07919

96 -2.04834

97 -2.07169

98 -2.23066

99 -2.43451

100 -2.35102

101 -2.36015

102 -2.38383

103 -2.39268

104 -2.49048

105 -2.48977

106 -2.5314

107 -2.59718

108 -2.52837

109 -2.49184

110 -2.41912

111 -2.38813

112 -2.35417

113 -2.37267

114 -2.3336

115 -2.33336

116 -2.34593

117 -2.35604

118 -2.36123

119 -2.27258

120 -2.32673

121 -2.32262

122 -2.34225

