6 0.0394381

7 0.0328462

8 0.0243791

9 0.0109164

10 -0.00834485

11 -0.00295416

12 -0.0202933

13 -0.0642062

14 -0.0906286

15 -0.162717

16 -0.0662049

17 0.206456

18 0.229857

19 0.207517

20 0.249462

21 0.746177

22 0.792053

23 0.89977

24 0.853938

25 0.937361

26 0.895955

27 0.93672

28 1.00956

29 1.06076

30 1.00613

31 1.15657

32 0.982555

33 -0.110778

34 -0.164729

35 -0.0694776

36 -0.18192

37 0.161193

38 0.140052

39 0.311227

40 0.455848

41 0.491143

42 -0.171114

43 -0.182116

44 -0.033803

45 -0.0350525

46 0.127673

47 0.215903

48 0.0811521

49 0.341969

50 0.72841

51 0.703053

52 0.713909

53 0.85387

54 0.964973

55 0.991752

56 0.934731

57 0.899964

58 0.989879

59 0.418526

60 0.272766

61 0.211527

62 0.169965

63 0.135331

64 0.0754342

65 0.0043494

66 -0.0733528

67 -0.0177206

68 0.00524832

69 -0.00346491

70 0.195581

71 0.175086

72 0.0255884

73 0.0485477

74 0.0849778

75 -0.0193303

76 0.280211

77 0.361167

78 0.749497

79 0.873581

80 0.932602

81 0.924195

82 0.922394

83 0.872672

84 0.878714

85 0.593095

86 0.547427

87 0.467066

88 0.399833

89 0.337893

90 0.265733

91 0.223671

92 0.191009

93 0.15216

94 -0.00997434

95 -0.18222

96 -0.247861

97 -0.315162

98 -0.196992

99 -0.10791

100 -0.173135

