6 0.0994486

7 0.0336388

8 0.0229241

9 0.0152837

10 0.0238826

11 0.0269449

12 0.014064

13 0.0288731

14 0.0244973

15 0.0562159

16 0.0988961

17 0.0496809

18 0.0672912

19 0.0497567

20 -0.0811727

21 0.00336278

22 0.0134892

23 0.0462352

24 0.127544

25 0.104512

26 0.128176

27 0.0620614

28 0.0372532

29 0.145345

30 0.244298

31 0.26187

32 0.417469

33 0.485502

34 0.527352

35 0.41081

36 0.492541

37 -0.0773475

38 -0.19551

39 -0.300466

40 -0.326144

41 -0.351429

42 -0.409122

43 -0.424711

44 -0.349019

45 -0.479215

46 -0.668458

47 -0.749151

48 -0.777178

49 -0.871539

50 -1.0577

51 -1.30567

52 -1.31551

53 -1.36296

54 -1.45183

