6 0.102173

7 0.152297

8 0.139262

9 0.147525

10 0.161401

11 0.222161

12 0.230863

13 0.236283

14 0.504645

15 0.442443

16 0.679199

17 0.504926

18 0.829065

19 1.18215

20 1.24931

21 1.24993

22 1.23992

23 1.29923

24 1.14351

25 1.09974

26 1.22952

27 1.01175

28 1.1967

29 1.11689

30 1.69034

31 1.87763

32 2.01478

33 2.06164

34 2.03426

35 2.04578

36 2.15254

37 1.78344

38 1.9197

39 1.98849

40 2.03637

41 2.43555

42 2.54965

43 2.45485

44 2.50685

45 2.51006

46 2.51764

47 2.49934

48 2.50368

49 2.48583

50 2.50003

51 2.46718

52 2.40089

53 2.43288

54 2.62242

55 2.62971

56 2.67121

57 2.69624

58 2.61964

59 2.84635

60 3.44143

61 3.37201

62 3.44916

63 3.47743

64 3.33755

65 3.43053

66 3.52681

67 3.57574

68 3.59713

69 3.62644

70 3.65632

71 3.55348

72 3.49405

73 3.6702

74 4.20239

75 4.28447

76 4.10499

77 4.32395

78 4.91009

79 4.99688

80 5.04636

81 5.03366

82 5.04148

83 5.09411

84 5.13457

85 5.1735

86 5.2239

87 5.44611

88 5.49574

89 5.48654

90 5.51307

91 5.54036

92 5.65255

93 5.62514

94 5.65533

95 5.8067

96 5.90828

97 5.95414

98 6.02636

99 5.93203

100 5.85376

101 5.96923

102 6.10921

103 6.29189

104 5.58176

105 5.75169

106 5.70035

107 5.53067

108 5.47571

109 5.57394

110 5.63618

111 5.57973

112 5.63435

113 5.54643

114 5.43638

115 5.50484

116 5.47899

117 6.05273

118 6.08427

119 6.06104

120 5.84097

121 5.75991

122 5.68833

