6 -0.00155925

7 -0.0320598

8 0.146011

9 0.100721

10 -0.102013

11 -0.256414

12 -0.259935

13 -0.212155

14 -0.139946

15 -0.140153

16 -0.0719269

17 0.0238137

18 0.0511434

19 0.0785822

20 0.481161

21 0.504616

22 0.527731

23 0.470401

24 0.493231

25 0.52838

26 0.576671

27 0.462632

28 0.177551

29 0.246387

30 0.290091

31 0.28344

32 0.322667

33 0.458528

34 0.339053

35 0.231479

36 0.187578

37 0.511381

38 0.639105

39 0.583773

40 0.459996

41 0.0898485

42 0.153024

43 0.176893

44 0.102428

45 0.174015

46 -0.0655546

47 -0.150484

48 -0.356259

49 -0.301723

50 -0.176118

51 -0.149726

52 -0.258932

53 -0.0676673

54 -0.0269951

55 -0.0215195

56 0.0390495

57 0.00228716

58 0.0409051

59 -0.0269917

60 0.0962352

61 0.0198249

62 0.130547

63 0.137152

64 0.210233

65 0.0975764

66 -0.451827

67 -0.496223

68 -0.494237

69 -0.519699

70 -0.507502

71 -0.5068

72 -0.369026

73 -0.125257

74 -0.106804

75 -0.193408

76 -0.28117

77 -0.108235

78 -0.29508

79 -0.423001

80 -0.576922

81 -0.841012

82 -0.859159

83 -0.991665

84 -0.978238

85 -1.09765

86 -1.06327

87 -1.14598

88 -1.2398

89 -1.04812

90 -0.98192

91 -0.912443

92 -0.898696

93 -0.871146

94 -0.894484

95 -1.05962

96 -1.26334

97 -1.22206

98 -1.13957

99 -1.38009

100 -1.35731

101 -1.28001

102 -1.3811

103 -1.50454

104 -1.49145

105 -1.38459

106 -1.29446

107 -1.31345

108 -1.37741

109 -1.90782

110 -1.9794

111 -2.04106

112 -2.06565

113 -2.03835

114 -2.02515

115 -2.03356

116 -2.14321

