6 0.00293261

7 0.00816347

8 0.0040968

9 0.00924885

10 0.00209536

11 -0.0310012

12 -0.0842108

13 0.0472817

14 0.128195

15 0.184743

16 0.183796

17 0.192378

18 0.168229

19 0.188794

20 0.282417

21 0.339625

22 0.346726

23 0.338669

24 0.337809

25 0.296949

26 0.410232

27 0.208654

28 0.184099

29 -0.260923

30 -0.372661

31 -0.464213

32 -0.477055

33 -0.560349

34 -0.586743

35 -0.594676

36 -0.57702

37 -0.634756

38 -0.611334

39 -0.737942

40 -0.775243

41 -0.706498

42 -0.817749

43 -0.925534

44 -1.0708

45 -1.06998

46 -1.19218

47 -1.19392

48 -1.11132

49 -1.02326

50 -1.06323

51 -1.08129

52 -1.03976

53 -0.966885

54 -1.01723

55 -0.966918

56 -0.749758

57 -0.726096

58 -0.571657

59 -0.538934

60 -0.462574

61 -0.516298

62 -0.622277

63 -0.547674

64 -0.39349

65 -0.172404

66 -0.140586

67 -0.135325

68 -0.103989

69 -0.154365

70 -0.154751

71 -0.276078

72 -0.229526

73 -0.0958832

74 -0.0647097

75 -0.101322

76 -0.103682

77 -0.22505

78 -0.16397

79 0.0518869

80 0.120544

81 0.283413

82 0.267714

83 0.332089

84 0.34669

85 0.36944

86 0.417197

87 0.426855

88 0.443834

89 0.418837

90 0.44046

91 0.477543

92 0.223102

93 0.0930646

94 0.0512156

95 0.0479581

96 0.00469146

97 0.0419372

98 -0.179833

99 -0.0521836

100 -0.0165992

101 0.020011

102 -0.204813

103 -0.39325

104 -0.532935

105 -0.673322

106 -0.623363

107 -0.842917

108 -0.785428

109 -0.677628

110 -0.740396

111 -0.728522

112 -0.587235

113 -0.540563

114 -0.610919

115 -0.518074

116 -0.440448

117 -0.681368

118 -0.824191

119 -1.50408

120 -1.65021

121 -1.6

122 -1.71405

123 -1.76432

124 -1.76412

125 -1.86436

126 -1.72571

127 -1.81038

128 -1.74262

129 -1.73504

130 -1.79187

131 -1.80858

132 -1.85004

133 -1.77851

134 -1.87869

135 -1.79194

136 -1.6871

137 -1.59961

138 -1.41242

139 -1.43555

140 -1.23815

141 -1.14002

142 -0.998963

143 -1.06895

144 -1.02289

145 -1.00008

146 -1.08212

147 -1.12244

148 -1.34504

149 -1.28498

150 -1.08296

151 -1.03765

152 -0.864469

153 -0.913049

154 -0.815594

155 -0.833524

156 -0.817244

157 -0.77965

158 -0.665343

159 -0.865214

160 -0.873256

161 -1.2339

162 -0.95081

163 -0.867592

164 -0.80258

165 -0.855885

166 -0.857128

167 -0.893639

168 -1.00629

169 -1.01509

170 -1.13488

171 -1.19567

172 -1.10725

