6 -0.0209101

7 -0.055695

8 -0.0868802

9 -0.0889651

10 -0.0899214

11 -0.0878354

12 -0.150731

13 -0.169071

14 -0.0812164

15 -0.0343483

16 -0.315389

17 -0.294686

18 -0.144746

19 -0.0822684

20 -0.10586

21 -0.191048

22 -0.146588

23 -0.0760854

24 -0.104903

25 -0.129277

26 -0.117342

27 -0.0870781

28 -0.0952434

29 -0.114416

30 0.0221545

31 -0.0470333

32 -0.571902

33 -0.548857

34 -0.672391

35 -0.57337

36 -0.501597

37 -0.460112

38 -0.625094

39 -0.607874

40 -0.576832

41 -0.579791

42 -0.582999

43 -0.668695

44 -0.509021

45 -0.47543

46 -0.533528

47 -0.464996

48 -0.206365

49 -0.17797

50 -0.230836

51 -0.205494

52 -0.397224

53 -0.864479

54 -0.931507

55 -0.983845

56 -1.10671

57 -1.03411

58 -0.995218

59 -1.04713

60 -0.960436

61 -0.957554

62 -1.26507

63 -1.28294

64 -1.34434

65 -1.41724

66 -1.5225

67 -1.58326

68 -1.61126

69 -1.65737

70 -1.68488

71 -1.55639

72 -1.33856

73 -1.40807

74 -1.26215

75 -1.40132

76 -1.48954

77 -1.6616

78 -1.67088

79 -1.50073

80 -1.66924

81 -1.86158

82 -1.6343

83 -1.37742

84 -1.23801

85 -1.25836

86 -1.20577

87 -1.24193

88 -1.30445

89 -1.30717

90 -1.33705

91 -1.38326

92 -1.38633

93 -1.38597

94 -1.39185

95 -1.37038

96 -1.38154

97 -1.24415

98 -1.07191

99 -1.06425

100 -1.08617

101 -1.14656

102 -1.10364

103 -1.11131

104 -1.08581

105 -1.13693

106 -1.21699

107 -1.19959

108 -1.09912

109 -1.12256

110 -1.13395

111 -1.09958

112 -1.03833

113 -0.991904

114 -0.960989

115 -1.04208

116 -1.10219

117 -1.12877

118 -1.2255

119 -1.31676

120 -1.37532

121 -1.1328

122 -1.24099

123 -1.21926

124 -2.13386

125 -2.1407

126 -2.15554

127 -2.20616

128 -2.19761

129 -1.98287

130 -1.92421

131 -1.94596

132 -1.79934

133 -1.67773

134 -1.67549

135 -1.70448

136 -1.90758

137 -1.94516

138 -1.8788

139 -1.75443

140 -1.89385

141 -1.93963

142 -2.10268

