6 -0.0228812

7 -0.059935

8 -0.100275

9 -0.11074

10 -0.113167

11 -0.113139

12 -0.174569

13 -0.210553

14 -0.136984

15 -0.146575

16 -0.368751

17 -0.32689

18 -0.19376

19 -0.12635

20 -0.154971

21 -0.218756

22 -0.151513

23 -0.0748695

24 -0.0916647

25 -0.0941053

26 -0.0790625

27 -0.0735689

28 -0.118894

29 -0.175912

30 -0.137588

31 -0.156376

32 -0.388587

33 -0.633532

34 -0.728106

35 -0.617189

36 -0.521237

37 -0.439269

38 -0.566198

39 -0.513018

40 -0.533589

41 -0.54032

42 -0.631464

43 -0.490418

44 -0.480108

45 -0.553709

46 -0.437804

47 -0.163766

48 -0.113332

49 -0.181533

50 -0.169162

51 -0.393805

52 -0.888738

53 -0.910897

54 -0.915051

55 -1.02064

56 -0.938092

57 -0.888228

58 -0.949431

59 -0.838695

60 -0.842525

61 -1.08317

62 -1.23337

63 -1.30464

64 -1.30686

65 -1.35393

66 -1.27262

67 -1.11616

68 -1.13763

69 -1.28786

70 -1.2826

71 -1.1912

72 -1.23921

73 -1.08921

74 -1.24737

75 -1.43859

76 -1.26092

77 -1.00239

78 -0.870207

79 -0.895856

80 -0.814887

81 -0.849575

82 -0.918581

83 -0.925994

84 -0.983456

85 -1.02118

86 -1.05833

87 -1.05329

88 -1.05648

89 -1.08737

90 -1.11699

91 -1.17329

92 -1.08007

93 -1.03555

94 -1.016

95 -1.07036

96 -1.36559

97 -1.25064

98 -1.28413

99 -1.29053

100 -1.2957

101 -1.25305

102 -1.27267

103 -1.22531

104 -1.30589

105 -1.36601

106 -1.34196

107 -1.18783

108 -1.17304

109 -1.17232

110 -1.06811

111 -0.98232

112 -0.949325

113 -0.971027

114 -1.02158

115 -1.07289

116 -1.13407

117 -1.17186

118 -1.08346

119 -1.18494

120 -0.174344

121 -0.316797

122 -0.319997

123 -0.255795

124 -0.168626

125 -0.121174

126 -0.00463187

127 0.117086

128 0.0926989

129 0.0975057

130 -0.0591143

131 -0.0801046

132 0.0628916

133 0.188531

134 0.0277295

135 -0.151462

136 -0.328737

137 -0.159898

138 -0.143721

139 -0.0372435

140 -0.0236374

141 -0.00897235

142 0.0258819

