6 0.0167088

7 0.00695555

8 -0.0586748

9 -0.0217328

10 0.230359

11 -0.33193

12 -0.267275

13 -0.373465

14 -0.333801

15 -0.313184

16 -0.263023

17 -0.256889

18 -0.366404

19 -0.270563

20 -0.323481

21 -0.190678

22 -0.191699

23 -0.250061

24 -0.251667

25 -0.164005

26 0.0911897

27 0.138624

28 0.115627

29 -0.015546

30 -0.25857

31 -0.565259

32 -0.62965

33 -0.663958

34 -0.702138

35 -0.750249

36 -0.755669

37 -0.781253

38 -0.81182

39 -0.578175

40 -0.312267

41 -0.262078

42 -0.154306

43 0.210751

44 0.232606

45 0.233549

46 0.216592

47 0.29296

48 0.0707927

49 0.0738501

50 -0.471699

51 -0.353304

52 -0.450403

53 -0.494005

54 -0.499168

55 -0.580261

56 -0.540324

57 -0.569518

58 -0.473011

59 -0.480297

60 -0.562749

61 -0.484226

62 -0.409411

63 -0.425948

64 -0.360612

65 -0.329935

66 -0.339909

67 -0.38373

68 -0.389601

69 -0.308038

70 -0.288189

71 -0.146676

72 -0.156985

73 -0.187531

74 -0.33661

75 -0.444723

76 -0.497377

77 -0.563412

78 -0.498619

79 -0.298805

80 -0.177826

81 -0.194963

82 -0.125647

83 -0.174566

84 -0.0985165

85 -0.0408311

86 -0.159577

87 -0.333046

88 -0.513467

