6 -0.0547955

7 -0.123334

8 -0.144757

9 -0.159034

10 -0.161637

11 -0.19581

12 -0.137122

13 -0.0879534

14 -0.0551958

15 -0.0858587

16 -0.0577053

17 0.145415

18 0.228817

19 0.242121

20 0.370191

21 0.878111

22 0.907135

23 0.984403

24 1.10133

25 1.18347

26 1.12021

27 1.14091

28 1.11578

29 1.11951

30 1.13798

31 1.27122

32 1.41053

33 1.27363

34 1.09274

35 1.05533

36 1.22097

37 1.32921

38 1.63865

39 1.7758

40 2.13417

41 2.10056

42 2.05941

43 2.06556

44 2.03997

45 2.12818

46 2.40906

47 2.53009

48 2.3198

49 1.66183

50 1.59463

51 1.49789

52 1.36303

53 1.37309

54 1.36082

55 1.35236

56 1.32248

57 1.28502

58 1.25732

59 1.3081

60 1.15445

61 1.18408

62 1.09003

63 1.03911

64 0.980193

65 0.80392

66 0.786417

67 0.815277

68 0.720549

69 0.653985

70 0.642014

71 0.74275

72 0.700612

73 0.64115

74 0.570479

75 0.547413

76 0.472993

77 0.360299

78 0.20922

79 0.172024

80 0.153834

81 0.152552

82 0.0748705

83 0.0803448

84 0.0180874

85 0.0894527

86 0.193585

87 0.70207

88 0.787952

89 0.994154

90 1.08759

91 0.99349

92 1.04215

93 1.0472

94 1.05566

95 1.12277

96 1.17373

97 1.12203

98 1.27363

99 1.39519

100 1.60848

101 1.90162

102 1.69492

103 1.59933

104 1.52384

105 1.39222

106 1.35634

107 1.28872

108 1.33352

109 1.48906

110 1.61653

111 1.45682

112 0.54064

113 0.512676

114 0.479719

115 0.479937

116 0.432024

117 0.503952

118 0.402438

119 0.477568

120 0.148153

121 -0.313111

122 -0.308811

123 -0.398392

124 -0.427408

125 -0.451035

126 -0.663145

127 -0.584153

