6 -0.144052

7 -0.142005

8 -0.0791989

9 0.0177974

10 0.0791292

11 0.123261

12 0.207114

13 0.205267

14 0.0691437

15 0.1785

16 0.183579

17 0.171551

18 0.212492

19 0.16559

20 0.166296

21 0.121542

22 0.249011

23 0.447656

24 0.422202

25 0.38793

26 0.306457

27 0.728327

28 0.718715

29 0.664921

30 0.751537

31 0.737725

32 0.672445

33 0.690123

34 0.568065

35 0.413217

36 0.318103

37 0.352776

38 0.452789

39 0.411087

40 -0.302375

41 -0.296813

42 -0.294515

43 -0.297428

44 -0.267917

45 -0.443143

46 -0.762243

47 -0.789605

48 -0.780129

49 -0.668134

50 -0.686761

51 -0.860516

52 -0.882779

53 -0.905181

54 -0.957001

55 -0.958347

56 -0.901115

57 -0.86008

58 -0.970148

59 -0.812525

60 -0.557217

61 -0.447177

62 -0.48698

63 -0.407066

64 -0.507007

65 -0.643013

66 -0.564511

67 -0.58561

68 -0.688343

69 -0.749569

70 -0.713968

71 -0.469885

72 -0.380024

73 -0.345519

74 -0.33001

75 -0.271025

76 -0.229122

77 -0.135022

