6 0.0318805

7 0.0193308

8 -0.0191968

9 0.0421999

10 0.129804

11 0.173317

12 0.163434

13 0.214369

14 0.209822

15 0.333779

16 0.391896

17 0.424091

18 1.06392

19 1.16942

20 1.20263

21 1.23504

22 1.17521

23 1.17127

24 1.16684

25 1.19585

26 1.21669

27 1.2006

28 1.10234

29 1.03809

30 1.00701

31 0.976777

32 1.01497

33 0.994399

34 0.748932

35 0.736375

36 0.754564

37 0.693999

38 0.713938

39 0.710761

40 0.435584

41 0.400968

42 0.521499

43 0.408118

44 0.572895

45 0.480441

46 0.577685

47 0.496216

48 0.568504

49 0.485089

50 0.486253

51 0.2506

52 0.348123

53 0.448624

54 0.483708

55 0.641221

56 0.632694

57 0.56335

58 0.590855

59 0.40792

60 0.510805

61 0.416044

62 0.271925

63 0.25735

64 0.337848

65 0.26703

66 0.303136

67 0.365499

68 0.288018

69 0.309022

70 0.387938

71 0.224104

72 0.218121

73 0.250735

74 0.305898

75 0.337438

76 0.168041

77 0.137313

78 -0.00729135

79 -0.0137582

80 0.11356

81 0.499905

82 0.569401

83 0.709233

84 0.699207

85 0.829999

86 0.958256

87 1.1354

88 1.27466

89 0.97336

90 0.620588

91 0.358986

92 0.260737

93 0.158017

94 0.258104

95 0.450601

96 0.45618

97 0.452233

98 0.284638

99 0.194985

100 0.240948

101 -0.327899

102 -0.345031

103 -0.22767

104 -0.176558

105 -0.18641

106 -0.229204

107 -0.286423

108 -0.320666

109 -0.345643

110 -0.383038

111 -0.39002

112 -0.390233

113 -0.43735

114 -0.523121

115 -0.531036

116 -0.536463

117 -0.510357

118 -0.480333

