6 -0.0656765

7 -0.088309

8 -0.0948688

9 -0.116072

10 -0.103056

11 0.150874

12 0.165162

13 0.190633

14 0.345095

15 0.180478

16 -0.161094

17 -0.050008

18 -0.0375523

19 0.0725157

20 0.0739473

21 -0.263616

22 -0.277336

23 -0.460672

24 -0.432183

25 -0.753637

26 -0.765555

27 -0.785363

28 -0.785483

29 -0.833123

30 -0.812952

31 -0.886291

32 -0.824199

33 -0.865982

34 -0.743128

35 -0.41963

36 -0.35694

37 -0.288716

38 -0.266074

39 -0.255317

40 -0.237758

41 -0.427293

42 -0.970781

43 -1.16451

44 -1.33274

45 -1.3735

46 -1.19535

47 -1.26622

48 -1.43562

49 -1.50852

50 -1.60591

51 -1.67377

52 -1.67435

53 -1.78715

54 -2.23431

55 -2.28811

56 -2.37491

57 -2.38926

58 -2.41534

59 -2.4051

60 -2.31002

61 -2.1498

62 -2.09041

63 -2.03388

64 -1.97369

