6 -0.043745

7 -0.0389365

8 -0.102175

9 -0.158039

10 -0.167668

11 -0.202615

12 -0.351261

13 -0.395921

14 -0.382858

15 -0.371739

16 -0.412934

17 -0.439107

18 -0.447742

19 -0.449212

20 -0.441558

21 -0.502928

22 -0.531594

23 -0.582935

24 -0.607658

25 -0.568576

26 -0.417157

27 -0.304923

28 -0.270499

29 -0.328534

30 -0.294869

31 -0.283775

32 -0.422186

33 -0.470874

34 -0.676881

35 -0.798259

36 -1.48409

37 -1.42784

38 -1.42167

39 -1.45446

40 -1.44599

41 -1.52922

42 -1.5464

43 -1.48625

44 -1.41326

45 -1.44414

46 -1.4084

47 -1.11406

48 -1.10024

49 -1.00222

50 -1.03925

51 -0.899129

52 -0.980898

53 -0.973781

54 -1.04693

55 -0.973437

56 -0.833799

57 -0.705834

58 -0.822142

59 -0.834061

60 -1.08623

61 -1.05377

62 -0.922736

63 -0.84119

64 -0.843807

65 -0.963645

66 -0.942507

67 -0.996526

68 -0.931933

69 -0.994823

70 -0.960983

71 -1.00256

72 -0.976154

73 -0.942132

74 -0.921107

75 -0.908636

76 -0.849284

77 -0.757456

78 -0.741638

79 -0.60624

80 -0.444388

81 -0.429101

82 -0.385201

83 -0.457953

84 -0.486078

85 -0.516348

86 -1.09341

87 -1.17046

88 -1.12625

89 -1.0227

90 -0.856391

91 -0.922618

92 -1.11959

93 -1.27172

94 -1.74734

95 -1.87014

96 -1.99322

97 -2.0359

98 -2.07312

99 -2.13915

100 -2.06627

101 -2.02833

102 -1.89963

103 -1.75498

104 -1.71043

