6 -0.0473592

7 -0.0477034

8 -0.0717046

9 -0.272155

10 -0.327391

11 -0.549361

12 -0.608529

13 -0.555658

14 -0.613313

15 -0.631038

16 -0.605253

17 -0.527784

18 -0.531822

19 -0.443778

20 -0.317813

21 -0.341417

22 -0.433511

23 -0.46464

24 -0.484043

25 -0.554127

26 -0.864757

27 -0.86034

28 -0.852322

29 -0.636905

30 -0.504487

31 -0.151252

32 -0.0502348

33 -0.0817161

34 -0.0144767

35 -0.0322112

36 0.00122101

37 -0.104265

38 0.0381068

39 -0.246006

40 -0.296057

41 -0.171192

42 -0.235191

43 -0.0152536

44 -0.0807652

45 0.388071

46 0.487144

47 0.520848

48 0.497804

49 0.603622

50 0.608488

51 0.605339

52 0.384171

53 0.265047

54 0.270139

55 0.197731

56 0.527636

57 0.68952

58 1.09062

59 1.31092

60 1.40357

61 1.48724

62 1.43736

63 1.5129

64 1.44001

65 1.25597

66 1.39669

67 1.43282

68 0.96405

69 1.20492

70 2.40134

71 2.40523

72 2.42442

73 2.28828

74 1.43341

75 1.48265

76 1.4644

77 1.34934

78 1.16062

79 1.09823

80 1.02991

81 1.01329

82 0.379876

83 0.348913

84 0.278276

85 0.574322

86 0.823523

87 1.6152

88 1.67628

89 1.71155

90 1.85951

91 1.93579

92 1.86296

93 1.92475

94 1.80923

95 1.86549

96 1.80489

97 1.54398

98 1.45256

99 0.945326

100 0.875659

101 0.979882

102 0.833178

103 1.10606

104 1.17022

105 1.8222

106 1.82709

107 1.64611

108 2.15972

109 2.37765

110 2.47076

111 2.5019

112 1.982

113 1.80618

114 1.76852

115 1.68973

116 1.89554

117 2.15623

118 3.04809

119 3.44656

120 3.45405

121 3.74881

122 3.50642

123 3.55734

124 3.33773

125 3.40849

126 3.67233

127 3.73152

128 3.37486

129 3.30591

130 3.38087

131 3.25362

132 3.55213

133 3.62577

134 3.9227

135 3.97707

136 4.12265

137 4.19928

138 4.31573

139 4.45398

140 4.49385

141 4.47211

142 4.52339

143 4.62021

144 4.57547

145 4.63105

146 4.68512

147 4.62377

