6 0.0104751

7 0.0531932

8 0.071915

9 0.0833582

10 0.0237087

11 0.000182818

12 0.0649512

13 0.0715321

14 -0.119262

15 -0.17449

16 -0.0462917

17 0.0142107

18 0.00143028

19 0.0267426

20 0.0658164

21 0.145065

22 0.211921

23 0.250935

24 0.26505

25 0.28585

26 0.246719

27 0.181022

28 0.249094

29 0.21678

30 -0.0987837

31 -0.318626

32 -0.435119

33 -0.280065

34 -0.198661

35 -0.132185

36 -0.248199

37 -0.209188

38 -0.222515

39 -0.243054

40 -0.260994

41 -0.28398

42 -0.201327

43 -0.0107829

44 0.0423625

45 -0.0136732

46 0.0532866

47 0.306833

48 0.317866

49 0.363309

50 0.388442

51 0.453493

52 0.287434

53 -0.21471

54 -0.257173

55 -0.262229

56 -0.355848

57 -0.279151

58 -0.231925

59 -0.281151

60 -0.181621

61 -0.161421

62 -0.460148

63 -0.525978

64 -0.628033

65 -0.635571

66 -0.659145

67 -0.664092

68 -0.649475

69 -0.534413

70 -0.52271

71 -0.568496

72 -0.649221

73 -0.663528

74 -0.592829

75 -0.575237

76 -0.76225

77 -0.826452

78 -0.759986

79 -0.768889

80 -0.63734

81 -0.767078

82 -0.849247

83 -0.594181

