6 0.0176891

7 0.0581618

8 0.0706334

9 0.0716242

10 -0.00302715

11 -0.0216766

12 0.0445716

13 0.0494536

14 -0.0936271

15 -0.047485

16 0.111844

17 0.171843

18 0.148629

19 0.17928

20 0.20965

21 0.343982

22 0.429405

23 0.434327

24 0.417801

25 0.432322

26 0.448091

27 0.40293

28 0.354595

29 0.440224

30 0.471535

31 0.196959

32 -0.103541

33 -0.0267213

34 -0.104972

35 -0.0681431

36 -0.0192423

37 -0.156405

38 -0.140293

39 -0.113858

40 -0.117044

41 -0.138614

42 -0.173665

43 -0.108345

44 0.0956808

45 0.143372

46 0.0895421

47 0.179454

48 0.433446

49 0.456875

50 0.401216

51 0.437677

52 0.244343

53 -0.217317

54 -0.26592

55 -0.280833

56 -0.366867

57 -0.300856

58 -0.256638

59 -0.282181

60 -0.189228

61 -0.171353

62 -0.38166

63 -0.457113

64 -0.659081

65 -0.685137

66 -0.681035

67 -0.609067

68 -0.701029

69 -0.677151

70 -0.788648

71 -0.779899

72 -0.648531

73 -0.627703

74 -0.535254

75 -0.631036

76 -0.570968

77 -0.426215

78 -0.287767

79 -0.476386

80 -0.494288

81 -0.147714

82 -0.0394741

