6 0.0382252

7 0.0303646

8 -0.0422979

9 -0.063277

10 -0.187558

11 -0.167874

12 -0.0513042

13 -0.0186966

14 0.0140355

15 0.203762

16 0.277341

17 0.195729

18 0.491316

19 1.06572

20 1.07922

21 1.0888

22 1.08921

23 1.11834

24 1.09086

25 1.16597

26 0.803779

27 0.918918

28 0.830122

29 0.903628

30 1.26526

31 1.65158

32 1.80228

33 1.91993

34 1.89867

35 1.94087

36 2.12432

37 2.14022

38 2.04704

39 2.16158

40 2.13703

41 2.19097

42 2.19188

43 1.1657

44 1.08445

45 1.22769

46 1.23068

47 1.50112

48 1.86408

49 1.86869

50 1.8341

51 1.73336

52 1.77696

53 1.75386

54 1.82476

55 1.96399

56 2.10915

57 2.17756

58 2.24507

59 2.28003

60 2.25191

61 2.21285

62 2.46398

63 2.53834

64 2.88941

65 3.09564

66 3.33823

