6 -0.00683091

7 -0.0679388

8 -0.11014

9 -0.119768

10 -0.116971

11 -0.114135

12 -0.120687

13 -0.16976

14 -0.20104

15 -0.13852

16 -0.10767

17 -0.0954672

18 -0.190764

19 -0.167862

20 -0.127111

21 -0.111027

22 -0.102815

23 -0.159843

24 -0.0760881

25 -0.0221079

26 -0.0395422

27 -0.0468032

28 -0.027248

29 -0.0286424

30 -0.0312391

31 -0.0296536

32 0.00174463

33 -0.154503

34 -0.181248

35 -0.225786

36 -0.484831

37 -0.693861

38 -0.668642

39 -0.645901

40 -0.593505

41 -0.550153

42 -0.457311

43 -0.50182

44 -0.437129

45 -0.467495

46 -0.486799

47 -0.503306

48 -0.499313

49 -0.427124

50 -0.431322

51 -0.412992

52 -0.419064

53 -0.312735

54 0.135735

55 0.155288

56 0.0310266

57 -0.0257855

58 -0.643424

59 -0.646735

60 -0.67206

61 -0.813814

62 -0.713468

63 -0.673391

64 -0.748842

65 -0.667885

66 -0.686507

67 -0.945606

68 -0.98449

69 -0.96646

70 -1.07486

71 -1.26146

72 -1.354

73 -1.23082

74 -1.32636

75 -1.57191

76 -1.26901

77 -1.10289

78 -0.964285

