6 -0.132532

7 -0.372882

8 -0.395976

9 -0.364708

10 -0.402481

11 -0.47383

12 -0.564663

13 -0.56549

14 -0.60177

15 -0.603968

16 -0.515073

17 -0.659834

18 -0.630352

19 0.1838

20 0.15984

21 0.200119

22 0.3645

23 0.312082

24 0.307894

25 0.279731

26 0.213581

27 -0.0594261

28 -0.0848472

29 -0.103577

30 -0.196382

31 -0.319097

32 -0.271081

33 -0.277592

34 -0.225846

35 -0.178021

36 -0.220762

37 -0.327983

38 -0.147846

39 -0.151998

40 -0.0377409

41 -0.0303583

42 -0.0418391

43 0.0988302

44 0.1192

45 0.133801

46 0.15479

47 0.110555

48 0.0826675

49 0.0600027

50 0.0679634

51 0.0466118

52 0.00969853

53 -0.00798634

54 0.089833

55 -0.100987

56 -0.155185

57 -0.417124

58 -0.391481

59 -0.41913

60 -1.25446

61 -1.31632

62 -1.27641

63 -1.22106

64 -1.40563

65 -1.45083

66 -1.47768

67 -1.50394

68 -1.49495

69 -1.54877

70 -1.56641

71 -1.57711

72 -1.51253

73 -1.56243

74 -1.54484

75 -1.39246

76 -1.24258

77 -1.1816

78 -1.19229

79 -1.26369

80 -1.41476

81 -1.50854

82 -1.67665

83 -1.687

84 -1.9027

85 -2.54094

86 -2.83281

87 -2.92773

88 -2.91953

89 -2.91753

90 -2.93108

91 -2.86298

92 -2.8979

93 -2.86591

94 -2.90438

95 -2.88306

96 -2.84316

97 -2.93227

