6 0.0119284

7 0.0354406

8 0.11278

9 0.113471

10 0.108056

11 -0.0188372

12 -0.641913

13 -0.808312

14 -0.780133

15 -0.708681

16 -0.589763

17 -0.709252

18 -0.685948

19 -0.659432

20 -0.560402

21 -0.564998

22 -0.57312

23 -0.632017

24 -0.622566

25 -0.586631

26 -0.598341

27 -0.809192

28 -0.737893

29 -0.625516

30 -0.766872

31 -0.532471

32 -0.716662

33 -0.687978

34 -0.753506

35 -0.680281

36 -0.417702

37 -0.276813

38 -0.261348

39 -0.214831

40 -0.215787

41 -0.287711

42 -0.311256

43 -0.187492

44 -0.206272

45 -0.284326

46 -0.231085

47 -0.315719

48 -0.275406

49 -0.311917

50 -0.322531

51 -0.182707

52 -0.235815

53 -0.389398

54 -0.413006

55 -0.411553

56 -0.320189

57 -0.435013

58 -0.313371

59 -0.511131

60 -0.556484

61 -0.597069

62 -0.625974

63 -1.03784

64 -1.06334

65 -0.921833

66 -0.964388

67 -0.973749

68 -1.06362

69 -1.03022

70 -0.965614

71 -0.838057

72 -0.651746

73 -0.555305

74 -0.474343

75 -0.525389

76 -0.449528

77 -0.507387

78 -0.558129

79 -0.582554

80 -0.646173

81 -0.642602

82 -0.675215

83 -0.788595

84 -0.846223

85 -0.925414

86 -0.921917

87 -0.94811

88 -0.766872

89 -0.711454

90 -1.55058

91 -1.69112

92 -1.69716

93 -1.6406

94 -1.71105

95 -1.58982

96 -1.8072

97 -1.94392

98 -1.89678

99 -2.09417

100 -2.10983

101 -2.0814

102 -2.13729

103 -2.12616

104 -2.06832

105 -2.03481

106 -1.98297

107 -1.95297

108 -2.0212

109 -2.0923

110 -2.03176

111 -1.99455

112 -2.15329

113 -2.31261

114 -2.52896

115 -2.49492

116 -2.96328

