6 -0.0170035

7 -0.0167163

8 -0.0395738

9 0.101986

10 -0.0517508

11 -0.20472

12 -0.214992

13 -0.066546

14 -0.04445

15 -0.077771

16 -0.0591346

17 -0.123833

18 -0.208305

19 -0.22628

20 -0.18715

21 -0.264894

22 -0.256022

23 -0.285482

24 -0.27379

25 -0.390563

26 -0.495718

27 -0.587468

28 -0.940184

29 -0.957041

30 -0.998379

31 -1.22107

32 -1.6626

33 -1.7725

34 -1.7897

35 -1.84384

36 -1.79723

37 -1.60968

38 -1.63058

39 -1.62002

40 -1.47065

41 -1.40968

42 -1.25831

43 -1.10118

44 -1.04744

45 -1.12575

46 -0.969254

47 -0.868642

48 -0.777487

49 -0.78852

50 -0.957527

51 -0.948707

52 -1.16985

53 -1.13401

54 -1.39091

55 -1.34617

56 -1.37159

57 -1.3222

58 -1.41655

59 -1.37518

60 -1.31169

61 -1.25269

62 -1.168

63 -1.24595

64 -1.38106

65 -2.2967

66 -2.40737

