6 -0.0317213

7 -0.111404

8 -0.127604

9 -0.226973

10 -0.208168

11 -0.224066

12 -0.188492

13 -0.186634

14 -0.0912911

15 -0.0191478

16 0.000839943

17 0.10414

18 0.151076

19 0.177882

20 0.189468

21 0.173507

22 0.234459

23 0.22506

24 0.292292

25 0.347339

26 0.300869

27 0.212477

28 0.302002

29 0.188539

30 -0.0637663

31 -0.0100929

32 -0.25904

33 -0.589512

34 -0.291556

35 -0.295695

36 -0.22603

37 -0.17595

38 -0.181039

39 -0.109468

40 0.0893968

41 0.0758751

42 0.244931

43 0.248521

44 0.36395

45 0.289501

46 0.489582

47 0.479213

48 0.53701

49 0.608737

50 0.577324

51 0.732335

52 0.855502

53 1.01107

54 1.08594

55 1.177

56 1.18689

57 1.37868

58 1.50157

59 1.49235

60 1.62264

61 1.53499

62 1.71898

63 1.77855

64 1.8781

65 1.94598

66 2.02357

67 2.12269

68 2.11123

69 2.27092

70 2.43173

71 2.48039

72 2.54271

73 2.70707

74 2.82108

75 2.83378

76 2.79875

77 2.92963

78 2.77995

79 3.03485

80 3.01199

81 3.2106

82 3.30664

83 3.40453

84 3.38345

85 3.34279

86 3.33866

87 3.37517

88 3.37157

89 3.41061

90 3.36178

91 3.38543

92 3.50789

93 3.47444

94 3.44196

95 3.72137

96 3.76066

97 3.82094

98 3.83079

99 3.75183

100 3.59409

101 3.57089

102 3.38952

103 3.4495

104 3.42735

105 3.40741

106 3.43139

107 3.53463

108 3.44405

109 3.57603

110 3.73242

111 3.81905

112 3.82646

113 3.98351

114 3.97857

115 4.15668

116 4.15961

