6 -0.0152663

7 -0.0574963

8 -0.108433

9 -0.129934

10 -0.123818

11 -0.184455

12 -0.210469

13 -0.134279

14 -0.143863

15 -0.216191

16 -0.257223

17 -0.250258

18 -0.293884

19 -0.193201

20 -0.164867

21 -0.136093

22 -0.0653005

23 -0.0855676

24 -0.150757

25 -0.130377

26 -0.0952791

27 -0.151064

28 -0.131053

29 -0.404254

30 -0.285155

31 -0.430516

32 -0.588535

33 -0.66328

34 -0.539032

35 -0.438243

36 -0.38953

37 -0.399048

38 -0.596107

39 -0.568331

40 -0.113674

41 -0.0967031

42 -0.0127183

43 0.0292314

44 0.126298

45 -0.027082

46 -0.573076

47 -0.572641

48 -0.581366

49 -0.699662

50 -0.617946

51 -0.581649

52 -0.689491

53 -0.583834

54 -0.575718

55 -0.74793

56 -0.909349

57 -0.950174

58 -0.950699

59 -0.969712

60 -0.958945

61 -0.862381

62 -0.832725

63 -1.08949

64 -1.02814

65 -0.824307

66 -0.427715

67 -0.299643

68 -0.253536

69 -0.213114

70 -0.199847

71 -0.166878

72 -0.222494

73 -0.260713

74 -0.293012

75 -0.28711

76 -0.279118

77 -0.328765

78 -0.350817

79 -0.273462

80 -0.286308

81 -0.273545

82 -0.272851

83 -0.18599

84 -0.19284

85 -0.082926

86 -0.0324759

87 -0.00923107

88 0.0666513

89 0.0259685

90 -0.0659702

91 -0.063458

92 -0.104332

93 -0.135947

94 -0.0401415

95 -0.283575

96 -0.179718

97 -0.324528

98 -0.258994

99 -0.351169

100 -0.287377

101 -0.283876

102 -0.373191

103 -0.371947

104 -0.595492

105 -0.749143

106 -0.790961

107 -0.79769

108 -0.862377

109 -0.815583

110 -0.413488

111 -0.264159

112 -0.25596

113 -0.272657

114 -0.339285

115 -0.453648

116 -1.04136

117 -1.01667

118 -1.05911

119 -1.17786

120 -1.06861

121 -1.03347

122 -1.13966

123 -1.0417

124 -1.03496

125 -1.26621

126 -1.36197

127 -1.36566

128 -1.41411

129 -0.990522

130 -0.876857

131 -0.813174

132 -0.852942

