6 0.0222804

7 0.0616921

8 0.0769229

9 0.0808174

10 0.0818759

11 0.0165627

12 0.00240924

13 0.0557063

14 0.0769506

15 -0.0926101

16 -0.0534078

17 0.0893449

18 0.151449

19 0.128351

20 0.0578503

21 0.124576

22 0.203184

23 0.183761

24 0.179903

25 0.201399

26 0.189359

27 0.300058

28 0.0953263

29 0.124844

30 -0.456525

31 -0.417053

32 -0.485788

33 -0.459711

34 -0.418268

35 -0.572834

36 -0.525416

37 -0.526741

38 -0.5248

39 -0.53975

40 -0.574867

41 -0.507313

42 -0.292988

43 -0.226433

44 -0.287708

45 -0.217461

46 0.045437

47 0.0808842

48 0.02085

49 0.0258054

50 -0.180673

51 -0.628838

52 -0.673963

53 -0.666761

54 -0.743283

55 -0.665308

56 -0.621485

57 -0.673786

58 -0.597203

59 -0.637099

60 -0.908991

61 -0.947874

62 -1.02491

63 -1.10563

64 -1.08061

65 -0.96841

66 -1.01446

67 -1.21275

68 -1.28824

69 -1.45178

70 -1.44604

71 -1.29042

72 -1.42129

73 -1.47561

74 -1.44664

75 -1.17285

76 -1.03983

77 -1.07006

78 -0.978826

79 -1.03073

80 -1.10478

81 -1.11425

82 -1.16596

83 -1.20165

84 -1.23189

85 -1.2248

86 -1.23742

87 -1.26128

88 -1.25378

89 -1.24347

90 -1.30281

91 -1.47849

92 -1.37631

93 -1.40944

94 -1.40136

95 -1.40668

96 -1.3534

97 -1.35227

98 -1.30335

99 -1.38245

100 -1.43886

101 -1.41428

102 -1.31226

103 -1.33092

104 -1.32968

105 -1.31353

106 -1.23997

107 -1.18685

108 -1.19537

109 -1.25762

110 -1.2956

111 -1.31563

112 -1.36579

113 -1.43603

114 -1.46433

115 -1.28258

116 -1.4013

117 -1.4169

118 -2.47033

119 -2.61818

120 -2.57586

121 -2.50568

122 -2.41755

123 -2.42635

124 -2.34995

125 -2.21426

126 -2.22085

127 -2.20892

128 -2.35163

129 -2.35783

130 -2.26467

131 -2.11163

132 -2.28038

133 -2.3622

134 -2.5492

135 -2.42178

136 -2.4105

