6 -0.0617808

7 -0.0650581

8 -0.0751708

9 -0.187658

10 -0.132131

11 -0.0636963

12 -0.0563817

13 -0.106139

14 -0.00942527

15 -0.0281091

16 0.23602

17 0.279173

18 0.293143

19 0.256872

20 0.293979

21 0.364328

22 0.297235

23 0.287319

24 0.384792

25 0.363785

26 0.498295

27 0.802566

28 1.85198

29 1.99205

30 2.01503

31 2.05632

32 2.19144

33 2.42177

34 2.45898

35 2.51915

36 2.70151

37 2.67326

38 2.78558

39 2.86251

40 2.99674

41 3.06071

42 2.76183

43 2.04933

44 2.02506

45 2.01082

46 1.90907

47 2.09324

48 2.05462

49 2.01773

50 1.85545

51 1.89233

52 1.55788

