6 -0.0151055

7 -0.0365854

8 -0.0669396

9 -0.101987

10 -0.114139

11 -0.115872

12 -0.115623

13 -0.177024

14 -0.195052

15 -0.112642

16 -0.0888663

17 -0.25909

18 -0.202071

19 -0.229615

20 -0.222988

21 -0.197955

22 -0.172886

23 -0.11362

24 -0.0985432

25 -0.0854763

26 -0.124166

27 -0.189399

28 -0.155125

29 -0.239114

30 -0.480696

31 -0.708471

32 -0.669669

33 -0.774475

34 -0.684908

35 -0.599661

36 -0.536043

37 -0.700246

38 -0.690153

39 -0.685104

40 -0.675668

41 -0.648882

42 -0.683023

43 -0.618383

44 -0.423152

45 -0.320676

46 -0.314807

47 -0.245357

48 0.0307928

49 0.065774

50 0.0447385

51 0.0718537

52 -0.171744

53 -0.664606

54 -0.731187

55 -0.756457

56 -0.858377

57 -0.779768

58 -0.734155

59 -0.799801

60 -0.7082

61 -0.717373

62 -1.17358

63 -1.30658

64 -1.2981

65 -1.23139

66 -1.21091

67 -1.3522

68 -1.29148

69 -1.36514

70 -1.45338

71 -1.45228

72 -1.32774

73 -1.4789

74 -1.6628

75 -1.50524

76 -1.24427

77 -1.12234

78 -1.14656

79 -1.04823

80 -1.08914

81 -1.16386

82 -1.17264

83 -1.22088

84 -1.26741

85 -1.29326

86 -1.28871

87 -1.30111

88 -1.32715

89 -1.32087

90 -1.30419

91 -1.16058

92 -1.11589

93 -1.09011

94 -1.09842

95 -1.22609

96 -1.56156

97 -1.42653

98 -1.45753

99 -1.46182

100 -1.49672

101 -1.44716

102 -1.45522

103 -1.41803

104 -1.48394

105 -1.55717

106 -1.53974

107 -1.4332

108 -1.44467

109 -1.44922

110 -1.41099

111 -1.3414

112 -1.28131

113 -1.28047

114 -1.34037

115 -1.38359

116 -1.40693

117 -1.47777

118 -1.55935

119 -1.59023

120 -1.39877

121 -1.50209

122 -1.50686

123 -2.52696

124 -2.64476

125 -2.61974

126 -2.65616

127 -2.57938

128 -2.47287

129 -2.48843

130 -2.48618

131 -2.63161

132 -2.63649

133 -2.55066

134 -2.41836

135 -2.59559

136 -2.69467

137 -2.883

138 -2.76656

