6 -0.122218

7 -0.159337

8 -0.083446

9 -0.0363352

10 -0.000434528

11 -0.0355382

12 -0.0954905

13 -0.102622

14 -0.118178

15 -0.179218

16 -0.168905

17 -0.164687

18 -0.186548

19 -0.278223

20 -0.314116

21 -0.417009

22 -0.427731

23 -0.310252

24 -0.871357

25 -0.927007

26 -0.944454

27 -0.868454

28 -0.697867

29 -0.800961

30 -1.00246

31 -1.03281

32 -1.01363

33 -0.999984

34 -1.02964

35 -0.93574

36 -0.891508

37 -0.882686

38 -0.870873

39 -0.81494

40 -0.670262

41 -0.590315

42 -0.572841

43 -0.629135

44 -0.629118

45 -0.669816

46 -0.722551

47 -0.729544

48 -0.632509

49 -0.519574

50 -0.513378

51 -0.71945

52 -0.622001

53 -0.551168

54 -0.446004

55 -0.422762

56 -0.464649

57 -0.453885

58 -0.432669

59 -0.433488

60 -0.321453

61 -0.380079

62 -0.303651

63 -0.510378

64 -0.472546

65 -0.660285

66 -0.526005

67 -0.682055

68 -0.781671

69 -0.983369

70 -0.920923

71 -1.3078

72 -1.2787

73 -1.18654

74 -1.08622

75 -0.837385

76 -0.609714

77 -0.699904

78 -0.472651

79 -0.807933

80 -0.489023

81 -0.757748

82 -0.866202

83 -0.981425

84 -1.14203

85 -1.14411

86 -1.0659

87 -1.02815

88 -0.878058

89 -0.830966

90 -0.760488

91 -0.637634

92 -0.64148

93 -1.06297

94 -1.16456

95 -1.22435

96 -1.29184

97 -1.32763

98 -1.36553

99 -1.40056

100 -1.42786

101 -1.44542

102 -1.32824

103 -1.50634

104 -1.50179

105 -2.01771

106 -2.08506

107 -2.12122

108 -2.15092

109 -1.95991

110 -2.16614

111 -2.14831

112 -2.48451

113 -2.44519

114 -2.77741

115 -2.85519

116 -3.42741

117 -3.47481

118 -3.57296

119 -3.658

120 -3.71039

121 -3.71947

122 -3.87358

123 -3.98401

124 -4.02216

125 -4.14137

126 -4.19216

127 -4.261

128 -4.17002

129 -4.06719

130 -3.94807

131 -4.15897

132 -4.23385

133 -4.37125

134 -4.43972

135 -4.45409

136 -4.7183

137 -4.79514

138 -4.78718

139 -4.75613

140 -4.69716

141 -4.68183

142 -4.79429

143 -4.80684

144 -4.66156

145 -4.56891

146 -4.53702

147 -4.62937

148 -4.48589

149 -4.36154

150 -4.3485

151 -4.35316

152 -4.48394

