6 0.0107899

7 -0.0818871

8 -0.0621355

9 -0.121288

10 -0.263585

11 -0.350948

12 -0.385578

13 -0.425664

14 -0.514592

15 -0.578886

16 -0.567272

17 -0.535054

18 -0.750873

19 -0.774891

20 -0.813073

21 -0.743644

22 -0.687159

23 -0.643004

24 -0.719876

25 -0.7259

26 -0.704977

27 -0.475131

28 -0.0261823

29 -0.00214526

30 0.141704

31 0.111532

32 0.185615

33 0.2309

34 0.140704

35 0.118254

36 0.116198

37 0.06903

38 0.163871

39 0.134817

40 0.247385

41 0.278808

42 0.325033

43 0.53512

44 0.60318

45 0.585472

46 0.770396

47 0.68053

48 0.563247

49 0.480017

50 0.570816

51 0.673761

52 0.907731

53 0.982689

54 0.910499

55 1.08322

56 1.09943

57 1.32254

58 1.38991

59 1.55527

60 1.55661

61 1.43358

62 1.50224

63 1.48309

64 1.52638

65 1.56798

66 1.59535

67 1.62433

68 1.67652

69 1.62806

70 1.63198

71 1.92758

72 2.24125

73 2.33826

74 2.40213

75 2.34971

76 2.32044

77 2.39892

78 2.40773

79 2.40848

80 2.34261

81 2.24051

82 2.13554

83 2.12254

84 1.98769

85 2.02866

86 2.05161

87 2.13869

88 2.1973

89 2.19199

90 2.12716

91 2.17499

92 2.12364

93 2.24928

94 2.21865

95 2.33877

96 2.31282

97 2.34131

98 2.30073

99 2.15293

100 2.07697

101 2.30189

102 2.31378

103 2.5515

104 2.68067

105 3.06247

106 3.02682

107 3.042

108 3.12509

109 3.15654

110 3.26098

111 3.24238

112 3.33389

113 3.31023

114 3.03429

115 3.24309

116 3.2584

117 3.14545

118 3.33473

119 3.66607

120 4.22746

121 4.30966

122 4.46667

123 4.66226

124 4.83001

125 4.72957

126 4.58249

127 4.58339

128 4.23671

129 4.32495

130 4.29237

131 4.37518

132 4.69958

133 4.26358

134 4.02807

