6 0.00208629

7 -0.0460826

8 0.00501175

9 0.105249

10 0.15142

11 0.024326

12 0.0467471

13 -0.0993294

14 0.0346429

15 -0.117686

16 0.0195902

17 0.129387

18 0.199516

19 0.355606

20 0.41935

21 0.442822

22 0.439331

23 0.217779

24 0.243566

25 0.105724

26 0.206602

27 0.409275

28 0.610922

29 0.771482

30 0.875838

31 0.874461

32 0.745591

33 0.713046

34 0.836019

35 0.675175

36 0.894551

37 1.10473

38 1.19669

39 1.22628

40 1.25764

41 1.29431

42 1.32098

43 1.31316

44 1.23631

45 1.21731

46 1.24019

47 1.36003

48 1.48125

49 1.4953

50 1.38787

51 1.29805

52 1.24183

53 1.50215

54 1.6066

55 1.74753

56 1.73035

57 1.42928

58 1.19136

59 0.702467

60 0.539073

61 0.647844

62 0.568154

63 0.560155

64 0.552448

65 0.531855

66 0.559301

67 0.545288

68 0.546717

69 0.605365

70 0.756618

71 0.941544

72 0.904648

73 0.868524

74 0.780517

75 0.787477

76 0.713158

77 0.677522

78 0.434446

79 0.401502

80 0.455339

81 0.602256

82 0.515702

83 0.640351

84 0.756737

85 0.774539

86 0.80811

87 0.838724

88 0.884216

89 0.900788

90 0.960852

91 1.08767

92 1.32454

93 1.37342

94 1.41282

95 1.33243

96 1.42547

97 1.3891

98 1.39569

99 1.4214

100 1.37991

101 1.33157

102 1.16117

103 1.125

104 1.02136

105 1.04486

106 0.963423

107 0.949046

108 1.06952

109 0.990595

110 1.14089

111 1.13255

112 1.14501

113 1.18998

114 1.26432

115 1.24363

116 1.28928

117 1.11706

118 1.25053

119 1.49034

120 1.52628

121 1.60473

122 1.61802

123 1.8211

124 1.90037

125 1.6662

126 1.6094

127 1.72478

128 1.62835

129 1.91713

130 2.58768

131 2.45499

132 2.30452

133 2.27164

134 2.25654

135 2.15666

136 2.21239

137 2.10499

138 1.94315

139 1.90241

140 1.7539

141 1.64181

142 1.8003

143 1.89017

144 1.88028

145 1.81537

146 1.56852

147 1.50197

148 1.24004

149 1.10615

150 1.00017

151 0.921762

152 -0.760623

153 -0.8391

154 -0.840545

155 -0.649737

156 -0.571885

157 -0.475735

158 -0.339441

159 -0.13904

160 -0.152202

161 -0.164934

162 -0.162942

163 -0.157497

164 -0.102276

165 -0.0267818

166 -0.0532468

167 -0.0906069

168 -0.15312

169 -0.12318

170 -0.104953

171 -0.0329206

172 0.0211396

173 -0.00854281

174 0.0600582

175 0.182221

176 0.222496

177 0.309072

178 0.28695

179 0.174318

180 0.318681

181 0.24255

182 0.347113

183 0.284882

184 0.317068

185 0.337892

186 0.445632

187 0.323945

188 0.433196

189 0.31746

190 0.36535

191 0.325929

192 0.423816

193 0.522069

194 0.40683

195 0.277319

