6 0.0573954

7 0.0790459

8 0.0828832

9 0.084425

10 0.0193097

11 -0.00263085

12 0.0522744

13 0.0572178

14 -0.131365

15 -0.146592

16 -0.0401053

17 0.0252015

18 -0.000849291

19 -0.0412424

20 0.000624628

21 0.0592165

22 0.0716408

23 0.0833578

24 0.0919843

25 0.0500568

26 -0.0297049

27 0.00484793

28 -0.0196895

29 -0.575595

30 -0.518964

31 -0.493324

32 -0.497912

33 -0.536381

34 -0.478567

35 -0.525376

36 -0.484812

37 -0.489718

38 -0.496581

39 -0.535363

40 -0.454798

41 -0.25923

42 -0.17703

43 -0.226513

44 -0.17031

45 0.098408

46 0.124551

47 0.0734216

48 0.0826545

49 -0.124621

50 -0.601732

51 -0.641714

52 -0.646131

53 -0.731578

54 -0.653418

55 -0.602969

56 -0.657955

57 -0.557684

58 -0.564573

59 -0.887262

60 -0.956332

61 -1.00383

62 -0.925182

63 -0.723445

64 -0.872319

65 -1.16245

66 -1.15712

67 -1.00303

68 -1.14021

69 -1.20562

70 -1.18115

71 -0.906872

72 -0.774914

73 -0.755094

74 -0.762893

75 -0.753612

76 -0.785442

77 -0.792921

78 -0.79948

79 -0.815448

80 -0.878664

81 -0.924835

82 -0.929096

83 -0.94016

84 -0.999918

85 -1.00538

86 -0.950665

87 -0.917738

88 -0.999234

89 -1.14511

90 -1.04221

91 -0.958669

92 -0.975203

93 -0.929676

94 -0.944637

95 -1.01856

96 -0.922497

97 -0.866166

98 -0.843896

99 -0.822407

100 -0.872989

101 -0.947862

102 -0.901109

103 -0.944559

104 -1.22194

105 -1.36862

106 -1.40258

107 -1.60777

108 -1.66317

109 -1.68253

110 -1.62561

111 -1.68907

112 -1.7231

113 -1.7346

114 -1.71917

115 -1.64122

116 -1.60674

117 -1.70012

118 -1.66811

119 -1.32467

120 -1.36301

121 -1.5247

122 -1.51075

123 -1.83192

124 -1.82264

125 -1.88535

126 -2.02486

127 -1.94483

128 -1.91304

129 -1.98143

130 -1.88622

131 -1.87262

132 -1.9098

133 -2.18063

134 -2.3294

135 -2.35414

136 -2.29152

137 -2.2025

138 -2.13275

139 -2.02687

140 -2.06954

141 -2.04014

142 -2.14814

143 -1.99917

144 -2.20585

145 -2.46573

146 -1.96847

