6 0.102843

7 0.104457

8 0.105968

9 0.129409

10 0.167793

11 0.151752

12 0.148182

13 0.147002

14 0.246139

15 0.432783

16 0.609645

17 0.607014

18 0.53667

19 0.416567

20 0.393288

21 0.32276

22 0.429218

23 0.597885

24 0.692621

25 0.693142

26 0.625644

27 0.795178

28 1.06651

29 1.18873

30 1.35439

31 1.49265

32 1.43069

33 1.42143

34 1.29698

35 1.48637

36 1.46559

37 1.46512

38 0.941716

39 1.16766

40 1.51636

41 1.54051

42 1.67618

43 1.91999

44 1.99514

45 2.06176

46 2.14484

47 2.11901

48 2.01062

49 2.16641

50 2.12436

51 2.37061

52 2.33205

53 2.29134

54 2.63498

55 2.82239

56 2.84499

57 2.83793

58 2.8541

59 2.90079

60 2.88671

61 2.73508

62 2.85253

63 2.9036

64 2.88477

65 2.90302

66 3.08962

67 3.19407

68 3.21802

69 3.24968

70 3.09761

71 2.94929

72 2.91155

73 2.50958

74 2.57189

75 2.51636

76 2.69519

77 2.77643

78 2.82668

79 3.13713

80 3.22975

81 3.29621

82 3.55439

83 3.40586

84 3.46381

85 2.9243

86 2.91001

87 2.95674

88 2.7499

89 3.73692

90 3.78312

91 4.20185

92 4.52767

93 4.47477

94 4.21808

95 4.08546

96 3.97766

97 3.88407

98 3.85247

99 3.87186

100 3.95167

101 4.12003

102 4.09592

103 4.06046

104 4.14351

105 4.30752

106 4.32251

107 3.65263

108 3.52222

109 3.51217

110 3.50512

111 3.50462

112 3.46584

113 3.46635

114 3.36509

115 2.62154

116 2.54715

