6 -0.0156598

7 -0.0344784

8 -0.0427703

9 -0.100456

10 -0.132819

11 -0.178369

12 -0.12224

13 -0.0352855

14 -0.0272137

15 -0.0989609

16 -0.148287

17 -0.155825

18 -0.198244

19 -0.270014

20 -0.305925

21 -0.376095

22 -0.344055

23 -0.253312

24 -0.424783

25 -0.484561

26 -0.446532

27 -0.502543

28 -0.983606

29 -1.05267

30 -0.987158

31 -0.956823

32 -0.877433

33 -0.904026

34 -0.690604

35 -0.59137

36 -0.543241

37 -0.402629

38 -0.333988

39 -0.332676

40 -0.395938

41 -0.348228

42 -0.479031

43 -0.397689

44 -0.318629

45 -0.316511

46 -0.499219

47 -0.542051

48 -1.01076

