6 -0.0270188

7 -0.0308312

8 -0.0884675

9 -0.129688

10 -0.131329

11 -0.136089

12 -0.194571

13 -0.228974

14 -0.167831

15 -0.15158

16 -0.315291

17 -0.481819

18 -0.411273

19 -0.343921

20 -0.363721

21 -0.313796

22 -0.331722

23 -0.422316

24 -0.335903

25 -0.255875

26 -0.231954

27 -0.211977

28 -0.246135

29 -0.332932

30 -0.297232

31 -0.355004

32 -0.634364

33 -0.761808

34 -0.792211

35 -1.01224

36 -1.05278

37 -1.07195

38 -1.02767

39 -1.06273

40 -1.07948

41 -1.07542

42 -1.05229

43 -0.958119

44 -0.921443

45 -1.01787

46 -0.995075

47 -0.672438

48 -0.716209

49 -0.863171

50 -0.837829

51 -1.15547

52 -1.16441

53 -1.21924

54 -1.34249

55 -1.2704

56 -1.22573

57 -1.26551

58 -1.17424

59 -1.19165

60 -1.48891

61 -1.60658

62 -1.64227

63 -1.58898

64 -1.48562

65 -1.45371

66 -1.40133

67 -1.5145

68 -1.5189

69 -1.61294

70 -1.49816

71 -1.67878

72 -1.91151

73 -1.54382

74 -1.34174

75 -1.28544

76 -1.24172

77 -1.2544

78 -1.32526

79 -1.31226

80 -1.34747

81 -1.39736

82 -1.3984

83 -1.38975

84 -1.40388

85 -1.46321

86 -1.5058

87 -1.54863

88 -1.58894

89 -1.55337

90 -1.43704

91 -1.52568

92 -1.74944

93 -1.55952

94 -1.55114

95 -1.56322

96 -1.60874

97 -1.53607

98 -1.4976

99 -1.52569

100 -1.73475

101 -1.75429

102 -1.98873

103 -1.99858

104 -2.04776

105 -2.13889

106 -2.07561

107 -1.96927

108 -2.01036

109 -2.06001

110 -2.13641

111 -2.25939

112 -2.38165

113 -2.43094

114 -2.35749

115 -2.15384

116 -2.1883

117 -2.16851

118 -3.09241

119 -3.2105

120 -3.24844

121 -3.22753

122 -3.17355

123 -3.08199

124 -3.00382

125 -3.07772

126 -3.28493

127 -3.27352

128 -3.19385

129 -3.03143

130 -2.86761

131 -2.89495

132 -2.93609

133 -3.17362

134 -3.252

135 -3.32167

136 -3.18406

