6 -0.0307661

7 -0.0398545

8 -0.0310768

9 -0.0626879

10 -0.0268746

11 0.00180435

12 -0.00536262

13 -0.0658293

14 -0.10135

15 -0.10855

16 -0.152726

17 -0.19675

18 -0.0955815

19 -0.172233

20 -0.157162

21 -0.157386

22 -0.129535

23 -0.117197

24 -0.0760644

25 -0.371098

26 -0.36206

27 -0.217264

28 -0.276664

29 -0.351536

30 -0.403197

31 -0.385834

32 -0.409978

33 -0.39257

34 -0.400799

35 -0.370952

36 -0.339954

37 -0.389872

38 -0.52058

39 -0.59434

40 -0.672089

41 -0.638381

42 -0.363838

43 -0.344714

44 -0.0419709

45 -0.319864

46 -0.420636

47 -0.763891

48 -0.845698

49 -0.861461

50 -1.03247

51 -1.25492

52 -1.22377

53 -1.04853

54 -0.968016

55 -0.971299

56 -0.860783

57 -0.802875

58 -0.783828

59 -0.745364

60 -0.683861

61 -0.600202

62 -0.6039

63 -0.479849

64 -0.395798

65 -0.401977

66 -0.344671

67 -0.32608

68 -0.293339

69 -0.276684

70 -0.567273

71 -0.415986

72 0.308562

73 0.419035

74 0.622616

75 0.651875

76 0.674172

77 0.764395

78 0.68952

79 0.353504

80 0.352948

81 0.318841

82 0.290978

83 0.401391

84 0.220784

85 0.275909

86 0.187768

87 0.0231278

88 0.0307477

89 -0.13619

90 -0.25346

91 -0.200474

92 -0.189686

93 -0.203829

94 -0.356816

95 -0.435593

96 -0.482221

97 -0.243014

98 -0.142852

99 0.129877

100 0.140973

101 0.214316

102 0.296959

103 0.594191

104 0.504304

105 0.46755

106 0.401162

107 0.357433

108 0.508368

109 0.525117

110 0.281739

111 0.381348

112 0.671042

113 0.666289

114 1.1051

115 1.22853

116 1.43272

117 1.45831

118 1.04294

119 1.05786

120 1.20317

121 0.881124

