6 -0.0214815

7 -0.242134

8 -0.141532

9 -0.0790718

10 -0.0500828

11 -0.0020351

12 -0.0453595

13 -0.0322625

14 0.093712

15 0.257943

16 0.256857

17 0.27902

18 0.407369

19 0.370506

20 0.474893

21 0.510624

22 0.375505

23 0.472416

24 0.575994

25 0.622857

26 0.600751

27 0.644093

28 0.747472

29 0.687989

30 0.687975

31 0.643262

32 0.9036

33 0.873884

34 0.99215

35 1.0097

36 1.22052

37 1.3001

38 1.34821

39 1.35809

40 1.45878

41 1.50915

42 1.5309

43 1.52017

44 1.57857

45 1.3364

46 1.24388

47 1.09543

48 1.25912

49 1.26858

50 1.38939

51 1.29639

52 1.43141

53 1.44377

54 1.44664

55 1.46144

56 1.57513

57 1.5254

58 1.55626

59 1.75534

60 1.81292

61 1.92717

62 1.94064

63 2.08445

64 2.12422

65 2.17274

66 2.19346

67 2.25042

68 2.01127

69 1.88432

70 1.65883

71 1.78698

72 1.76389

73 1.87184

74 1.88697

75 1.99112

76 2.15451

77 2.15108

78 2.23769

79 2.14233

80 2.2196

81 2.2085

82 2.16616

83 2.14305

84 2.25492

85 2.12336

86 2.28067

87 2.44879

88 2.54618

89 2.81501

90 2.83887

91 2.9559

92 3.01789

93 3.16016

94 3.1717

95 3.1588

96 3.2532

97 3.29176

98 3.37276

99 3.18648

100 3.09115

101 2.96501

102 3.09439

103 3.10837

104 2.99902

105 3.09979

106 3.05669

107 2.94858

108 3.12628

109 3.11576

110 3.39325

111 3.48694

112 3.55962

113 3.57944

114 3.73427

115 3.71379

116 3.79367

117 3.85205

118 3.9145

119 3.67775

120 3.58941

121 3.39417

122 3.49314

123 3.49989

124 3.57835

125 3.58067

126 3.53841

127 3.57156

128 3.53752

129 3.56445

130 3.51715

131 3.49937

132 3.45561

133 3.47991

134 3.53647

135 3.69984

136 4.21043

137 4.19204

138 4.33838

139 4.3647

140 4.46456

141 4.46635

142 4.52973

