6 -0.0665681

7 -0.0678808

8 -0.185854

9 -0.186523

10 -0.225316

11 -0.175065

12 -0.826022

13 -0.819082

14 -0.824399

15 -0.81853

16 -0.761141

17 -0.706733

18 -0.652172

19 -0.567394

20 -0.541924

21 -0.425863

22 -0.404409

23 -0.386233

24 -0.292373

25 -0.269374

26 -0.158936

27 -0.0881314

28 -0.0709241

29 0.0299982

30 0.0370376

31 0.178296

32 0.254997

33 0.276572

34 0.377626

35 0.396428

36 0.501332

37 0.537273

38 0.565743

39 0.687717

40 0.682305

41 0.81316

42 0.853707

43 0.83745

44 0.994133

45 1.02968

46 1.14214

47 1.07373

