6 -0.0550321

7 -0.0157916

8 0.0349558

9 -0.00660595

10 0.0447166

11 0.0877036

12 0.096103

13 0.0801526

14 0.0385858

15 0.118963

16 -0.105991

17 -0.146166

18 -0.395084

19 -0.451503

20 -0.595835

21 -0.60539

22 -0.570044

23 -0.481071

24 -0.582719

25 -0.555628

26 -0.447045

27 -0.58597

28 -0.580058

29 -0.610152

30 -0.697793

31 -0.680977

32 -0.900316

33 -0.968062

34 -1.10235

35 -1.11766

36 -1.03659

37 -0.864287

38 -0.852419

39 -0.852706

40 -0.794661

41 -0.950888

42 -0.94641

43 -1.1344

44 -1.39202

45 -1.40797

46 -1.33013

47 -1.33949

48 -1.18917

49 -0.66975

50 -0.511699

51 -0.536823

52 -0.546996

53 -0.454615

54 -0.74807

55 -0.810953

56 -1.707

57 -1.52815

58 -1.51891

59 -1.54165

60 -1.57863

61 -1.50757

62 -1.45123

63 -1.49565

64 -1.32249

65 -1.23396

66 -1.2723

67 -1.21285

68 -1.12693

69 -1.06309

70 -1.06034

71 -1.09556

72 -1.0897

73 0.113357

74 0.134383

75 0.0390862

76 0.13746

77 0.251827

78 0.268155

79 0.295029

80 0.485806

81 0.557459

82 0.473054

83 0.251811

84 0.0692849

85 -0.156289

86 -0.0725007

87 -0.0279876

88 -0.00196949

89 -0.179796

90 -0.2253

91 -0.503082

92 -0.701738

93 -0.95107

94 -1.53438

