6 -0.0694577

7 -0.103345

8 -0.0610843

9 0.0481968

10 0.0584138

11 0.0327665

12 0.0377801

13 0.0195585

14 -0.0118271

15 0.0989377

16 0.146211

17 0.163735

18 0.134848

19 0.10562

20 0.0796893

21 0.0591377

22 -0.0822341

23 -0.0802044

24 -0.0509127

25 -0.0294763

26 -0.0155382

27 -0.0384867

28 -0.0683633

29 -0.0871962

30 -0.0543536

31 0.00494497

32 0.00623671

33 0.0245305

34 0.0136442

35 0.0530563

36 -0.0380356

37 -0.0121533

38 -0.144534

39 -0.167905

40 -0.101934

41 -0.143731

42 -0.193826

43 -0.417534

44 -0.669842

45 -0.701876

46 -0.738036

47 -0.647661

48 -0.869652

49 -0.876583

50 -0.64666

51 -0.573698

52 -0.692251

53 -0.581477

54 -0.862209

55 -1.06531

56 -1.89579

57 -1.96407

58 -1.93325

59 -1.83159

60 -1.905

61 -1.79209

62 -2.56184

63 -2.70463

64 -2.68421

65 -2.86322

66 -2.86949

67 -2.78525

68 -2.55966

69 -2.58931

70 -2.67173

71 -2.76469

72 -2.82045

73 -2.88134

74 -2.95907

75 -2.89902

76 -3.23899

77 -3.23594

78 -3.1415

79 -3.67408

80 -3.69268

81 -3.74925

82 -3.78058

83 -3.82604

84 -3.7744

85 -3.74848

86 -3.7274

87 -3.79565

88 -3.87149

89 -3.83449

90 -3.7582

91 -3.65084

92 -3.72913

93 -3.6107

94 -3.59701

95 -3.66831

96 -3.73863

97 -3.72881

98 -3.90492

99 -3.70964

100 -3.67404

