6 -0.0403767

7 -0.0777732

8 -0.0843685

9 -0.0717668

10 -0.0765455

11 0.0258475

12 0.0646208

13 0.0418908

14 0.0631184

15 0.193355

16 0.286412

17 0.326046

18 0.276565

19 0.272686

20 0.276917

21 0.478656

22 0.689943

23 0.676868

24 0.714407

25 0.788711

26 0.79561

27 0.743935

28 0.79551

29 0.553689

30 0.34875

31 0.292243

32 0.482625

33 0.737934

34 0.762727

35 0.605511

36 0.690221

37 0.558326

38 0.420427

39 0.483713

40 0.493712

41 0.429792

42 0.440948

43 0.326891

44 0.23628

45 0.230722

46 0.284226

47 0.223846

48 0.325247

49 0.369046

50 0.404689

51 0.340334

52 0.440896

53 0.690265

54 0.990171

55 0.996944

56 0.846313

57 0.792613

58 0.716979

59 0.40095

60 0.31744

61 0.299946

62 0.298653

63 0.336607

64 0.448129

65 0.533365

66 0.420728

67 0.605848

68 0.745224

69 0.853716

70 0.875613

71 0.954314

72 0.860605

73 0.633788

74 -0.575965

