6 -0.12729

7 -0.451594

8 -0.441248

9 -0.445175

10 -0.488119

11 -0.390365

12 -0.312573

13 -0.303139

14 -0.329162

15 -0.30111

16 -0.144072

17 -0.270871

18 -0.515605

19 -0.541295

20 -0.543859

21 -0.556673

22 -0.466769

23 -0.38006

24 -0.353941

25 -0.503786

26 -0.382216

27 -0.405633

28 -0.610903

29 -0.62759

30 -0.62704

31 -0.556364

32 -0.693985

33 -0.618214

34 -0.71576

35 -0.768024

36 -0.860817

37 -0.938884

38 -0.995175

39 -1.16662

40 -1.19327

41 -1.3304

42 -1.3734

43 -1.61509

44 -1.61903

45 -1.66255

46 -1.46315

47 -1.48554

48 -1.35878

49 -1.85302

50 -1.86766

51 -1.96129

52 -1.99344

53 -2.10707

54 -2.61911

55 -2.69822

56 -2.64062

57 -2.5568

58 -2.45699

59 -2.48011

60 -2.60434

61 -2.5188

62 -2.66927

63 -2.62547

64 -2.50861

