6 -0.0518403

7 -0.0103689

8 0.075335

9 0.0997884

10 0.0951257

11 0.284037

12 0.280769

13 0.394988

14 0.450192

15 0.50606

16 0.608068

17 0.613347

18 0.564642

19 0.823344

20 1.28241

21 1.3994

22 1.39026

23 1.40867

24 1.39292

25 1.41705

26 1.403

27 1.41132

28 1.38194

29 1.33082

30 1.44703

31 1.56238

32 1.63728

33 1.63415

34 1.47419

35 1.58414

36 1.58829

37 1.64523

38 1.70125

39 1.6275

40 1.67009

41 1.68636

42 1.67916

43 1.95441

44 1.98431

45 2.10613

46 2.04762

47 2.00787

48 2.04301

49 1.82245

50 1.92781

51 1.89659

52 2.04067

53 1.94494

54 1.90643

55 1.64735

56 1.73949

57 1.73777

58 1.59683

59 1.61464

60 1.84327

61 1.64563

62 1.69994

63 1.65726

64 1.62959

65 1.586

66 1.59363

67 1.395

68 1.41387

69 1.48839

70 1.48009

71 1.61515

72 1.64234

73 1.69071

74 1.73857

75 1.65322

76 1.73142

77 1.81947

78 1.86119

79 2.26315

80 2.34539

81 2.43786

82 2.42853

83 2.50699

84 2.549

85 2.69046

86 2.79442

87 2.56203

88 1.92189

89 1.808

90 1.79592

91 1.71239

92 1.81004

93 1.68097

94 1.63039

95 1.67547

96 1.51335

97 1.54402

98 1.45522

99 1.43959

100 1.60287

101 1.20335

