6 0.102392

7 0.0282157

8 0.0560871

9 0.112538

10 0.183533

11 0.308989

12 0.368372

13 0.37858

14 0.352753

15 0.446148

16 0.6807

17 0.408578

18 0.667774

19 0.794459

20 0.921319

21 1.00528

22 0.997836

23 1.0152

24 1.12904

25 1.04664

26 1.12895

27 1.25861

28 1.24772

29 1.2698

30 1.26237

31 1.38483

32 1.29854

33 1.09375

34 0.125917

35 0.12893

36 0.119183

37 0.0196869

38 0.0978238

39 -0.184844

40 -0.275051

41 -0.630195

42 -0.660951

43 -0.703443

44 -0.734177

45 -0.853143

46 -0.968921

47 -0.946694

48 -1.13276

49 -1.13388

50 -1.07118

51 -0.967034

52 -0.960742

53 -0.900694

54 -0.719586

55 -0.509148

56 -0.464526

57 -1.039

58 -1.03478

59 -1.19173

60 -1.13151

61 -1.24196

62 -1.82499

63 -1.82878

64 -1.75569

65 -1.78247

66 -1.40588

67 -1.42308

68 -1.40447

69 -1.31336

70 -1.1676

71 -1.32571

72 -2.30441

