6 -0.0573191

7 -0.0885442

8 -0.105945

9 -0.17172

10 -0.176097

11 -0.181242

12 -0.20285

13 -0.168008

14 -0.177625

15 -0.157088

16 -0.0801608

17 -0.0733666

18 0.0865381

19 0.105157

20 0.556084

21 0.559752

22 0.553598

23 0.537157

24 0.629487

25 0.661644

26 0.507529

27 -0.556222

28 -0.725667

29 -0.795019

30 -0.760094

31 -0.846033

32 -0.859683

33 -0.91682

34 -0.913757

35 -0.943015

36 -0.976924

37 -0.995133

38 -1.10235

39 -0.943709

40 -1.01683

41 -1.03827

42 -0.990553

43 -0.936767

44 -0.976518

45 -0.836142

46 -0.901483

47 -0.869273

48 -0.444158

49 -0.335946

50 -0.327466

51 -0.315508

52 -0.25394

53 -0.227565

54 -0.285269

55 -0.259846

56 -0.351584

57 -0.481402

58 -0.359927

59 -0.5285

60 -0.218738

61 0.0331747

62 0.13002

63 0.187929

64 0.257539

65 0.115381

66 0.222877

67 0.454405

68 0.43304

69 0.520335

70 0.467948

71 0.356635

72 0.379438

73 0.277542

74 0.209052

75 0.157844

76 0.154753

77 0.138489

78 0.0615106

79 -0.0151863

80 -0.36798

