6 -0.122543

7 -0.132846

8 -0.131347

9 -0.128629

10 -0.140443

11 -0.161333

12 -0.115865

13 -0.0913413

14 -0.0849907

15 -0.186959

16 -0.23876

17 -0.209431

18 -0.153329

19 -0.167002

20 -0.158167

21 -0.159948

22 -0.0408878

23 -0.0987366

24 0.113764

25 0.259083

26 0.230576

27 0.401367

28 0.483696

29 0.219216

30 0.0582091

31 0.224989

32 0.056916

33 0.2768

34 0.0325806

35 0.0472908

36 1.07594

37 1.27613

38 1.32852

39 1.3153

40 1.36044

41 1.3505

42 1.29532

43 1.26531

44 1.22535

45 1.22676

46 1.24101

47 1.34352

48 1.32756

49 1.30513

50 1.51279

51 1.65795

52 1.91722

53 1.81368

54 1.72331

55 1.83917

56 1.74396

57 2.07343

58 2.19519

59 2.92069

60 3.08594

61 3.17091

62 3.24355

63 3.27194

64 3.28017

65 3.3955

66 3.32314

67 3.45623

68 3.4673

69 3.02463

70 2.88053

71 2.97524

72 2.8234

73 3.12598

74 3.97419

75 4.11506

76 4.17779

77 4.22435

78 4.25206

79 4.20661

80 4.14333

81 4.22596

82 4.0756

83 4.23514

84 3.7815

85 3.81723

86 3.80519

87 3.8542

88 3.99611

89 4.03087

90 3.59625

91 3.73357

92 4.74158

93 4.95039

94 4.96721

95 5.04915

96 5.06746

97 5.21919

98 5.3125

99 5.2708

100 5.3754

101 5.27737

102 5.4059

103 5.31545

104 5.31758

105 5.31484

106 4.52573

107 4.43268

108 4.64192

109 4.739

110 4.5482

111 4.44976

112 4.69866

113 4.72634

114 5.22259

115 5.44983

116 5.45882

117 5.73533

118 5.87188

119 6.0467

120 6.11241

121 5.95961

122 5.90079

123 6.16421

124 6.01176

125 5.99511

126 5.86026

127 5.83684

128 5.51909

129 5.68553

130 6.09422

131 6.49954

132 7.20338

133 7.40163

134 7.54466

135 7.96597

136 7.75744

137 7.75595

138 7.54731

139 7.62782

140 7.27985

141 7.32756

