6 -0.0443014

7 -0.0529001

8 -0.0524303

9 -0.0200408

10 -0.0154155

11 -0.0200332

12 0.227623

13 0.157506

14 0.288608

15 0.283993

16 0.654616

17 1.09229

18 1.13987

19 1.07762

20 1.02193

21 0.826117

22 0.866218

23 0.818605

24 0.693467

25 0.982928

26 0.899635

27 1.59199

28 1.75425

29 1.89257

30 1.90754

31 1.93575

32 1.96058

33 2.07834

34 1.97302

35 1.90754

36 1.94267

37 1.87486

38 2.17071

39 2.18374

40 2.27378

41 2.31836

42 2.53989

43 2.58596

44 2.81107

45 2.94864

46 2.90387

47 2.91306

48 2.9355

49 2.93152

50 2.91438

51 2.92997

52 2.97392

53 2.96152

54 2.95519

55 2.91658

56 2.74835

57 2.92405

58 2.92259

59 2.97946

60 2.75981

61 2.81059

62 2.98454

63 3.08374

64 3.10599

65 2.9603

66 3.22402

67 3.66662

68 3.63179

69 3.70298

70 3.72307

71 3.5727

72 3.69484

73 3.79471

74 3.83579

75 3.81292

76 3.8293

77 3.76086

78 3.70656

79 3.88712

80 4.25513

81 4.3904

82 4.48611

83 4.5241

84 4.61933

85 4.52083

86 4.54272

87 4.54622

88 4.44514

89 5.39325

90 5.60818

91 5.63592

92 5.69983

93 5.79996

94 7.88986

95 7.8897

96 7.85643

97 7.59572

98 7.55942

99 7.56902

100 7.51064

101 7.64092

102 7.69746

103 7.66252

104 7.68936

105 7.75857

106 7.64492

107 7.52793

108 7.5472

109 7.27659

110 7.41184

