6 -0.070381

7 -0.0197988

8 -0.0915669

9 0.0185985

10 0.037288

11 0.0878311

12 0.229572

13 0.564597

14 0.619168

15 0.648278

16 0.602278

17 0.678241

18 0.608649

19 0.389765

20 0.0420426

21 -0.102953

22 -0.0398705

23 0.058272

24 -0.173151

25 -0.184739

26 -0.227401

27 -0.133194

28 -0.182952

29 -0.142544

30 -0.0828598

31 -0.146429

32 -0.153603

33 -0.144781

34 -0.0457169

35 -0.135679

36 -0.0190245

37 0.233304

38 0.329432

39 0.36665

40 0.362075

41 0.32661

42 0.374361

43 0.163608

44 0.105555

45 -0.281742

46 -0.342136

47 -0.323831

48 -0.349307

49 -0.315636

50 -0.221297

51 -0.28629

52 -0.269254

53 -0.288421

54 -0.274939

