6 -0.0225707

7 -0.0564427

8 -0.0946298

9 0.00444512

10 -0.107729

11 0.0588291

12 -0.0432987

13 -0.0782646

14 0.0527846

15 -0.00483308

16 0.191926

17 0.5191

18 0.53364

19 0.582174

20 0.635534

21 0.64077

22 0.629369

23 0.647833

24 0.595741

25 0.675653

26 0.730399

27 0.740412

28 0.802091

29 0.861277

30 0.9037

31 0.970322

32 0.934379

33 1.03986

34 0.873163

35 0.938608

36 1.08543

37 1.07197

38 0.953709

39 0.646114

40 -0.538826

41 -0.7674

42 -0.907945

43 -0.974457

44 -0.897697

45 -1.05927

46 -1.1402

47 -1.20599

48 -1.23894

49 -1.33565

50 -1.31013

51 -1.55064

52 -1.38101

53 -1.37816

54 -1.32012

55 -1.32067

56 -1.23571

57 -0.911931

58 -0.837756

59 -0.840466

60 -0.804915

61 -0.792911

62 -0.740838

63 -0.811158

64 -0.771052

65 -0.528996

66 -0.495586

67 -0.44319

68 -0.355102

69 -0.314434

70 -0.235107

71 -0.267876

72 -0.328569

73 -0.704985

74 -0.752175

75 -0.751476

76 -0.78872

77 -0.979422

78 -0.864432

79 -0.908919

80 -0.911407

81 -0.971692

82 -0.97549

83 -1.03979

84 -1.08221

85 -1.09822

86 -0.988752

87 -1.04309

88 -1.02137

