6 -0.0563387

7 -0.0584532

8 -0.094843

9 -0.185268

10 -0.213617

11 -0.206303

12 -0.236327

13 -0.217704

14 -0.227843

15 -0.239824

16 -0.147751

17 -0.296625

18 -0.325015

19 -0.569553

20 -0.68437

21 -0.784806

22 -0.724212

23 -0.706034

24 -0.70995

25 -0.735828

26 -0.717079

27 -1.02954

28 -1.07377

29 -1.10478

30 -1.14497

31 -1.17808

32 -1.10544

33 -0.979733

34 -0.975001

35 -1.0087

36 -0.803739

37 -0.773996

38 -0.314226

39 -0.244623

40 -0.29179

41 -0.284343

42 -0.272388

43 -0.272673

44 -0.123114

45 -0.0853985

46 -0.117593

47 -0.151292

48 0.0481216

49 0.241886

50 0.294041

51 0.179157

52 0.236048

53 0.162059

54 0.401014

55 0.270926

56 0.568834

57 0.878585

58 0.868896

59 0.984772

60 1.11468

61 0.983034

62 1.17752

63 1.32488

64 1.37085

65 1.38488

66 1.43657

67 1.5477

68 1.52694

69 1.50327

70 1.38834

71 0.70568

72 0.53813

73 0.715513

74 0.5687

75 0.426453

76 0.525159

77 0.447849

78 0.521977

79 0.463892

80 0.31492

81 0.15265

82 -0.206451

83 -0.266061

84 -0.293832

85 -0.374938

86 -0.306526

87 -0.439506

88 -0.406592

89 -0.257893

90 -0.391359

