6 0.0152202

7 0.0522094

8 0.0703672

9 0.0749869

10 0.0724641

11 0.00263625

12 -0.0201897

13 0.043609

14 0.0465016

15 -0.0355972

16 -0.191634

17 -0.127645

18 -0.0753358

19 -0.0959193

20 -0.109845

21 -0.103803

22 -0.147319

23 -0.0670835

24 0.0275304

25 0.0508064

26 0.0872573

27 0.107189

28 0.121924

29 0.0711092

30 -0.0221206

31 0.0230054

32 -0.0210942

33 -0.301964

34 -0.562422

35 -0.484581

36 -0.502713

37 -0.488363

38 -0.491464

39 -0.414427

40 -0.437535

41 -0.445645

42 -0.464902

43 -0.510363

44 -0.449952

45 -0.244311

46 -0.193131

47 -0.256329

48 -0.173992

49 0.0797047

50 0.0682744

51 0.0489588

52 0.00782853

53 -0.155001

54 -0.608402

55 -0.646964

56 -0.655839

57 -0.747643

58 -0.678419

59 -0.635641

60 -0.678819

61 -0.590083

62 -0.573081

63 -0.805332

64 -0.958849

65 -1.02272

66 -1.15962

67 -1.14474

68 -1.02394

69 -1.04781

70 -0.922012

71 -1.02594

72 -1.14597

73 -1.15697

