6 -0.00516461

7 0.0285386

8 0.109796

9 0.0892898

10 0.107215

11 0.0970643

12 -0.0103596

13 -0.0139134

14 -0.0556837

15 -0.0760312

16 -0.117581

17 -0.0420241

18 0.0839173

19 0.069521

20 0.209057

21 0.245939

22 0.17438

23 0.272856

24 0.239963

25 0.35161

26 -0.0275077

27 -0.0470692

28 -0.212357

29 -0.244953

30 1.05047

31 1.0946

32 1.14156

33 1.13756

34 1.09471

35 1.16549

36 1.19513

37 1.2793

38 1.17623

39 1.29435

40 1.2652

41 1.16169

42 1.18088

43 1.04673

44 1.00416

45 0.931994

46 0.891842

47 0.981062

48 0.787994

49 0.789651

50 0.537776

51 0.759742

52 0.639011

53 0.629336

54 0.706086

55 0.949835

56 1.39395

57 1.21642

58 1.16252

59 1.12955

60 1.19737

61 1.30426

62 1.41129

63 1.2453

64 -0.00528411

65 -0.214569

66 -0.236706

67 -0.0541393

68 -0.164521

69 0.105206

70 0.187086

71 0.16734

72 0.0007883

73 -0.123583

74 -0.149897

75 -0.0956169

76 -0.183207

77 -0.284885

78 -0.331573

79 -0.324658

80 -0.24953

81 -0.242418

82 -0.315209

83 -0.350694

84 -0.342279

85 -0.291182

86 -0.127289

87 0.0824572

88 0.107358

89 0.129143

90 0.239062

91 0.263551

92 0.336287

93 0.4188

94 0.486635

95 0.464937

96 0.52266

97 0.524452

98 0.310308

99 0.354407

100 0.313387

101 0.315492

102 0.426512

103 0.220458

104 0.460235

105 0.825074

106 1.08166

107 1.16048

108 1.17569

109 1.29967

110 1.33394

111 1.23326

112 1.2604

113 1.09495

114 1.18264

115 1.16728

116 1.11766

117 1.03123

118 0.96138

119 0.718804

120 0.721872

121 0.739243

122 0.791095

123 0.742877

124 0.742264

125 0.782302

126 0.940751

127 1.02827

128 1.01872

129 0.834516

130 0.925154

131 1.09024

132 1.12836

133 1.1904

134 1.40141

135 1.40762

136 1.51573

137 1.66129

138 1.66529

139 1.6773

140 1.64966

141 1.81637

142 1.93474

143 1.88914

144 1.92138

145 1.8701

146 2.05875

147 1.75125

148 1.79653

149 1.73954

150 1.73703

151 1.80146

152 1.90841

153 1.94783

154 2.02224

155 2.02829

156 2.03649

157 2.13686

158 2.2187

159 2.17526

160 2.2071

161 2.22766

162 2.32351

163 2.07492

164 2.05015

165 1.29481

166 1.14759

167 1.06319

168 1.04993

169 1.08893

170 1.05378

171 0.951333

172 0.884087

173 1.01922

