6 -0.0168406

7 -0.00830993

8 0.0129322

9 0.0528867

10 0.189952

11 0.274119

12 0.282183

13 0.289446

14 0.297971

15 0.33372

16 0.324718

17 0.225108

18 0.257142

19 0.347868

20 0.253051

21 0.308389

22 0.239405

23 0.20625

24 0.366897

25 0.466457

26 0.400976

27 0.322822

28 0.307336

29 0.417546

30 0.317226

31 0.502285

32 0.714147

33 0.722558

34 0.751775

35 0.708301

36 0.822801

37 0.533487

38 0.478377

39 0.277814

40 0.15608

41 0.119061

42 0.0286975

43 -0.0476752

44 -0.0498858

45 -0.0116601

46 0.0310805

47 -0.0155139

48 -0.0428478

49 -0.0327652

50 -0.130802

51 -0.115583

52 -0.125521

53 -0.00856826

54 0.117218

55 0.235615

56 0.390573

57 0.387682

58 0.00448715

59 -0.199898

60 -0.166157

61 -0.0473311

62 -0.0276925

63 -0.0442553

64 0.00135126

65 0.0114583

66 0.602367

67 0.567054

68 0.560929

69 0.591304

70 0.571634

71 0.515389

72 0.523809

73 0.489547

74 0.511634

75 0.588258

76 0.60709

77 0.622464

78 0.565975

79 0.558626

80 0.476166

81 0.399837

82 0.442388

83 0.582754

84 0.516503

85 0.54372

86 0.667212

87 0.715984

88 0.674394

89 0.802045

90 0.750409

91 0.865569

92 0.798303

93 0.735723

94 0.546318

95 0.404963

96 0.40382

97 0.417016

98 0.470243

99 0.408787

100 0.468944

101 0.431499

102 0.438802

103 0.44086

104 0.54045

105 0.591147

106 0.634969

107 0.770369

108 0.908651

109 0.895755

110 1.05877

111 1.1171

112 1.07678

113 1.04647

114 0.823945

115 0.993614

116 1.1923

117 1.21918

118 1.26351

119 1.47291

120 1.5824

121 1.51134

122 1.57813

123 1.54156

124 1.34801

125 1.20721

126 1.1874

127 1.19049

128 1.10784

129 0.967809

130 0.906776

131 1.02577

132 1.54104

133 1.54249

134 1.69516

135 1.49903

136 1.43645

137 0.833464

138 0.871417

139 0.854283

140 0.861732

141 0.990089

142 1.09335

143 0.987204

144 0.862802

145 0.795211

146 0.797162

147 0.974873

148 0.947653

149 0.969962

150 0.953905

151 0.966666

152 0.984804

153 0.865166

154 0.815528

155 0.674501

156 0.648272

157 0.599567

158 0.44203

159 0.393143

160 0.516995

161 0.46041

162 0.551492

163 0.509296

164 0.440845

165 0.34006

166 0.24391

167 0.312244

168 0.336693

169 0.22838

170 0.051936

171 -0.0163695

172 -0.0249972

173 -0.0937161

174 -0.285671

175 -0.62072

176 -0.72934

177 -0.74537

178 -0.572342

179 -0.553151

180 -0.483114

181 -0.46286

182 -0.382185

183 -0.372601

184 -0.192623

185 -0.237248

186 -0.0551398

187 0.00232721

188 0.0045409

189 0.0534687

190 0.13466

191 0.09593

192 -0.0284836

193 -0.804656

194 -0.818719

195 -0.852252

196 -0.774503

197 -0.763856

198 -0.841085

199 -0.642231

200 -0.544146

201 -0.527237

202 -1.32481

