6 -0.0525864

7 -0.0603686

8 -0.0344713

9 -0.0389116

10 -0.0197406

11 0.0319196

12 0.162841

13 0.180651

14 0.276915

15 0.180027

16 0.233155

17 0.142161

18 0.20288

19 0.114191

20 0.098362

21 0.0434593

22 -0.101902

23 -0.115732

24 -0.200032

25 -0.392446

26 -0.524081

27 -0.761727

28 -0.845993

29 -0.943939

30 -0.973418

31 -0.944204

32 -0.826227

33 -0.797309

34 -0.777765

35 -0.77435

36 -0.809629

37 -0.835284

38 -0.755847

39 -0.948606

40 -0.918158

41 -2.00626

42 -2.17083

43 -2.14035

44 -2.06178

45 -2.19657

46 -2.02122

47 -2.05278

48 -1.99716

