6 -0.0740537

7 -0.0926531

8 -0.121092

9 -0.168966

10 -0.193311

11 -0.179609

12 -0.21485

13 -0.266511

14 -0.352729

15 -0.353532

16 -0.418178

17 -0.283381

18 -0.175694

19 -0.169239

20 -0.216628

21 -0.240911

22 -0.20011

23 -0.219186

24 -0.286539

25 -0.282341

26 -0.31946

27 -0.608759

28 -0.629838

29 -0.638682

30 -0.519886

31 -0.473258

32 -0.339498

33 -0.342102

34 -0.526765

35 -0.418162

36 -0.130707

37 -0.0399004

38 0.00244806

39 -0.0241624

40 0.00262509

41 -0.131645

42 -0.280115

43 -0.793434

