6 0.0636119

7 0.129142

8 0.0492253

9 0.173735

10 0.294728

11 0.309025

12 0.211891

13 0.227064

14 0.205834

15 0.174203

16 0.122644

17 0.113948

18 0.0429069

19 0.0990466

20 0.142917

21 0.190355

22 0.286438

23 0.320175

24 0.45191

25 0.486141

26 0.451738

27 0.489201

28 0.684059

29 0.724233

30 0.703534

31 0.822788

32 0.800573

33 0.866567

34 0.803626

35 0.688666

36 0.655109

37 0.774353

38 0.507092

39 0.447444

40 0.514446

41 0.445454

42 0.319244

43 0.254554

44 0.126265

45 0.0410009

46 -0.0781304

