6 0.000628538

7 0.0810341

8 0.0905702

9 0.0939676

10 0.128294

11 0.209683

12 0.100859

13 0.197274

14 -0.130175

15 -0.063435

16 -0.109197

17 0.0594947

18 0.280715

19 0.311911

20 0.403307

21 0.495814

22 0.589519

23 0.458079

24 0.583212

25 0.655074

26 0.693414

27 0.791343

28 0.837671

29 0.868685

30 0.974263

31 1.06646

32 1.11094

33 1.26233

34 1.61202

35 1.61232

36 1.64458

37 1.6971

38 1.68129

39 1.54046

40 1.52494

41 2.6177

42 2.63118

43 2.65357

44 2.71262

45 2.57989

46 2.5754

47 2.59872

48 2.78577

49 3.10834

50 3.11597

51 3.353

