6 -0.0905037

7 -0.160375

8 -0.287736

9 -0.300616

10 -0.322619

11 -0.371133

12 -0.374028

13 -0.354527

14 -0.44147

15 -0.482551

16 -0.354263

17 -0.265536

18 -0.233921

19 -0.314401

20 -0.360193

21 -0.347521

22 -0.295383

23 -0.336388

24 -0.207904

25 0.545452

26 0.552508

27 0.549192

28 0.492687

29 -0.425087

30 -0.419354

31 -0.380602

32 -0.430583

33 -0.375732

34 -0.235176

35 -0.166029

36 -0.217622

37 -0.125409

38 -0.0838675

39 -0.0843791

40 -0.185871

41 -0.167562

42 -0.106985

43 -0.0965995

44 -0.146211

45 -0.212172

46 -0.141928

47 -0.280459

48 -0.303547

49 -0.34878

50 -0.504265

51 -0.507041

52 -0.416078

53 -0.428494

54 -0.350358

55 -0.367368

56 -0.356025

57 -0.2851

58 -0.343852

59 -0.384558

60 -0.36636

61 -0.430515

62 -0.437366

63 -0.462636

64 -0.633846

65 -0.720247

66 -0.713169

67 -0.766498

68 -2.22776

69 -2.18043

70 -2.17397

71 -2.19715

72 -2.08768

73 -2.04012

74 -1.93842

75 -1.81483

76 -1.77664

77 -1.81175

78 -1.70473

79 -1.73405

80 -1.64045

81 -1.91875

82 -1.91998

83 -1.6287

84 -1.72202

85 -1.70005

86 -1.71614

87 -1.72075

88 -1.6471

89 -1.67175

90 -1.66287

91 -1.67862

92 -3.26708

93 -3.30607

94 -3.29382

95 -3.33427

96 -3.35584

97 -3.2975

98 -3.27355

99 -3.45697

100 -3.51226

101 -3.58243

102 -3.6043

103 -3.69389

104 -3.68861

105 -3.9201

106 -3.99049

107 -4.11022

108 -4.1129

109 -4.02821

110 -3.88274

111 -3.84632

