6 0.116816

7 0.117721

8 0.120643

9 0.120905

10 0.136558

11 0.126296

12 0.13935

13 0.109284

14 0.213916

15 0.317314

16 0.229124

17 0.279997

18 0.345043

19 0.261258

20 0.231101

21 0.515138

22 0.728389

23 0.589929

24 0.490698

25 0.457612

26 0.477295

27 0.197699

28 0.0398042

29 0.018383

30 0.056465

31 0.145987

32 0.15168

33 0.157809

34 0.11303

35 0.114647

36 0.208743

37 0.183574

38 0.163091

39 0.205003

40 0.152335

41 0.213941

42 0.439173

43 0.619611

44 0.594875

45 0.160632

46 0.113001

47 0.124495

48 0.168604

49 0.213138

50 0.251857

51 0.19311

52 0.150201

53 -0.277351

54 -0.513326

55 -0.683656

56 -0.824512

57 -0.859782

58 -0.810174

59 -0.820599

60 -0.806714

61 -0.898461

62 -0.820565

63 -0.547199

64 -0.29097

65 -0.176716

66 -0.0601797

67 0.127354

68 0.0634862

69 0.13835

70 -0.215722

71 -0.443576

72 -0.714179

73 -0.701959

74 -0.916471

75 -0.671899

76 -0.513387

77 -0.608962

78 -0.668555

79 -0.578727

80 -0.641456

81 -0.581754

82 -0.661581

83 -0.748143

84 -0.707088

85 -0.842342

86 -0.712662

87 -0.658086

88 -0.602281

89 0.0582221

90 -0.0601471

91 -0.281088

92 -0.33376

