6 -0.0886745

7 -0.095371

8 -0.0962941

9 -0.07366

10 -0.11901

11 -0.16039

12 -0.35818

13 -0.364272

14 -0.345945

15 -0.285429

16 -0.485268

17 -0.571433

18 -0.571052

19 -0.596209

20 -0.648287

21 -0.659756

22 -0.585789

23 -0.544364

24 -0.564503

25 -0.507497

26 -0.4073

27 -0.336741

28 -0.342076

29 -0.214335

30 -0.332991

31 -0.150606

32 -0.2839

33 -0.143279

34 0.143643

35 0.239043

36 0.274171

37 0.320586

38 0.378078

39 0.458563

40 0.519451

41 0.571948

42 0.435897

43 0.651842

44 0.785858

45 0.780525

46 1.02975

47 1.10968

48 1.23639

49 1.36707

50 1.48585

51 1.50579

52 1.40066

53 1.31949

54 1.39824

55 1.2211

56 1.25352

57 1.07714

58 1.15632

59 1.22199

60 1.37144

61 1.64876

62 1.92605

63 1.95389

64 1.86527

65 1.53607

66 1.63114

67 1.9666

68 2.0589

69 2.5227

70 2.75491

71 2.71479

72 2.81493

73 2.79482

74 2.77232

75 2.78808

76 2.90963

77 3.06752

78 3.12986

79 3.13703

80 3.05704

81 3.15828

82 2.96093

83 2.97194

84 3.00352

85 3.07796

86 3.14229

87 3.15131

88 3.12447

89 3.13896

90 3.2099

91 3.0693

92 3.05982

93 3.05526

94 3.01607

95 2.95346

96 2.9888

97 2.67518

98 2.71159

99 2.7192

100 2.67672

101 2.62111

102 2.59826

103 2.6371

104 2.8705

105 3.00445

106 3.30001

107 3.25891

108 3.23759

109 3.56228

110 3.30693

111 3.62858

112 3.68489

113 3.90277

114 3.94787

115 3.99452

116 4.08428

117 4.10067

118 4.20661

119 4.22592

120 4.16218

121 4.16425

122 4.08545

123 4.19077

124 3.9574

125 3.80956

126 3.77997

127 3.77277

128 3.64745

129 3.73673

130 3.73871

131 3.88113

132 4.06629

133 4.16757

134 4.21

135 4.16676

136 4.2713

137 4.25232

138 4.27482

139 4.15929

140 4.26964

141 4.14725

142 3.98689

143 4.00018

144 4.18112

145 4.22699

146 4.29116

147 4.30702

148 4.2774

149 4.25684

150 4.43523

151 4.52564

152 4.56679

153 4.63861

154 4.56081

155 4.49695

156 5.06373

157 5.04625

158 5.10029

159 5.12917

160 5.20146

161 5.22562

162 5.33401

163 5.21572

164 5.29317

165 5.29414

166 5.36471

167 5.4005

168 5.23343

169 5.30852

170 5.58356

