6 0.0215427

7 0.0068034

8 0.00999207

9 -0.108666

10 -0.156353

11 -0.159716

12 -0.0470099

13 0.0221373

14 0.115298

15 0.102263

16 0.0526998

17 0.110121

18 0.156411

19 0.280252

20 0.307497

21 0.407943

22 0.323412

23 0.394022

24 0.3678

25 0.393052

26 0.439349

27 0.558984

28 0.500968

29 0.527369

30 0.454918

31 0.431964

32 0.536641

33 1.36246

34 1.41688

35 1.4993

36 1.52239

37 1.49313

38 1.45013

39 1.56897

40 1.37217

41 1.56367

42 1.76309

43 1.80397

44 1.7856

45 1.88243

46 2.00108

