6 -0.100923

7 -0.11821

8 -0.155361

9 -0.177327

10 -0.198343

11 -0.212555

12 -0.214752

13 -0.221289

14 -0.288514

15 -0.281176

16 -0.147926

17 -0.227187

18 -0.125927

19 -0.187607

20 0.254807

21 0.316885

22 0.340195

23 0.301158

24 0.318348

25 0.41431

26 0.025383

27 -0.0374189

28 -0.0295718

29 -0.0641289

30 -0.0234486

31 0.199289

32 0.423177

33 1.6458

34 1.79003

35 1.82548

36 1.85281

37 1.98632

38 2.15148

39 2.2056

40 2.10861

41 2.1568

42 2.38057

43 2.36541

44 2.50391

45 2.57696

46 2.72841

47 2.79309

48 2.51061

49 1.71947

50 1.69529

51 1.66853

52 1.62165

53 1.69715

54 1.68315

55 1.66338

56 1.65336

57 1.67407

58 1.72221

59 1.05756

