6 -0.0468266

7 -0.0722181

8 -0.120911

9 -0.15272

10 -0.150081

11 -0.163437

12 -0.225226

13 -0.244526

14 -0.163509

15 -0.157084

16 -0.286891

17 -0.336593

18 -0.38866

19 -0.395638

20 -0.433729

21 -0.538876

22 -0.412966

23 -0.30301

24 -0.237619

25 -0.172405

26 -0.0588152

27 -0.075478

28 -0.0735374

29 -0.0187477

30 0.00780748

31 0.0264409

32 -0.0171688

33 -0.0557825

34 0.00515883

35 -0.0394067

36 -0.323945

37 -0.488665

38 -0.499636

39 -0.719849

40 -0.777441

41 -0.796546

42 -0.755141

43 -0.811147

44 -0.828209

45 -0.842887

46 -0.817711

47 -0.704466

48 -0.669006

49 -0.770152

50 -0.754604

51 -0.51043

52 -0.40417

53 -0.438585

54 -0.576185

55 -0.620324

56 -0.938555

57 -0.950982

58 -0.954907

59 -1.06403

60 -0.970562

61 -0.925708

62 -1.00496

63 -0.917541

64 -0.942233

65 -1.38957

66 -1.46834

67 -1.49471

68 -1.37864

69 -1.19261

70 -1.23965

71 -1.51343

72 -1.26789

73 -1.44818

74 -1.6769

75 -1.32166

76 -1.11365

77 -1.04204

78 -0.997086

79 -1.01341

80 -1.08666

81 -1.08121

82 -1.11149

83 -1.16213

84 -1.16199

85 -1.15461

86 -1.1703

87 -1.23101

88 -1.27135

89 -1.30629

90 -1.31543

91 -1.20117

92 -1.30581

93 -1.5265

94 -1.34276

95 -1.33744

96 -1.34276

97 -1.37447

98 -1.33834

99 -1.33268

100 -1.29748

101 -1.31649

102 -1.52862

103 -1.79992

104 -1.78414

105 -1.83663

106 -1.88723

107 -1.85577

108 -1.73168

109 -1.76791

110 -1.81353

111 -1.88572

112 -2.00726

113 -2.11516

114 -2.18993

115 -2.13251

116 -1.91469

117 -1.95856

118 -1.92258

119 -2.90551

120 -3.01901

121 -2.97464

122 -2.97781

123 -2.90577

124 -2.83525

125 -2.90636

126 -3.07053

127 -3.07444

128 -3.07741

129 -3.01216

130 -2.86456

131 -2.76956

132 -2.85259

133 -2.90412

134 -3.13842

135 -3.10202

136 -3.12556

