6 0.0396201

7 0.139863

8 0.110101

9 0.199622

10 0.0631345

11 0.192696

12 0.200901

13 0.20566

14 0.165515

15 0.150884

16 0.249365

17 0.491262

18 0.525142

19 0.546606

20 0.534222

21 0.565193

22 0.547128

23 0.578735

24 0.59429

25 0.52448

26 0.568677

27 0.432388

28 0.432277

29 0.548821

30 0.318529

31 0.118635

32 0.220729

33 0.318235

34 0.338189

35 0.228544

36 0.182276

37 0.154686

38 0.263741

39 0.407257

40 0.374848

41 0.392766

42 0.396468

43 0.271983

44 0.130223

45 0.0973897

46 0.208931

47 0.189875

48 0.260787

49 0.366834

50 0.362414

51 0.155386

52 -0.140547

53 -0.351654

54 -0.275529

55 -0.143173

56 -0.168808

57 -0.320748

58 -0.496245

59 -0.382413

60 -0.345124

61 -0.294669

62 -0.349118

63 -0.771387

64 -0.82216

65 -0.698257

66 -0.680807

67 -0.746649

68 -0.793711

69 -0.80958

70 -0.700772

71 -0.777274

72 -0.76354

73 -0.711216

74 -1.47392

75 -1.46552

76 -1.56502

77 -1.63287

78 -1.62897

79 -1.64882

