6 -0.0114908

7 -0.0563248

8 -0.0698197

9 -0.0860723

10 -0.110982

11 -0.116658

12 -0.116262

13 -0.119496

14 -0.184173

15 -0.217028

16 -0.143555

17 -0.0832869

18 -0.179423

19 -0.347461

20 -0.27304

21 -0.217721

22 -0.247038

23 -0.213659

24 -0.223199

25 -0.35358

26 -0.254306

27 -0.157662

28 -0.127634

29 -0.160121

30 -0.356498

31 -0.353907

32 -0.590776

33 -0.5964

34 -0.640035

35 -0.664848

36 -0.631218

37 -0.587572

38 -0.646932

39 -0.569704

40 -0.239475

41 -0.243112

42 -0.419614

43 -0.43725

44 -0.883164

45 -0.888054

46 -0.965619

47 -1.07863

48 -0.983136

49 -0.937809

50 -0.997862

51 -0.892819

52 -0.869455

53 -1.06715

54 -1.13757

55 -1.07904

56 -1.12095

57 -0.967395

