6 -0.0828921

7 -0.0915885

8 -0.0253929

9 -0.112044

10 -0.0724405

11 -0.120918

12 -0.164513

13 -0.32498

14 -0.389534

15 -0.568278

16 -0.501677

17 -0.48289

18 -0.464112

19 -0.45111

20 -0.301445

21 -0.250767

22 -0.260932

23 -0.165032

24 -0.154308

25 -0.0824929

26 -0.140502

27 -0.067577

28 -0.100049

29 -0.106636

30 -0.0445759

31 -0.0922008

32 -0.123005

33 -0.239763

34 -0.246743

35 -0.287122

36 -0.347599

37 -0.512338

38 -0.485267

39 -0.586675

40 -0.719232

41 -0.779874

42 -0.819144

43 -0.80918

44 -0.90838

45 -1.19174

46 -1.21946

47 -1.17565

48 -1.25862

49 -1.25102

50 -1.25543

51 -1.08447

52 -1.29617

53 -1.3331

54 -1.37114

55 -1.51068

56 -1.53857

57 -1.36838

58 -1.36543

59 -1.36233

60 -1.40525

61 -1.40727

62 -1.36608

63 -1.37021

64 -1.69643

65 -1.70295

66 -1.65621

67 -1.6877

68 -1.76104

69 -1.65945

70 -1.6419

71 -1.85321

72 -1.94914

73 -2.0131

74 -2.04275

75 -1.87717

76 -1.56322

