6 -0.0173353

7 -0.0787965

8 -0.277165

9 -0.35103

10 -0.482162

11 -0.580723

12 -0.574503

13 -0.570794

14 -0.521364

15 -0.478419

16 -0.507685

17 -0.394833

18 -0.236959

19 -0.253898

20 -0.874626

21 -0.803751

22 -0.618924

23 -0.543548

24 -0.544184

25 -0.55095

26 -0.541807

27 -0.453421

28 -0.475342

29 -0.440356

30 -0.597754

31 -0.4635

32 -0.518539

33 -0.612339

34 -0.624599

35 -0.722939

36 -0.724689

37 -0.567762

38 -0.712214

39 -0.688808

40 -0.807813

41 -0.969242

42 -0.822403

43 -0.773097

44 -0.867662

45 -0.766241

46 -0.755416

47 -0.739884

48 -0.773717

49 -0.848935

50 -0.875268

51 -0.898346

52 -0.810105

53 -0.785199

54 -0.858539

55 -0.966822

56 -0.998183

57 -1.32914

58 -2.33289

59 -2.47568

60 -2.33346

61 -2.33301

62 -2.43244

63 -2.52195

64 -2.49926

65 -2.5509

66 -2.57714

67 -2.58126

68 -2.58553

69 -2.74028

70 -3.37801

71 -3.37785

72 -3.47706

73 -3.55067

74 -3.54261

75 -3.41288

76 -3.34592

77 -3.33249

78 -3.29475

79 -3.44441

80 -3.50048

81 -3.43747

82 -3.71556

83 -3.83285

84 -3.82904

85 -3.87328

86 -3.94277

87 -3.83324

88 -3.87205

89 -4.02612

90 -3.99609

91 -3.88468

92 -3.80739

93 -3.69017

94 -3.6424

95 -3.59321

96 -3.57088

97 -3.48179

98 -3.49259

99 -3.56325

100 -3.32701

101 -3.1614

102 -3.09158

103 -2.87257

104 -2.85153

105 -2.75261

106 -2.75227

107 -2.72444

108 -2.71648

109 -2.71292

110 -2.73805

111 -2.66995

112 -2.49396

113 -2.4128

114 -2.35878

115 -2.25955

116 -2.32324

117 -2.47729

118 -2.46948

119 -2.51919

120 -2.89312

121 -2.92793

122 -2.92927

123 -2.80621

124 -2.5636

125 -2.60542

126 -2.78004

127 -2.82519

128 -2.69807

129 -2.76008

130 -2.69984

131 -3.47459

132 -3.75352

133 -3.78789

134 -3.64837

135 -3.46711

136 -3.51767

137 -3.49852

138 -3.26036

139 -3.51104

140 -3.62464

141 -3.66206

142 -4.19335

143 -4.25574

144 -4.2242

145 -4.12732

146 -4.25205

147 -4.10074

148 -4.13437

149 -4.0179

150 -3.88306

151 -3.92146

152 -4.17668

153 -4.20366

154 -4.91636

155 -4.93045

156 -4.87427

157 -4.86325

158 -5.04204

159 -4.99252

160 -4.87529

161 -5.01628

162 -5.06341

