6 0.118452

7 0.183785

8 0.191391

9 0.173499

10 0.171797

11 0.131397

12 0.137999

13 0.153507

14 0.152196

15 0.129395

16 0.175586

17 0.108312

18 0.136944

19 0.158979

20 -0.049372

21 -0.31249

22 -0.397184

23 -0.474527

24 -0.539636

25 -0.553705

26 -0.599467

27 -0.617328

28 -0.658161

29 -0.630691

30 -0.65984

31 -0.735293

32 -0.723653

33 -0.738409

34 -0.982007

35 -0.929795

36 -1.22687

37 -1.30884

38 -1.37411

39 -1.3742

40 -1.41798

41 -1.391

42 -1.50869

43 -1.48436

44 -1.62199

45 -1.42577

46 -1.49108

47 -1.46991

48 -1.47576

49 -1.60955

50 -1.78437

51 -1.85528

52 -1.97352

53 -1.99617

54 -2.07204

55 -2.14442

56 -2.1207

57 -2.1191

58 -2.19571

59 -2.18335

60 -2.23583

61 -2.15965

62 -2.24057

63 -2.33505

64 -2.2982

65 -1.92491

66 -1.87056

67 -1.8866

68 -1.89414

69 -1.83782

70 -1.9543

71 -1.93927

72 -3.22743

73 -3.30713

74 -3.34695

75 -3.385

76 -3.30878

77 -3.14831

78 -3.07157

79 -3.03858

80 -2.89

81 -2.80882

82 -2.69842

83 -2.79723

84 -2.67295

85 -2.40871

86 -2.15118

87 -2.30306

88 -2.73162

89 -2.95667

90 -3.15265

91 -3.12802

92 -3.15094

93 -3.32736

94 -3.26697

95 -3.43879

96 -3.3347

97 -3.41387

98 -3.50503

99 -3.56536

100 -3.66473

101 -3.87685

102 -3.8458

103 -3.81421

104 -3.75805

105 -3.77401

106 -3.73742

107 -3.81391

108 -3.75008

109 -3.86118

110 -3.82759

111 -3.76762

112 -3.74348

113 -3.70961

114 -3.5298

115 -3.55642

116 -3.85328

117 -3.90337

118 -4.05952

119 -4.14992

120 -3.96811

121 -3.9193

122 -3.87466

123 -3.83263

124 -3.77194

125 -3.83931

126 -4.36907

127 -4.53271

128 -4.57739

129 -4.63968

130 -4.68902

131 -4.78362

132 -4.77095

133 -4.92818

134 -4.91971

135 -5.1058

136 -5.04292

137 -5.71035

138 -5.73428

139 -5.73732

140 -5.69839

141 -5.67169

142 -5.69568

143 -5.71193

144 -5.87091

145 -5.88389

146 -5.92569

147 -5.82988

148 -5.65985

149 -5.71224

150 -5.68573

151 -5.67139

152 -5.83255

153 -5.72704

154 -5.67081

