6 0.0245648

7 -0.0110902

8 0.0368037

9 0.0333607

10 0.0274021

11 0.0767534

12 0.17661

13 0.1635

14 -0.0805424

15 -0.0475064

16 -0.0491984

17 0.0108829

18 -0.331248

19 -0.318634

20 -0.341273

21 -0.347583

22 -0.204772

23 0.0155106

24 0.0403052

25 0.0880328

26 0.0824557

27 -0.069178

28 -0.15863

29 -0.190265

30 -0.258521

31 -0.0683283

32 -0.0618454

33 -0.707401

34 -0.797736

35 -0.854329

36 -0.83589

37 -0.642985

38 -0.725766

39 -0.469521

40 -0.433308

41 -0.466017

42 -0.489878

43 -0.331543

44 -0.620956

45 -1.37709

46 -1.40058

47 -1.33416

48 -1.21068

49 -1.22964

50 -1.10878

51 -1.07642

52 -1.24796

53 -1.19135

54 -0.9207

55 -0.889783

56 -0.831135

57 -0.929046

58 -1.07502

59 -1.25429

60 -1.49958

61 -2.35853

62 -2.41898

63 -2.45308

64 -2.47836

65 -2.5727

66 -2.7174

67 -2.87766

68 -2.89756

69 -3.16805

