6 -0.124191

7 -0.121301

8 -0.210517

9 -0.256373

10 -0.326492

11 -0.373948

12 -0.429565

13 -0.387936

14 -0.285936

15 -0.224433

16 -0.369827

17 -0.40718

18 -0.866592

19 -0.880363

20 -0.879227

21 -1.00098

22 -1.14488

23 -1.14696

24 -1.09946

25 -1.06249

26 -1.03379

27 -1.01626

28 -0.926213

29 -0.88282

30 -0.875367

31 -0.777937

32 -0.997367

33 -0.837295

34 -0.743159

35 -0.830813

36 -0.975753

37 -1.00173

38 -1.05672

39 -1.07422

40 -1.05138

41 -1.04002

42 -0.967659

43 -0.911382

44 -0.851174

45 -0.773014

46 -0.785147

47 -0.695809

48 -0.817351

49 -0.734042

50 -0.553621

51 -0.472824

52 -0.441997

53 -0.437789

54 -0.350879

55 -0.4486

56 -0.440337

57 -0.431258

58 -0.427697

59 -0.447306

60 -0.369333

61 -0.484247

62 -0.471067

63 -0.531678

64 -0.444127

65 -0.604101

66 -0.32169

67 -0.382123

68 -0.0349622

69 -0.00826175

70 -0.657461

71 -0.922726

72 -0.346687

73 0.225806

74 0.255744

75 0.510877

76 0.827242

77 1.02464

78 1.32561

79 1.33475

80 1.32921

81 1.38062

82 1.34492

83 1.43273

84 1.49899

85 1.58181

86 1.61119

87 1.71426

88 1.67068

89 1.60509

90 1.62899

91 1.75209

92 1.68674

93 1.58709

94 1.52047

95 1.30111

96 1.31399

97 1.32373

98 1.34995

99 1.42171

100 1.29354

101 1.67116

102 1.84814

103 1.84523

104 1.70795

105 1.75419

106 1.72869

107 1.81561

108 1.59899

109 1.74491

110 2.00718

111 2.12757

112 2.35328

113 2.45544

114 2.51535

115 2.50836

116 2.52019

117 2.60404

118 2.55871

119 2.48219

120 2.54074

121 2.36104

122 2.31154

123 1.975

124 2.01434

125 1.97717

126 1.93199

127 1.93224

128 1.85575

129 1.75664

130 1.64146

131 1.60999

132 1.57194

133 1.67876

134 1.68573

135 1.69446

136 1.68039

