6 -0.152651

7 -0.14254

8 -0.139319

9 -0.150943

10 -0.412223

11 -0.654467

12 -0.657497

13 -0.986226

14 -0.926642

15 -0.860135

16 -0.822096

17 -0.732356

18 -0.73017

19 -0.681184

20 -0.664383

21 -0.761301

22 -0.715603

23 -0.767043

24 -0.883244

25 -1.0625

26 -1.07216

27 -1.13513

28 -1.44447

29 -1.39593

30 -1.46546

31 -1.49897

32 -1.5585

33 -1.56788

34 -1.51635

35 -1.49154

36 -1.5111

37 -1.57427

38 -1.58193

39 -1.52578

40 -1.42401

41 -1.32674

42 -1.32806

43 -1.28908

44 -1.4396

45 -1.39893

46 -1.58919

47 -1.69493

48 -1.79293

49 -1.83816

50 -2.06533

51 -2.07301

52 -2.02324

53 -1.95618

54 -1.93112

55 -1.92216

56 -1.84954

57 -1.82199

58 -1.88956

59 -1.84984

60 -1.72373

61 -1.68486

62 -1.65245

63 -1.76009

64 -1.90506

65 -1.99472

66 -2.17623

67 -2.34737

