6 -0.0169564

7 0.0967295

8 -0.0194852

9 0.0229516

10 -0.0119482

11 0.123233

12 0.190397

13 0.246625

14 0.220415

15 0.271153

16 0.428172

17 0.631819

18 0.723524

19 0.737058

20 0.702523

21 0.691143

22 0.720847

23 0.829779

24 0.92102

25 0.967268

26 1.00284

27 1.08229

28 1.13881

29 1.13579

30 1.15101

31 1.26003

32 1.51352

33 1.53753

34 1.62694

35 1.6398

36 1.68572

37 1.85701

38 2.06006

39 2.15007

40 2.22438

41 2.23857

42 2.28888

43 2.18928

44 2.25879

45 2.27454

46 2.27219

47 2.40127

48 2.40478

49 2.50317

50 2.43638

51 2.62317

52 2.73072

53 2.69794

54 2.75667

55 2.70693

56 2.64561

57 2.63221

58 2.41726

59 2.40321

60 2.5686

61 2.50134

62 2.47847

63 2.80433

64 2.76249

65 2.92287

66 3.05259

67 3.08539

68 2.99286

69 2.79067

70 2.72264

71 2.36492

72 2.83254

