6 -0.0354247

7 -0.0280723

8 -0.177856

9 -0.229984

10 -0.150797

11 -0.109753

12 -0.047198

13 0.0726862

14 0.0729189

15 -0.00864819

16 -0.0404941

17 -0.0884574

18 0.0274425

19 0.0654574

20 0.12168

21 0.223659

22 0.355619

23 0.352329

24 0.516125

25 0.442987

26 -0.731258

27 -0.817386

28 -0.683031

29 -0.596941

30 -0.666452

31 -0.679499

32 -0.657462

33 -0.613518

34 -0.418579

35 -0.398205

36 -0.350029

37 -0.348565

38 -0.367902

39 -0.434437

40 -0.460016

41 -0.382099

42 -0.417396

43 -0.400811

44 -0.243502

45 -0.0510433

46 0.0412272

47 -0.0760376

48 -0.20089

49 -0.359021

50 -0.276765

51 -0.254061

52 -0.30104

53 -0.325822

54 -0.31005

55 -0.353097

56 -0.505347

