6 -0.0459787

7 -0.154356

8 -0.149498

9 -0.194784

10 -0.230169

11 -0.215177

12 -0.270479

13 -0.173829

14 -0.225121

15 -0.311478

16 -0.310214

17 -0.378663

18 -0.280425

19 -0.232638

20 -0.137495

21 0.383525

22 0.367296

23 0.400257

24 0.35601

25 0.216195

26 0.156464

27 0.241684

28 0.397558

29 0.619894

30 0.617903

31 0.729736

32 0.829849

33 0.87776

34 0.918928

35 1.018

36 1.07059

37 1.12154

38 1.13801

39 1.10572

40 1.10539

41 1.09336

42 1.09573

43 1.24763

44 1.12603

45 1.02321

46 0.884016

47 1.09359

