6 -0.0107344

7 -0.0405256

8 0.0457032

9 -0.143152

10 -0.0925768

11 -0.653943

12 -0.876699

13 -0.906359

14 -0.819914

15 -0.783233

16 -0.786517

17 -0.893715

18 -0.84556

19 -0.784128

20 -0.827373

21 -0.723355

22 -0.758346

23 -0.768443

24 -0.724387

25 -0.58859

26 -0.581286

27 -0.636665

28 -0.62322

29 -0.563306

30 -0.418696

31 -0.498028

32 -0.430458

33 -0.592111

34 -0.507003

35 -0.488573

36 -0.384626

37 -0.375052

38 -0.363729

39 -0.433498

40 -0.475718

41 -0.592809

42 -0.569382

43 -0.64442

44 -0.716156

45 -0.780893

46 -0.874973

47 -1.02733

48 -1.2863

49 -1.42331

