6 0.0692971

7 0.0196767

8 0.00367915

9 -0.0157443

10 -0.0674266

11 0.013828

12 -0.22896

13 -0.235521

14 -0.593693

15 -0.651389

16 -0.670628

17 -0.819669

18 -0.885206

19 -0.889538

20 -0.907044

21 -0.87477

22 -0.912091

23 -0.863151

24 -0.932396

25 -0.976544

26 -0.933699

27 -0.835276

28 -0.93771

29 -0.832592

30 -0.751454

31 -0.723986

32 -0.77926

33 -0.850973

34 -0.813589

35 -1.05133

36 -1.18495

37 -1.34579

38 -1.37146

39 -1.45191

40 -1.54853

41 -1.56609

42 -1.68268

43 -2.20209

44 -2.20042

45 -2.19577

46 -2.2321

47 -2.20872

48 -2.32293

49 -2.43997

50 -2.45011

51 -2.56863

52 -2.53455

53 -2.66322

54 -2.65057

55 -2.57485

56 -2.73687

57 -2.74184

58 -2.5179

59 -2.46137

60 -2.54955

61 -2.50043

62 -2.31675

63 -2.32033

64 -2.30476

65 -2.27577

66 -2.06588

67 -1.93144

68 -1.95388

69 -2.008

70 -2.05465

71 -1.97218

72 -1.87015

73 -1.88968

74 -1.974

75 -1.94382

76 -1.9653

77 -1.95862

78 -2.04416

79 -2.02243

80 -2.22555

81 -2.56352

82 -2.11216

83 -2.07756

84 -2.25169

85 -2.13804

86 -2.14958

87 -2.10155

88 -2.14694

89 -2.09365

90 -1.95708

91 -1.76112

92 -1.7445

93 -1.59379

94 -1.46169

95 -1.36703

96 -1.32417

97 -1.25812

98 -1.29397

99 -1.34221

100 -1.37147

101 -1.26171

102 -1.35993

103 -1.31829

104 -1.40458

105 -1.54895

106 -1.58321

107 -1.47489

108 -1.57149

109 -1.43099

110 -1.38446

111 -1.5391

112 -1.31672

113 -0.985382

114 -0.993534

115 -0.841355

116 -0.693433

117 -0.859847

118 -0.611955

119 -0.420417

120 -0.291274

121 -0.171847

122 -0.137158

123 0.0294756

124 0.167092

125 0.113903

126 0.0181121

127 -0.334621

128 -1.13683

129 -1.15781

130 -1.17578

131 -1.22138

132 -1.24514

133 -1.25204

134 -1.25309

135 -1.20486

136 -1.1462

137 -1.15448

138 -1.14611

139 -0.964823

140 -0.809974

