6 0.0155523

7 0.0460842

8 0.0687476

9 0.0589095

10 0.0269564

11 -0.00246259

12 0.0915664

13 0.0373184

14 0.113314

15 0.0995541

16 0.0218289

17 0.0211102

18 0.0536212

19 0.00207119

20 0.0309807

21 0.182081

22 0.204433

23 0.382538

24 0.503126

25 0.623225

26 0.753781

27 0.677026

28 0.642059

29 0.52474

30 0.468637

31 0.61076

32 0.103541

33 0.317899

34 0.633548

35 0.674235

36 0.741995

37 0.976069

38 1.05287

39 1.12559

40 1.19137

41 1.12748

42 1.07328

43 1.22685

44 1.14862

45 1.34593

46 1.37512

47 1.3044

48 1.6086

49 1.78568

50 1.80855

51 1.85261

52 1.87103

53 1.88545

54 1.83728

55 1.61749

56 1.77183

57 1.80976

58 1.79733

59 1.79947

60 1.98474

61 2.08581

62 2.11392

63 2.15552

64 2.04477

65 1.91087

66 1.8882

67 1.51117

68 1.49896

69 1.65698

70 1.62419

71 1.83216

72 1.90497

73 1.98783

74 2.00637

75 2.34002

76 2.43518

77 2.49679

78 2.75068

79 2.60118

80 2.65547

81 2.43358

82 2.12389

83 2.12757

84 2.15746

85 1.91792

86 2.3357

87 2.9411

88 2.98782

89 3.44023

90 3.7832

91 3.719

92 3.44978

93 3.36791

94 3.23026

95 3.13071

96 3.11383

97 3.12426

98 3.29975

99 3.45771

100 3.46361

101 3.39647

102 3.50464

103 3.67933

104 3.63863

105 3.08223

106 3.02496

107 2.96575

108 2.88718

109 2.90636

110 2.85345

111 2.86967

112 2.77846

113 2.11857

