6 -0.0114128

7 -0.00826539

8 -0.0393039

9 -0.135777

10 -0.178311

11 -0.196132

12 -0.253374

13 -0.307247

14 -0.292261

15 -0.334237

16 -0.324354

17 -0.455773

18 -0.476804

19 -0.458833

20 -0.476499

21 -0.471934

22 -0.477977

23 -0.514572

24 -0.515808

25 -0.482766

26 -0.52066

27 -0.492102

28 -0.467632

29 -0.362483

30 -0.45379

31 -1.34112

32 -1.60561

33 -1.66386

34 -1.53424

35 -1.62605

36 -1.58022

37 -1.47446

38 -1.44391

39 -1.16933

40 -1.17632

41 -1.18105

42 -1.19849

43 -1.24054

44 -1.28728

45 -1.23077

46 -1.3095

47 -1.51975

48 -1.50155

49 -1.34785

50 -1.37437

51 -1.39723

52 -1.41963

53 -1.47393

54 -1.59556

55 -1.42434

56 -1.2207

57 -0.650031

58 -0.26367

59 -0.171428

60 -0.212825

61 -0.204946

62 -0.247586

63 -0.246896

64 -0.234638

65 -0.161996

66 -0.145885

67 -0.842293

68 -0.828252

69 -0.799664

70 -0.769594

71 -0.822186

72 -0.737591

73 -0.642535

74 -0.614726

75 -0.436086

76 -0.230894

77 -0.392577

78 -0.0544292

79 0.971612

80 0.895194

81 0.714589

82 0.993726

83 0.972948

84 1.09106

85 1.02422

86 1.10778

87 1.30582

88 1.40772

89 1.42609

90 1.58459

91 1.55733

92 1.7575

93 1.81557

94 1.65285

95 1.71706

96 1.78243

97 1.88433

98 1.85735

99 1.90055

100 1.84976

101 1.79271

102 1.8879

103 1.85698

104 1.84914

105 1.9807

106 1.8354

107 2.1535

108 2.09488

109 2.81122

110 2.84172

111 2.86283

112 2.8758

113 2.94145

114 2.93347

115 2.93255

116 3.12537

117 3.09212

118 3.21584

119 3.18988

120 3.09659

121 3.18083

122 3.49365

123 3.39065

124 3.69403

125 3.71079

126 3.6847

127 3.91454

128 3.83141

129 4.6105

130 4.66992

131 4.73389

132 4.79099

133 4.92109

134 5.03574

135 4.82302

136 4.74971

137 4.77164

138 4.91607

139 4.84912

140 4.78675

141 4.83467

142 4.82389

143 4.83098

144 4.93098

145 4.39558

146 4.34887

147 4.46556

148 4.52099

149 4.60803

150 4.54174

151 4.54382

152 4.54

153 4.57763

154 4.52511

155 4.54296

156 4.55592

157 4.61801

158 4.64014

159 4.48527

160 4.63511

161 4.75694

162 5.06544

163 5.28283

