6 -0.0435469

7 0.0381613

8 0.0441701

9 0.0592305

10 0.0560027

11 -0.101213

12 -0.335947

13 -0.353296

14 -0.411492

15 -1.05898

16 -0.98769

17 -0.971282

18 -0.948762

19 -0.854023

20 -0.745591

21 -0.75961

22 -0.825855

23 -1.00547

24 -1.15217

25 -1.19691

26 -1.25308

27 -1.32344

28 -1.34869

29 -1.31765

30 -1.408

31 -1.36786

32 -1.36893

33 -1.33551

34 -1.30288

35 -1.33028

36 -1.3151

37 -1.36854

38 -1.27424

39 -1.06794

40 -0.949487

41 -0.907083

42 -0.374083

43 -0.335793

44 -0.339298

45 -0.524306

46 -1.60209

47 -1.68613

48 -1.74658

49 -1.75326

50 -1.78679

51 -1.7744

52 -1.81033

53 -1.8795

54 -1.90161

55 -1.93114

56 -1.93392

57 -1.83131

58 -1.92109

59 -2.01648

60 -2.02728

61 -1.99702

62 -1.99221

63 -1.89825

64 -1.90296

65 -1.78095

66 -1.76636

67 -1.72

68 -1.71848

69 -1.75513

70 -1.75358

71 -1.82048

72 -1.86729

73 -1.96843

74 -2.60799

75 -2.82008

76 -2.77267

77 -2.71741

78 -2.43697

79 -2.25154

80 -2.31683

81 -2.25684

82 -2.21938

83 -2.40117

84 -2.33106

85 -2.39591

86 -2.45055

87 -2.55991

88 -2.58583

89 -2.70272

90 -2.76033

91 -2.68008

92 -2.68662

93 -2.6281

94 -2.61262

95 -2.64437

96 -2.77565

97 -2.79897

98 -2.84403

99 -2.96706

100 -3.14706

101 -3.48806

102 -3.55465

103 -3.59463

104 -3.59464

105 -3.75136

106 -3.75985

107 -3.72395

108 -3.75995

109 -3.82434

110 -3.79627

111 -3.77573

112 -3.79218

113 -3.78007

114 -3.80375

115 -3.90451

116 -3.87872

117 -3.98959

118 -4.05141

119 -4.1241

120 -4.20951

121 -4.19921

122 -4.05683

123 -4.11143

124 -4.03137

125 -3.85727

126 -3.77553

127 -3.78005

128 -3.7292

129 -4.0448

130 -3.93728

131 -3.93327

132 -3.90019

133 -4.01689

134 -4.20623

135 -4.22982

