6 -0.0720492

7 -0.0737351

8 -0.0740617

9 -0.0799277

10 0.019358

11 0.149967

12 0.0727549

13 0.124131

14 -0.108281

15 -0.596293

16 -0.612754

17 -0.893292

18 -1.09215

19 -1.1888

20 -1.23481

21 -1.15622

22 -0.914613

23 -0.891215

24 -0.872977

25 -0.767427

26 -0.874358

27 -0.941697

28 -0.956602

29 -1.00661

30 -1.01798

31 -1.06945

32 -1.09127

33 -1.15233

34 -1.13691

35 -1.12102

36 -1.05446

37 -0.876003

38 -1.8925

39 -1.99576

40 -1.84786

41 -1.79735

42 -1.70806

43 -1.77476

44 -1.89114

45 -1.96176

46 -2.13166

47 -2.22502

48 -2.32044

49 -2.39353

50 -2.39743

51 -2.39786

52 -2.67958

53 -2.94196

