6 -0.0305626

7 -0.129315

8 -0.096598

9 -0.150256

10 -0.288511

11 -0.288577

12 -0.392221

13 -0.28947

14 -0.265024

15 -0.563072

16 -0.660557

17 -0.709582

18 -0.772351

19 -0.883226

20 -0.758481

21 -0.778669

22 -0.794475

23 -0.810273

24 -0.863568

25 -0.940261

26 -0.859919

27 -0.88495

28 -1.24662

29 -1.17583

30 -1.13714

31 -1.14319

32 -0.990367

33 -1.00767

34 -1.17327

35 -1.17516

36 -1.2692

37 -1.23216

38 -1.60561

39 -1.60539

40 -1.56086

41 -1.66219

42 -1.62038

43 -1.67324

44 -1.69681

45 -1.72476

46 -1.79207

47 -1.84596

48 -1.87397

49 -1.89054

50 -1.93571

51 -1.96215

52 -1.91332

53 -1.87457

54 -1.88588

55 -1.91118

56 -1.88899

57 -1.82321

58 -2.46047

