6 -0.0213672

7 -0.0618128

8 -0.103009

9 -0.118168

10 -0.118826

11 -0.124233

12 -0.185648

13 -0.203762

14 -0.121073

15 -0.103057

16 -0.276973

17 -0.231173

18 -0.0893319

19 -0.0273519

20 -0.0646496

21 -0.125239

22 -0.0736528

23 0.00581074

24 -0.0247269

25 -0.0449868

26 -0.0311641

27 -0.0211433

28 -0.0574812

29 -0.131919

30 -0.0845998

31 -0.128248

32 -0.370763

33 -0.646473

34 -0.606324

35 -0.760621

36 -0.645308

37 -0.575577

38 -0.504074

39 -0.642193

40 -0.612257

41 -0.64254

42 -0.657744

43 -0.648925

44 -0.721233

45 -0.560431

46 -0.532644

47 -0.580805

48 -0.549532

49 -0.268577

50 -0.246341

51 -0.301486

52 -0.296436

53 -0.523231

54 -1.04997

55 -1.0889

56 -1.10688

57 -1.23306

58 -1.15333

59 -1.10955

60 -1.17487

61 -1.09298

62 -1.10868

63 -1.26278

64 -1.39949

65 -1.41615

66 -1.37508

67 -1.28612

68 -1.32701

69 -1.17328

70 -1.3263

71 -1.52506

72 -1.33518

73 -1.06866

74 -0.946142

75 -0.955897

76 -0.891053

77 -0.909691

78 -0.96498

79 -0.960814

80 -1.01962

81 -1.05103

82 -1.08907

83 -1.08306

84 -1.08582

85 -1.11862

86 -1.16349

87 -1.20311

88 -1.16084

89 -1.08795

90 -1.12719

91 -1.11539

92 -1.11119

93 -1.15506

94 -1.4764

95 -1.37712

96 -1.3874

97 -1.38128

98 -1.36472

99 -1.30795

100 -1.31263

101 -1.25839

102 -1.34822

103 -1.41804

104 -1.4202

105 -1.30809

106 -1.29389

107 -1.2905

108 -1.21079

109 -1.1119

110 -1.16529

111 -1.2119

112 -1.16411

113 -1.2074

114 -0.285432

115 -0.426745

116 -0.426325

117 -0.366868

118 -0.292793

119 -0.260032

120 -0.146728

121 0.0102495

122 -0.0047424

123 0.0187879

124 -0.108854

125 -0.0987372

126 -0.00710027

127 0.145104

128 -0.027337

129 -0.188283

130 -0.383054

131 -0.241674

132 -0.239243

