6 0.0846844

7 0.141183

8 0.209313

9 0.204521

10 0.185701

11 0.185111

12 0.298218

13 0.475803

14 0.477472

15 0.511956

16 0.579693

17 0.649287

18 0.627044

19 0.700961

20 0.916968

21 0.960258

22 0.965252

23 0.935333

24 1.01542

25 0.850021

26 1.14015

27 0.155385

28 0.157295

29 0.128911

30 0.12544

31 0.15382

32 0.0268849

33 -0.0208874

34 0.228376

35 0.135959

36 0.172059

37 0.282571

38 0.269899

39 -0.00233075

40 0.0591973

41 -0.211707

42 -0.222625

43 -0.310598

44 -0.255729

45 -0.208603

46 -0.329438

47 -0.38222

48 -0.141651

49 0.0438349

50 0.0835015

51 0.0292256

52 0.107736

53 0.153958

54 0.238581

55 0.194641

56 0.205547

57 0.250792

58 0.32892

59 0.403818

60 0.381389

61 0.0941804

62 0.104182

63 0.121504

64 0.249137

65 0.208898

66 0.309878

67 0.331957

68 0.478182

69 0.297371

70 0.230413

71 0.527041

72 0.610044

73 0.956697

74 0.970179

75 1.01339

76 0.963898

77 0.990971

78 1.10498

79 1.06194

80 0.929844

81 1.00464

82 0.943285

83 0.852858

84 0.723712

85 0.699026

86 0.338161

87 0.383193

88 0.479996

89 0.644042

90 0.52201

91 0.463483

92 0.426818

93 0.405751

94 0.371995

95 0.14963

96 0.119868

97 0.145239

98 0.176199

99 0.165746

100 0.261101

101 0.200076

102 0.316303

103 0.331583

104 0.232575

105 0.393311

106 0.276127

107 0.350944

108 0.332933

109 0.316859

110 0.301762

111 0.258504

112 0.126917

113 -0.522028

114 -0.442051

115 -0.39922

116 -0.329758

117 -0.289628

118 -0.380098

119 -0.51831

120 -0.869083

