6 0.0494777

7 -0.217068

8 -0.377493

9 -0.642956

10 -0.730778

11 -0.731089

12 -0.698883

13 -0.601724

14 -0.592851

15 -0.544051

16 -0.480935

17 -0.514138

18 -0.558682

19 -0.430765

20 -0.275204

21 -0.237009

22 -0.242218

23 -0.224428

24 -0.21336

25 -0.241606

26 -0.223322

27 -0.287109

28 -0.281332

29 -0.207787

30 0.393636

31 0.469271

32 0.503331

33 0.616667

34 0.731403

35 0.547724

36 1.4936

37 1.49808

38 1.47316

39 1.49239

40 1.57261

41 1.72888

42 1.65788

43 1.59545

44 1.72252

45 2.56704

46 2.49808

47 2.6333

48 2.8438

49 2.90933

50 2.84004

51 2.82921

52 2.43171

53 2.89502

54 2.8758

55 2.58855

56 2.63003

57 1.94186

58 1.78545

59 1.50706

60 1.38717

61 1.37609

62 1.23858

63 1.32731

64 1.42172

65 1.48479

66 1.48795

67 1.49137

68 1.46089

69 1.67331

70 1.73672

71 1.78907

72 1.80541

73 1.86508

74 1.86414

75 1.84489

76 1.82438

77 1.85257

78 1.64174

79 1.53444

80 1.36376

81 1.30782

82 1.14848

83 1.18868

84 1.10825

85 1.10397

86 1.09615

87 1.15644

88 1.08024

89 1.12709

90 1.06654

91 0.0592858

92 0.00290431

93 -0.0506568

94 -0.0438247

95 -0.118697

96 -0.163245

97 -0.192383

98 -0.192001

99 -0.258794

100 -0.208167

101 -0.0138588

102 -0.0479154

103 -0.0688786

104 0.281223

105 0.414166

106 0.533784

107 0.405758

108 0.49883

109 1.88093

110 1.92735

111 1.7899

112 1.79641

113 1.87328

114 1.91441

115 1.88754

116 1.95237

117 1.86382

118 1.92382

119 1.83029

120 1.54746

121 1.56969

122 1.65646

123 1.74645

124 1.9162

125 1.82901

126 1.79405

