6 0.0721148

7 0.0869513

8 0.0985251

9 0.0937178

10 0.0474654

11 0.191006

12 0.226302

13 0.256711

14 0.0612938

15 -0.148274

16 -0.297958

17 -0.391519

18 -0.43787

19 -0.522084

20 -0.506377

21 -0.395293

22 -0.240184

23 -0.288096

24 -0.267242

25 -0.409495

26 -0.432989

27 -0.512827

28 -0.520637

29 -0.516602

30 -0.504401

31 -0.465735

32 -0.376747

33 -0.357663

34 -0.318114

35 -0.298427

36 -0.222658

37 -0.284305

38 -0.21909

39 -0.262365

40 -0.311136

41 -0.273115

42 -0.312113

43 -0.353382

44 -1.03954

45 -1.19122

46 -1.249

47 -1.35509

48 -1.05749

49 -1.14526

50 -1.30773

51 -1.50284

52 -1.8713

53 -1.92069

54 -1.89047

55 -1.83274

56 -1.71747

57 -1.81634

58 -1.82167

59 -1.85868

60 -1.8445

61 -1.87032

62 -1.98662

63 -2.02319

64 -1.92716

65 -2.03128

66 -2.17491

67 -2.21868

68 -2.21176

69 -2.35566

70 -2.40299

71 -2.3889

72 -2.40818

73 -2.44682

74 -2.46289

75 -2.50108

76 -2.5332

77 -2.57446

78 -2.57434

79 -2.54824

80 -2.6588

81 -3.00304

82 -2.88239

83 -2.88457

84 -2.94376

85 -2.94286

86 -2.92546

87 -2.88253

88 -2.87141

89 -2.92323

90 -3.13124

91 -3.18613

92 -3.44373

93 -3.48903

94 -3.50728

95 -3.50107

96 -3.4249

97 -3.33432

98 -3.28777

99 -3.32504

100 -3.37494

101 -3.40048

102 -3.21797

103 -3.37281

104 -3.40962

105 -4.42866

106 -4.45904

107 -4.50943

108 -4.54254

109 -4.57832

110 -4.43029

111 -4.54384

112 -4.49969

113 -4.5953

114 -4.58163

115 -4.58164

116 -4.4811

117 -4.3379

118 -4.1625

119 -4.20938

120 -4.28857

121 -4.49385

122 -4.59361

123 -4.59652

