6 0.0470451

7 0.0476347

8 0.0283024

9 0.0722016

10 0.0380037

11 -0.176448

12 -0.195349

13 -0.218145

14 -0.236941

15 -0.132373

16 -0.194682

17 -0.186803

18 -0.154055

19 -0.0967444

20 -0.127304

21 -0.0332632

22 -0.0106036

23 -0.043756

24 -0.0225462

25 -0.00180597

26 -0.121359

27 -0.119129

28 -0.108416

29 -0.142413

30 -0.158488

31 -0.141849

32 -0.142939

33 -0.388517

34 -0.843365

35 -0.969019

36 -0.95693

37 -0.93659

38 -0.651518

39 -0.617994

40 -0.639424

41 -0.668707

42 -0.726932

43 -1.366

44 -1.37306

45 -1.41366

46 -1.43684

47 -1.38198

48 -1.31614

49 -1.27615

50 -1.31233

51 -1.19401

52 -1.23942

53 -0.734814

54 -0.622185

55 -0.579474

56 -0.609864

57 -0.972924

58 -0.326947

59 -0.36612

60 -0.335998

61 -0.300602

62 -0.323921

63 -0.294381

64 -0.194315

65 -0.18755

