6 -0.0506566

7 -0.0741655

8 -0.0764536

9 -0.109095

10 -0.20116

11 -0.229177

12 -0.212307

13 -0.108959

14 -0.054533

15 -0.036901

16 -0.101985

17 0.00965778

18 0.178403

19 0.439146

20 0.437194

21 0.436048

22 0.30932

23 0.328893

24 -0.544838

25 -0.562732

26 -0.553328

27 -0.418616

28 -0.576521

29 -0.633426

30 -0.89866

31 -1.36389

32 -1.53387

33 -1.62701

34 -1.72771

35 -1.71515

36 -1.77826

37 -1.70823

38 -1.63798

39 -1.60231

40 -1.50585

41 -1.52535

42 -1.94903

43 -1.89391

44 -1.82568

45 -1.86936

46 -1.87237

47 -1.79611

48 -1.86986

49 -1.85176

50 -1.87966

51 -2.00978

52 -1.93502

53 -2.76017

54 -2.82675

55 -2.99609

56 -3.05194

57 -3.09331

58 -3.09012

59 -2.91237

60 -2.90533

61 -3.17504

62 -3.22948

63 -3.24771

64 -3.40059

65 -3.46816

66 -3.48711

67 -3.42667

68 -3.40835

69 -3.34249

70 -3.17345

71 -3.07168

72 -3.08315

73 -2.96038

74 -2.76556

75 -0.837407

76 -0.539789

77 -0.329174

78 -0.271649

79 -0.208528

80 -0.210379

81 -0.224316

82 -0.280268

83 -0.16377

84 -0.365363

85 -0.506817

86 -0.494887

87 -0.206447

88 -0.129285

89 -0.183607

90 -0.1959

91 -0.122524

92 -0.0184652

93 0.107338

94 0.168951

95 0.968483

96 0.971228

97 1.04377

98 0.900419

99 0.97895

100 1.15936

101 1.15119

102 0.936075

103 0.934236

