6 0.0101626

7 0.153677

8 0.0602832

9 0.0201521

10 0.101023

11 -0.0187274

12 0.179621

13 0.1067

14 0.00758303

15 -0.0590566

16 -0.1333

17 -0.135968

18 -0.0158072

19 0.0156106

20 0.0185009

21 -0.0675384

22 0.0468932

23 0.13882

24 0.15528

25 0.249131

26 0.273576

27 0.343861

28 0.340402

29 0.361727

30 0.598477

31 0.600823

32 0.594028

33 0.600085

34 0.636681

35 0.392905

36 0.534849

37 0.550967

38 0.551412

39 0.630103

40 0.611482

41 0.603572

42 0.707945

43 0.608125

44 0.790884

45 0.773265

46 0.667031

47 0.605441

48 0.555764

49 0.594961

50 0.676937

51 0.707056

52 0.696524

53 0.544739

54 0.603049

55 0.670846

56 0.700945

57 0.801418

58 0.840241

59 1.01117

60 1.21371

