6 -0.0423399

7 0.0138355

8 -0.0643505

9 -0.240584

10 -0.248443

11 -0.262601

12 -0.18565

13 -0.0550208

14 -0.274367

15 -0.245128

16 -0.0150794

17 -0.00966979

18 0.0981141

19 0.16167

20 0.249573

21 0.251636

22 0.293907

23 0.310981

24 0.29999

25 0.342987

26 0.352503

27 0.413822

28 0.345102

29 0.372821

30 0.359513

31 0.336307

32 0.349437

33 0.395335

34 0.351447

35 0.379614

36 0.296932

37 0.290613

38 0.232325

39 0.261502

40 0.384083

41 0.483977

42 0.495063

43 0.708003

44 0.746721

45 0.754331

46 0.853988

47 0.857695

48 0.930319

49 0.886264

50 1.05748

51 1.07276

52 1.16278

53 1.04726

54 1.03737

55 0.778831

56 0.572497

57 0.677928

58 0.669806

59 0.521466

60 0.575332

61 0.265882

62 0.157006

63 0.217005

64 0.279002

65 0.207106

66 0.173726

67 0.244949

68 0.216961

69 -0.47854

70 -0.548861

71 -0.433728

72 -0.354885

73 -0.38195

74 -0.387793

75 -0.13688

76 -0.0897007

77 0.111372

78 0.169015

79 0.0946812

80 0.195692

81 0.11704

82 0.149024

83 0.0593679

84 0.0722109

85 -0.111094

86 0.0261732

87 -0.0629616

88 -0.216295

89 -0.460543

90 -0.626007

91 -0.610963

92 -0.633026

93 -0.592735

94 -0.548038

95 -0.43077

96 -0.543198

97 -0.436644

98 -0.378747

99 -0.326394

100 -0.351986

101 -0.429227

102 -0.46666

103 -0.404015

104 -0.27642

105 -0.377772

106 -0.547063

107 -0.606306

108 -0.588315

109 -0.497038

110 -0.363574

111 -0.3127

112 -0.303249

113 -0.233171

114 -0.25864

115 -0.186173

116 -0.0167459

117 -0.104799

118 -1.16665

119 -1.1732

120 -1.28751

121 -1.121

122 -0.744448

123 -0.09538

124 -0.103046

125 -0.102021

126 -0.151668

127 -1.30169

128 -1.44465

129 -1.43234

130 -1.37994

131 -1.4357

132 -1.4576

133 -1.34423

134 -1.34824

135 -1.55432

136 -1.49399

137 -1.64408

138 -1.73832

139 -1.74463

