6 -0.0613962

7 -0.0495183

8 -0.0161262

9 -0.0893311

10 -0.0323166

11 -0.270046

12 -0.355495

13 -0.301053

14 -0.60414

15 -0.639687

16 -0.726709

17 -0.766068

18 -0.799367

19 -0.816652

20 -0.919801

21 -0.900991

22 -0.967292

23 -0.992274

24 -1.02277

25 -1.07763

26 -1.0576

27 -1.01511

28 -0.920098

29 -0.919849

30 -0.965232

31 -0.909036

32 -1.08595

33 -1.04688

34 -1.04084

35 -1.05299

36 -1.11546

37 -1.13261

38 -1.25734

39 -1.15409

40 -1.29164

41 -1.79888

42 -2.02246

43 -1.89607

44 -1.83685

45 -1.74085

46 -1.79303

47 -1.64876

48 -1.57749

49 -1.55091

50 -1.67898

51 -1.60478

52 -1.74781

53 -1.76382

54 -2.18135

55 -2.37147

56 -2.18588

57 -2.34332

58 -2.18096

59 -2.16311

60 -2.13322

61 -2.22681

62 -2.01546

63 -1.90169

64 -1.89348

65 -1.90668

66 -1.92778

67 -1.84547

68 -1.86396

69 -1.88085

70 -1.88447

71 -1.83848

72 -1.71717

73 -1.52683

74 -1.51273

75 -1.56379

76 -1.69239

77 -1.7547

78 -1.97725

79 -2.3348

