6 -0.0371453

7 0.0469598

8 0.0158116

9 -0.00883462

10 -0.0697764

11 -0.168827

12 -0.24435

13 -0.259547

14 -0.317748

15 -0.325942

16 -0.298079

17 -0.214298

18 -0.220123

19 -0.177851

20 -0.16656

21 -0.130752

22 -0.253955

23 -0.308735

24 -0.311283

25 -0.178963

26 -0.109546

27 -0.0720032

28 -0.0688292

29 -0.0204053

30 0.127737

31 0.138916

32 0.111649

33 0.020389

34 0.178155

35 0.23415

36 0.156577

37 0.355454

38 0.306692

39 0.499449

40 0.509955

41 0.495745

42 0.494159

43 0.519878

44 0.472993

45 0.354561

46 0.442283

47 0.600868

48 0.642561

49 0.65587

50 0.939385

51 0.982722

52 0.935903

53 1.18276

54 1.14223

55 1.11157

56 1.02072

57 1.28093

58 1.36444

59 1.25337

60 1.52266

61 1.46112

62 1.7006

63 1.68293

64 1.58738

65 1.59966

66 1.68651

67 1.62606

68 1.38931

69 1.52813

70 1.75931

71 1.78592

72 1.73828

73 2.11048

74 2.16458

75 2.08623

76 2.37979

77 2.34798

78 2.30757

79 2.2035

80 2.51624

81 2.61061

82 2.46791

83 2.76673

84 2.69744

85 2.97301

86 2.9357

87 2.80319

88 2.81992

89 2.93303

90 2.87236

91 2.59818

92 2.7444

93 2.99462

94 3.00888

95 2.96915

96 3.34248

97 3.3731

98 3.28829

99 3.61173

100 3.58449

101 3.51635

102 3.45821

103 3.7839

104 3.89002

105 3.76128

106 4.12811

107 4.06619

108 4.28186

109 4.3181

110 4.43254

111 4.49225

112 4.5904

113 4.63234

114 4.5342

115 4.74869

116 4.47121

117 4.54967

118 4.90365

119 5.0334

120 4.92113

121 4.57235

122 4.86852

123 4.95094

124 5.1409

125 5.25832

126 5.1809

127 5.19288

128 4.93057

129 4.73642

130 4.17425

131 4.58224

132 4.60229

133 4.78281

134 4.81371

135 4.7436

136 4.76732

137 4.98716

138 5.10457

139 4.9973

140 5.16397

