6 -0.000512893

7 -0.00902706

8 -0.037389

9 -0.0325861

10 -0.0446822

11 -0.0510682

12 -0.104207

13 -0.13086

14 -0.0393592

15 0.0336803

16 -0.362682

17 -0.336097

18 -0.20272

19 -0.118482

20 -0.122434

21 -0.125578

22 -0.0606299

23 0.0220561

24 0.106955

25 0.166449

26 0.178881

27 0.190359

28 0.149614

29 0.0705765

30 0.102904

31 0.0566345

32 -0.19376

33 -0.421315

34 -0.565343

35 -0.334279

36 -0.248621

37 -0.184018

38 -0.297314

39 -0.250497

40 -0.268251

41 -0.284976

42 -0.297128

43 -0.322589

44 -0.235039

45 -0.0434947

46 -0.0750696

47 -0.0423383

48 0.139994

49 0.169358

50 0.202896

51 0.244173

52 0.324319

53 0.145527

54 -0.294651

55 -0.39012

56 -0.442428

57 -0.521721

58 -0.44627

59 -0.400449

60 -0.444453

61 -0.345855

62 -0.34129

63 -0.686872

64 -0.771065

65 -0.813769

66 -0.830972

67 -0.961622

68 -0.994219

69 -1.18966

70 -1.1826

71 -1.09736

72 -1.09104

73 -0.96036

74 -1.08988

75 -1.15694

76 -1.14805

77 -0.878989

78 -0.741504

79 -0.774266

80 -0.690131

81 -0.734255

82 -0.809663

83 -0.81736

84 -0.874389

85 -0.908916

86 -0.94401

87 -0.939221

88 -0.941219

89 -0.927393

90 -0.919921

91 -0.967569

92 -1.20156

93 -1.09948

94 -1.13397

95 -1.12966

96 -1.11751

97 -1.06545

98 -1.04842

99 -0.998045

100 -1.07943

101 -1.14693

102 -1.14457

103 -1.05306

104 -1.06825

105 -1.06901

106 -1.05159

107 -0.986873

108 -0.92849

109 -0.939187

110 -0.991279

111 -1.02294

112 -1.04005

113 -1.09234

114 -1.15854

115 -1.17755

116 -1.00566

117 -1.11454

118 -1.13673

119 -2.16089

120 -2.25032

121 -2.26081

122 -2.17351

123 -2.05856

124 -2.02752

125 -1.94386

126 -1.80551

127 -1.82769

128 -1.83162

129 -1.99824

130 -2.00273

131 -1.88866

132 -1.74573

133 -1.9209

134 -2.02944

135 -2.22185

136 -2.08354

137 -2.02742

