6 -0.0687309

7 -0.0657507

8 -0.120108

9 -0.127715

10 -0.122314

11 -0.167476

12 -0.213539

13 -0.187856

14 -0.0496401

15 -0.166107

16 -0.0179773

17 -0.0288536

18 0.467479

19 0.576582

20 0.546571

21 0.697911

22 0.82982

23 0.951025

24 1.0115

25 1.08371

26 1.10025

27 1.06039

28 1.09934

29 1.09878

30 1.03446

31 1.0426

32 1.0271

33 1.04632

34 1.11761

35 1.23079

36 1.26018

37 1.22257

38 1.16954

39 1.07364

40 1.07617

41 1.08773

42 1.01841

43 1.14898

44 0.354129

45 0.0829186

46 0.286488

47 0.286646

48 0.310889

49 0.24583

50 0.221821

51 0.192755

52 0.116144

53 0.0446018

54 -0.0533835

55 -0.0681412

56 -0.169484

57 -0.0913152

58 -0.273905

59 -0.266815

60 -0.255079

61 -0.28117

62 -0.194703

63 -0.21513

64 -0.212746

65 -0.302691

66 -0.389736

67 -0.354864

68 -0.31569

69 -0.244114

70 -0.264027

71 -0.189105

72 -0.137552

73 -0.220094

74 -0.171265

75 -0.170896

76 -0.477162

77 -0.374567

78 -0.210082

79 -0.248859

80 -0.340951

81 -0.248832

82 -0.285381

83 -0.296643

84 -0.354051

85 -0.313917

86 -0.256758

87 0.417555

88 0.468272

89 0.517921

90 0.317636

91 0.350496

92 0.337634

93 0.3143

94 0.280982

95 0.320386

96 0.320585

97 0.33727

98 0.372659

99 0.333577

100 0.343756

101 0.354016

102 0.49504

103 0.571819

104 0.452566

105 0.110212

106 -0.150139

107 -0.400818

108 -0.500107

109 -0.48387

110 -0.606721

111 -0.654523

112 -0.592768

113 -0.488303

114 -0.544963

115 -0.54682

116 -0.576673

117 -0.506312

118 -0.304265

119 -0.135726

120 -0.0733947

121 -0.0811649

122 -0.0598189

123 -0.0583536

124 -0.110725

125 -0.0673544

126 0.146495

127 0.165959

128 0.146226

129 -0.0582438

130 -0.30594

131 -0.83718

132 -0.86043

133 -0.855079

134 -0.857922

135 -0.963411

136 -1.01589

137 -0.969074

138 -0.780936

139 -0.727843

140 -0.776113

141 -0.914702

142 -1.68892

