6 -0.0434651

7 -0.108833

8 0.000230577

9 0.0309913

10 0.044807

11 0.00541616

12 0.136781

13 -0.104648

14 -0.263448

15 -0.509235

16 -0.586629

17 -1.23766

18 -1.25637

19 -1.26843

20 -1.21609

21 -1.24041

22 -1.3221

23 -1.31695

24 -1.21445

25 -1.27863

26 -1.15226

27 -1.17033

28 -1.11903

29 -1.11716

30 -1.14

31 -1.11615

32 -1.08577

33 -1.06354

34 -1.23981

35 -1.18619

36 -1.24996

37 -1.18125

38 -1.22721

39 -1.19221

40 -2.02666

41 -2.07592

42 -2.07367

43 -2.13949

44 -2.05282

45 -1.92596

46 -2.10889

47 -2.06611

48 -2.17865

49 -2.25721

50 -2.16781

51 -2.37847

52 -2.37859

53 -2.57484

54 -2.7491

55 -2.76955

56 -2.92969

57 -2.99886

58 -3.14172

59 -3.1366

60 -3.08347

61 -2.94733

62 -3.15038

63 -3.13926

64 -3.3407

65 -3.38533

66 -3.47074

67 -3.63071

68 -3.59722

69 -3.54017

70 -3.39979

71 -3.45081

72 -3.39524

73 -3.50799

74 -3.54236

75 -3.56057

76 -3.56723

77 -3.50766

78 -3.63174

79 -3.68

80 -3.70384

81 -3.65282

82 -3.46737

83 -3.51014

