-13.201 -6.296 -53.957
-10.703 -3.406 -53.291
-9.54 -3.087 -49.639
-11.02 0.322 -48.639
-8.614 1.85 -46.053
-10.787 3.126 -43.162

-9.634 6.195 -41.181
-10.061 4.9 -37.589
-10.286 6.838 -34.306
-12.195 7.103 -30.979
-14.163 9.439 -28.711
-12.619 10.223 -25.263
-14.157 12.207 -22.344

-11.943 15.248 -21.466
-14.301 16.978 -18.949
-17.827 16.65 -17.399
-19.139 18.761 -20.353

-16.752 17.96 -23.312
-15.482 14.956 -25.281
-12.62 14.751 -27.824
-12.437 12.939 -31.204
-8.982 11.264 -31.393
-8.672 10.357 -35.1

-6.282 10.744 -38.079
-6.98 13.557 -40.6
-9.895 13.022 -43.051

-11.208 15.853 -45.293
-14.92 14.856 -45.011
-14.611 14.37 -41.226
-13.015 17.857 -40.827
-15.875 19.254 -42.999
-18.403 17.482 -40.669
-16.559 18.759 -37.515
-16.844 22.341 -38.957

-20.697 21.797 -39.029
-20.861 21.033 -35.24
-22.116 23.933 -33.104
-20.016 23.255 -29.939
-16.791 22.621 -31.971

-13.393 23.436 -30.391
-10.011 22.816 -32.063
-6.805 22.812 -29.99

-3.883 23.919 -32.209
-1.328 22.314 -29.773
-2.753 18.736 -29.691
-4.334 19.137 -33.217

-7.578 17.622 -31.79
-11.313 18.386 -31.995
-13.683 18.544 -28.991
-17.466 19.001 -28.65
-20.131 19.402 -25.91

-21.257 16.038 -24.476
-24.923 16.743 -25.497
-23.731 16.722 -29.178
-22.178 13.179 -28.839
-25.228 11.354 -30.322
-25.57 14.044 -33.093
-21.852 13.682 -34.021
-21.815 9.829 -34.037
-25.045 9.774 -36.128
-23.507 12.176 -38.75
-20.093 10.348 -38.803

-21.793 6.948 -39.527
-22.962 8.546 -42.834
-19.328 9.196 -43.991
-17.677 6.563 -46.261
-14.251 5.2 -45.121

-14.46 6.789 -41.562
-14.765 4.819 -38.279
-15.142 6.964 -35.114
-15.663 4.659 -32.101

-18.218 6.249 -29.657
-17.862 6.903 -25.912
-18.35 3.469 -24.195

-21.794 2.549 -22.772
-20.235 2.829 -19.255
-19.534 6.58 -19.812
-22.964 7.196 -21.431
-24.623 5.531 -18.378
-22.42 7.523 -15.909

-23.028 10.919 -17.654
-26.668 10.153 -18.714
-27.851 13.482 -17.123

-25.214 15.594 -18.963
-26 13.8 -22.296
-29.631 15.147 -21.909

-29.9651 18.0666 -19.4821
-30.4545 20.5281 -22.3372
-32.5154 22.0468 -25.1265
-31.047 19.8776 -27.8781
-29.8945 17.5607 -30.6958
-26.7652 15.5888 -29.9535
-27.3007 12.6336 -27.7023
-28.667 11.9642 -31.1763
-30.0015 11.3345 -34.7272
-31.5791 8.69454 -36.9068
-30.4708 9.26247 -40.4443
-33.5292 9.94312 -42.5681
-36.8052 8.18042 -42.4983
-38.2438 4.62008 -41.9645
-41.5046 4.9242 -40.0437
-44.4307 4.56449 -37.7234
-44.0585 7.76855 -35.817
-43.9027 10.794 -37.9633
-41.0513 12.9026 -39.578

-41.1358 16.6941 -39.3323
-38.5978 16.6641 -36.5038
-36.2619 14.4223 -38.494
-36.4837 16.7127 -41.5185
-35.6814 19.7585 -39.392

-32.0174 18.5705 -39.751
-31.9664 18.5725 -43.617
-29.7244 21.3375 -45.026

-31.3854 23.4425 -47.849
-29.5104 21.5335 -50.616
-30.3434 18.1525 -48.946
-34.0754 19.1575 -48.935
-33.8414 20.0685 -52.665
-32.2224 16.6055 -53.266
-35.0674 14.8255 -51.368
-37.6424 16.8345 -53.421
-35.8344 15.9155 -56.716
-35.7094 12.2095 -55.727
-39.4754 12.2415 -54.884
-40.3034 14.0935 -58.177

-38.2524 11.3955 -60.084
-40.4934 8.79853 -58.282
-37.7914 7.45053 -55.882

-35.6314 6.10353 -58.786
-32.2354 7.86853 -58.849
-28.4884 7.76253 -58.333
-27.5744 10.2915 -55.591

-24.3187 12.1319 -54.9134
-24.538 11.8515 -51.1262
-23.1711 12.1811 -47.6301
-23.4465 8.38498 -47.613
-21.669 6.2571 -50.1557
-25.0415 4.78617 -51.0415
-28.4914 3.45922 -52.2374

-28.308 -0.263274 -51.4943
-30.925 0.0557477 -48.7571
-33.2652 1.94435 -51.0807
-32.894 -0.712929 -53.7722
-33.6708 -3.47903 -51.2846
-36.7902 -1.66429 -50.0934
-38.0088 -1.21271 -53.6647
-37.4956 -4.90394 -54.4092
-39.4397 -5.90078 -51.2996
-42.326 -3.6206 -52.2553
-42.4522 -5.08785 -55.7587
-42.5231 -8.62792 -54.3782
-45.3719 -7.75451 -52.0193
-47.3833 -6.22647 -54.8587

-45.5473 -8.32547 -57.5667
-43.1233 -10.2375 -55.2187
-41.4783 -12.7825 -54.4587

-38.2713 -10.8175 -55.1407
-35.0483 -12.5065 -56.3597
-31.7323 -10.6975 -55.6317
-28.6293 -12.1085 -57.4057
-25.3263 -10.7265 -56.0257

-21.5473 -11.3855 -55.6427
-20.9133 -14.1895 -53.0617
-19.3533 -11.6745 -50.5357
-22.1863 -9.00947 -50.4297

-25.2553 -11.2375 -49.6257
-25.3923 -10.1225 -45.9537
-24.6513 -6.47147 -46.9987
-27.8623 -6.67347 -49.1227
-29.9113 -8.26647 -46.2537
-28.7653 -5.44947 -43.8997
-29.6063 -2.89347 -46.6597
-33.2193 -4.25847 -46.8687
-33.5793 -4.22947 -43.0177
-32.0933 -0.669474 -42.9057
-34.3203 0.825526 -45.6507

-37.6183 -1.17847 -45.3887
-38.3483 -1.41947 -41.5727
-41.8853 -2.57847 -42.6807
-40.2613 -6.07047 -43.2227
-39.5273 -8.65447 -40.5117

-36.1293 -10.4735 -40.7717
-38.1353 -13.6895 -41.5487
-39.2773 -12.0365 -44.8377

-35.5883 -12.1855 -46.0527
-34.0023 -15.4935 -47.1407
-30.1783 -15.4105 -47.5477

-27.3849 -17.9088 -48.149
-26.1882 -21.6036 -48.0485
-26.8117 -22.376 -44.3833
-25.7329 -21.1281 -40.8755
-24.433 -23.6444 -38.2366
-21.2167 -21.9052 -37.4213
-23.5902 -19.1315 -36.1193
-25.1227 -20.515 -33.0316
-22.3033 -18.1001 -31.946
-22.7223 -14.581 -33.1099
-26.2771 -13.579 -34.0976
-27.676 -11.9353 -30.8964

-25.0585 -9.07778 -30.6336
-24.2739 -5.47077 -31.1242
-23.1866 -1.9654 -30.1218
-20.6161 0.644802 -31.3298
-22.3144 3.7607 -30.2768

-21.4434 3.3157 -33.9908
-19.5424 0.0467035 -33.1928
-22.6184 -1.4903 -31.4548
-25.0854 -0.713296 -34.3458

-22.9335 -3.17693 -36.1738
-22.4844 -6.49349 -34.281
-22.6508 -9.00523 -31.5605
-19.6407 -10.9547 -30.3338
-18.8491 -13.407 -27.6001
-17.8845 -11.7515 -24.2225
-20.3104 -13.6511 -21.9957
-20.8404 -14.7717 -18.3382
-19.5659 -18.2221 -17.3224
-16.8256 -16.3231 -15.6903
-14.9458 -13.2807 -16.8733
-11.951 -15.0536 -18.5223

-12.1889 -17.0629 -21.7633
-13.8464 -18.2342 -25.0808
-14.5741 -21.9126 -25.142

-11.0841 -22.8776 -26.384
-8.22908 -21.0046 -24.685
-4.90808 -20.6326 -26.593

-6.63308 -22.1196 -29.713
-3.33208 -21.9746 -31.712
-2.81908 -25.5096 -30.2
-5.34108 -26.6336 -32.92

-3.12508 -25.2036 -35.798
-2.42808 -28.6766 -37.355
-5.48008 -30.7506 -38.48
-3.56108 -34.1156 -38.382
-2.95308 -33.8836 -34.583

-5.11808 -36.0366 -32.252
-6.13508 -32.8896 -30.231
-7.39908 -31.1766 -33.437
-9.15308 -34.3606 -34.75
-11.0281 -34.6726 -31.392
-11.8801 -30.9046 -31.076
-13.0321 -30.1206 -34.669
-16.2671 -32.2906 -34.747
-17.5281 -30.5536 -31.543
-16.5711 -27.0396 -32.808
-18.4601 -27.5936 -36.13

-21.7151 -28.6946 -34.32
-21.6391 -26.4116 -31.209
-23.9391 -23.3096 -31.448

-21.3931 -20.8836 -29.848
-17.5861 -21.1146 -30.373
-15.3361 -18.6906 -28.454
-11.7121 -19.2246 -29.567
-8.99408 -17.2886 -27.656

-5.30608 -16.7026 -28.563
-2.56508 -14.0556 -28.171
-0.857076 -15.4666 -31.281
-3.56908 -16.9896 -33.576
-0.830076 -17.7886 -36.089
2.58892 -18.7236 -34.621
4.61192 -18.4946 -37.9
2.47292 -18.9526 -41.108

-1.05308 -18.3556 -42.628
-1.71208 -22.1636 -42.845
-1.96908 -22.2856 -38.967
-5.18608 -20.1376 -39.123
-7.19508 -22.6136 -41.272
-8.47108 -24.7936 -38.358
-9.54808 -21.6596 -36.387
-11.3051 -20.1736 -39.502
-13.3261 -23.4056 -40.12
-14.1121 -23.6936 -36.358
-15.6711 -20.1506 -36.34

-17.1741 -20.4216 -39.916
-17.5591 -24.1376 -41.001
-18.7391 -23.0186 -44.524
-15.5021 -21.0576 -45.252
-12.9041 -23.0036 -47.336
-14.4671 -26.5526 -46.973
-11.1431 -27.9846 -48.315

-7.66808 -26.7866 -47.173
-6.28608 -26.7896 -50.776
-8.43308 -23.7346 -51.774
-7.13208 -21.7986 -48.703
-3.53208 -22.9666 -49.412
-3.59508 -21.9296 -53.128
-4.80508 -18.4016 -52.174
-2.97008 -17.5876 -48.886

-0.0770761 -20.1186 -48.508
1.58192 -19.6356 -51.986
0.933924 -23.3446 -52.602

3.51092 -24.9916 -54.933
3.26192 -28.3396 -56.775

6.54192 -30.1826 -56.018
7.53792 -33.6646 -57.446
6.48792 -35.2316 -54.059

3.13192 -33.3386 -53.652
1.96792 -29.8556 -52.558
4.05792 -27.4306 -50.476

2.04692 -24.9596 -48.282
4.97792 -23.3436 -46.323
4.64692 -20.0166 -48.216
2.42792 -16.9296 -47.87
0.299924 -14.8696 -50.309
-2.45508 -12.1746 -50.387

-1.99508 -11.4576 -46.612
-3.82608 -8.0596 -46.711
-6.92608 -9.8356 -48.168
-6.60108 -12.5496 -45.464
-6.42008 -9.7816 -42.771
-9.62808 -8.1436 -44.14
-11.4611 -11.5386 -44.249
-10.3491 -12.3616 -40.662
-11.4081 -8.9636 -39.175
-14.8101 -8.9136 -40.988
-15.9871 -12.5226 -40.453
-13.7561 -14.5246 -37.987

-11.6231 -12.4666 -35.603
-11.6811 -9.5726 -33.132
-8.07808 -8.3306 -32.599
-6.77108 -5.3296 -30.61
-3.19608 -4.4946 -29.636

-1.67008 -3.0106 -26.408
-1.05908 0.193401 -28.43
-4.81408 0.442401 -29.33
-6.25408 0.0724015 -25.77

-3.44308 0.567401 -23.148
-1.48208 3.8024 -23.979
-0.0680761 3.5654 -20.379
1.93692 0.297401 -20.795
5.73592 0.991401 -20.81
7.48892 0.257401 -24.134

9.14492 -3.1126 -24.877
12.7609 -2.2646 -25.855
14.2979 -5.1546 -27.857
17.9769 -5.6526 -28.804
20.3389 -8.2616 -30.206
23.3799 -8.9566 -27.965

26.1989 -10.5106 -30.02
27.9789 -12.7116 -27.429
31.6939 -12.8926 -28.239

32.6779 -16.1236 -30.162
36.2929 -15.6526 -28.834

35.2549 -17.8446 -25.812
34.2139 -20.6336 -28.297
37.3519 -22.8146 -28.231

38.8579 -24.0876 -31.529
37.5459 -27.7056 -30.988
33.9239 -26.5076 -30.437
34.2009 -24.1776 -33.498
35.6299 -27.0226 -35.65
32.6919 -29.2396 -34.465
30.1459 -26.5046 -35.463
31.9429 -26.1066 -38.853
31.8559 -29.9326 -39.284
28.0829 -30.2416 -38.536
27.3949 -27.1896 -40.804
29.3499 -28.8656 -43.691
27.5759 -32.1786 -42.9
24.0789 -30.6266 -43.484
25.1699 -29.2956 -46.955

26.6499 -32.6256 -48.207
24.8199 -33.7236 -51.412
24.9609 -37.5036 -50.877
23.0899 -37.6646 -47.492
19.5169 -38.8926 -46.985

16.7209 -36.5056 -45.831
17.0399 -38.1676 -42.368
20.8619 -37.7086 -42.079
20.3109 -34.0066 -43.05
17.7219 -33.6536 -40.175
20.0899 -35.4736 -37.738
23.0389 -33.1816 -38.695
20.6879 -30.1436 -38.239
19.6729 -31.3456 -34.715
23.3879 -31.9266 -33.908
24.3579 -28.4056 -35.18
21.5309 -26.8666 -33.065
22.4859 -28.8156 -29.867
26.2189 -27.8986 -30.434
25.1689 -24.2086 -30.794
23.5179 -24.3976 -27.334
26.6779 -25.9786 -25.765
28.9779 -23.4176 -27.493
26.9789 -20.4436 -26.047
26.9259 -21.6396 -22.349
30.2129 -19.8866 -21.212
29.2759 -16.4536 -22.684
25.5909 -16.8086 -21.644
26.9319 -17.3566 -18.073
29.4039 -14.4136 -18.46
26.4769 -12.1626 -19.543
24.1649 -13.3146 -16.653
26.9699 -12.5466 -14.142
27.6239 -9.0966 -15.767
23.8749 -8.2996 -15.291
24.0019 -9.3106 -11.566
27.3269 -7.4456 -10.976

25.6689 -4.3666 -12.659
23.1889 -4.3816 -9.68505
20.0199 -5.6786 -11.476
17.3259 -6.6316 -8.94805
15.0729 -8.9806 -11.072

15.2919 -10.5756 -14.553
14.1239 -13.6516 -16.524
16.4939 -16.0136 -18.399
14.9079 -18.0806 -21.203

16.5289 -21.2356 -22.674
15.1469 -24.5366 -24.151
18.0249 -27.0806 -24.096

18.1559 -28.7646 -20.643
22.0189 -28.5626 -20.585
21.7889 -24.7056 -20.827
19.1859 -24.5206 -17.983
21.3469 -26.9556 -15.897
24.6119 -24.9736 -16.451
22.9349 -21.5946 -15.605
21.3819 -23.0236 -12.366
24.7179 -24.6566 -11.336
26.6599 -21.3536 -11.756
23.9739 -19.3406 -9.84805
24.1919 -21.9316 -6.98305
28.0539 -21.7076 -7.09805

27.7659 -17.8526 -6.84205
25.0979 -18.2846 -4.04105
22.5199 -16.3246 -6.14305
18.9159 -17.0116 -5.07405

16.9129 -18.0026 -8.18505
13.8279 -19.9706 -9.35105
13.7499 -22.6876 -12.067
10.7479 -23.7886 -14.211

11.0139 -26.5106 -16.909
9.18092 -29.6066 -18.323
9.75892 -31.5236 -15.014
8.32492 -28.7746 -12.698
4.81192 -29.7796 -11.509
1.64892 -27.6836 -12.165
1.27592 -26.5756 -8.47705

5.03392 -25.9336 -7.89005
5.02492 -23.7086 -11.057
2.46392 -21.3766 -9.39305
4.31292 -21.4316 -6.00905
7.74892 -20.6436 -7.61705
6.00792 -17.8746 -9.64005
4.67392 -16.3866 -6.34005
8.15092 -16.7696 -4.68705
9.79892 -14.7536 -7.55505
6.95092 -12.1536 -7.50505
6.87692 -11.5896 -3.69405

10.5099 -12.2526 -2.56005
13.0939 -9.4706 -3.24605
15.8969 -12.0986 -2.79605
15.0859 -14.1026 -5.97405
17.0549 -12.1216 -8.59505

16.9129 -14.6456 -11.508
14.1529 -16.8166 -12.987
15.6149 -19.6786 -15.117
12.7589 -20.5886 -17.49
12.1849 -23.1166 -20.278

11.4186 -25.5256 -23.2173
11.0003 -28.1129 -26.0916
11.7506 -28.5413 -29.6899
8.03611 -27.8263 -30.2051
5.62627 -25.01 -30.2889
7.02434 -22.0163 -32.101
7.73063 -18.2379 -32.703
11.1487 -18.9075 -34.0954
13.5485 -20.9386 -36.1466
16.0931 -22.2166 -33.5248
18.5305 -23.6142 -31.0316
21.9141 -22.2726 -32.0775
21.1943 -19.6826 -34.8799
20.6522 -20.7415 -38.4476

23.0493 -19.2126 -40.8842
24.9316 -18.6663 -44.1919
27.8813 -16.7645 -45.6268
27.1091 -15.4668 -49.1761

30.2691 -17.5898 -48.7321
29.0601 -19.6098 -51.7631
27.0491 -18.8068 -54.9111
23.8561 -20.7718 -55.7071
22.7701 -21.3258 -59.3741
19.1241 -20.3538 -58.6291

18.5841 -16.5768 -57.9811
15.1111 -17.1248 -56.4181
16.8121 -18.9918 -53.4981
19.4311 -16.1958 -53.0831
16.5941 -13.5678 -52.9291
14.7141 -15.8078 -50.3941
17.8921 -15.8148 -48.2141
18.3661 -11.9638 -48.4461

14.6811 -11.4585 -47.7935
10.9694 -11.1503 -47.3138
8.25741 -11.9279 -49.9202
11.0992 -14.3939 -50.226
14.1056 -16.0927 -48.6882
12.5957 -19.6153 -48.3785
11.5656 -18.9861 -44.8252
10.7363 -16.2939 -42.2264
8.45652 -17.1645 -39.3072
11.4144 -16.3337 -36.9649
13.4751 -13.3048 -37.5291

12.3412 -12.3778 -33.9151
8.58128 -12.0387 -34.3358
4.82078 -11.8766 -33.382
5.32117 -11.2832 -29.7538
6.72603 -10.551 -26.3993
4.65853 -9.1358 -23.4833
2.62649 -7.94694 -20.4307

6.01549 -9.44694 -21.4527
7.71649 -8.92794 -24.8817
8.82249 -12.2929 -26.4057
5.79949 -14.2679 -24.9877
2.12749 -15.2679 -25.6137

1.11549 -11.6839 -24.5347
2.43449 -10.3399 -27.9187
-0.345512 -12.3479 -29.7287
-3.04451 -12.2709 -26.9947
-3.08051 -8.45694 -26.5747
-3.89151 -7.61494 -30.2887
-6.47651 -10.5019 -30.2387
-8.18551 -9.06494 -27.0947
-8.17251 -5.55194 -28.7117
-9.86551 -6.63494 -31.9937
-12.4665 -8.55994 -29.8787
-13.3085 -5.42494 -27.7597
-13.6685 -3.43294 -31.0317
-16.1415 -6.07794 -32.3967
-18.0635 -5.81194 -29.0647
-18.0485 -1.94794 -29.2287
-19.2755 -1.86394 -32.8987

-22.6107 -3.37858 -31.5777
-26.1085 -4.19618 -30.2727
-27.4327 -0.774531 -31.4922
-31.0901 -0.29288 -32.2594
-31.6779 2.5659 -29.72
-29.3031 5.09827 -31.0549
-27.5001 3.67096 -33.9628
-24.4104 4.85358 -35.9328
-25.9281 7.48112 -38.2601

-22.7787 9.23702 -37.0599
-22.1533 6.54267 -34.4537
-22.5498 3.79949 -37.0538
-20.0939 5.52225 -39.3869

-18.8289 6.48125 -35.8569
-16.3439 3.50825 -35.4339

End chain 1
