-13.201 -6.296 -53.957
-10.703 -3.406 -53.291
-9.54 -3.087 -49.639
-11.02 0.322 -48.639
-8.614 1.85 -46.053
-10.787 3.126 -43.162

-9.634 6.195 -41.181
-10.061 4.9 -37.589
-10.286 6.838 -34.306
-12.195 7.103 -30.979
-14.163 9.439 -28.711
-12.619 10.223 -25.263
-14.157 12.207 -22.344

-11.943 15.248 -21.466
-14.301 16.978 -18.949
-17.827 16.65 -17.399
-19.139 18.761 -20.353

-16.752 17.96 -23.312
-15.482 14.956 -25.281
-12.62 14.751 -27.824
-12.437 12.939 -31.204
-8.982 11.264 -31.393
-8.672 10.357 -35.1

-6.282 10.744 -38.079
-6.98 13.557 -40.6
-9.895 13.022 -43.051

-11.208 15.853 -45.293
-14.92 14.856 -45.011
-14.611 14.37 -41.226
-13.015 17.857 -40.827
-15.875 19.254 -42.999
-18.403 17.482 -40.669
-16.559 18.759 -37.515
-16.844 22.341 -38.957

-20.697 21.797 -39.029
-20.861 21.033 -35.24
-22.116 23.933 -33.104
-20.016 23.255 -29.939
-16.791 22.621 -31.971

-13.393 23.436 -30.391
-10.011 22.816 -32.063
-6.805 22.812 -29.99

-3.883 23.919 -32.209
-1.328 22.314 -29.773
-2.753 18.736 -29.691
-4.334 19.137 -33.217

-7.578 17.622 -31.79
-11.313 18.386 -31.995
-13.683 18.544 -28.991
-17.466 19.001 -28.65
-20.131 19.402 -25.91

-21.257 16.038 -24.476
-24.923 16.743 -25.497
-23.731 16.722 -29.178
-22.178 13.179 -28.839
-25.228 11.354 -30.322
-25.57 14.044 -33.093
-21.852 13.682 -34.021
-21.815 9.829 -34.037
-25.045 9.774 -36.128
-23.507 12.176 -38.75
-20.093 10.348 -38.803

-21.793 6.948 -39.527
-22.962 8.546 -42.834
-19.328 9.196 -43.991
-17.677 6.563 -46.261
-14.251 5.2 -45.121

-14.46 6.789 -41.562
-14.765 4.819 -38.279
-15.142 6.964 -35.114
-15.663 4.659 -32.101

-18.218 6.249 -29.657
-17.862 6.903 -25.912
-18.35 3.469 -24.195

-21.794 2.549 -22.772
-20.235 2.829 -19.255
-19.534 6.58 -19.812
-22.964 7.196 -21.431
-24.623 5.531 -18.378
-22.42 7.523 -15.909

-23.028 10.919 -17.654
-26.668 10.153 -18.714
-27.851 13.482 -17.123

-25.214 15.594 -18.963
-26 13.8 -22.296
-29.631 15.147 -21.909

-27.8232 18.2879 -21.0599
-26.1777 21.6932 -20.2707
-23.9846 24.842 -20.3658
-22.5812 25.085 -16.8877
-21.5133 27.1648 -13.8503
-18.352 25.0099 -13.8396
-14.9497 24.808 -15.3366
-12.9123 25.0927 -18.6299
-10.4634 22.1563 -19.222
-7.12738 21.2576 -20.8794
-6.7892 17.6998 -19.6545
-8.54385 15.1982 -21.8226
-10.2999 11.8567 -22.5187
-9.00722 9.09102 -24.6577
-9.70525 5.88234 -22.764
-9.68171 2.30476 -21.6353
-8.26733 2.78083 -18.1528
-4.40898 2.89955 -17.6597
-4.5378 5.5135 -20.4874

-5.02455 7.92917 -23.3805
-3.65356 10.8176 -21.3262
-0.585097 8.79695 -20.3544
0.080166 7.88099 -23.9823
-0.179811 11.5191 -25.0496

3.48419 10.3311 -25.4086
3.53519 10.3331 -29.2746
5.77719 13.0981 -30.6836

4.11619 15.2031 -33.5066
5.99119 13.2941 -36.2736
5.15819 9.91315 -34.6036
1.42619 10.9181 -34.5926
1.66019 11.8291 -38.3226
3.27919 8.36615 -38.9236
0.434189 6.58615 -37.0256
-2.14081 8.59515 -39.0786
-0.332811 7.67615 -42.3736
-0.207811 3.97015 -41.3846
-3.97381 4.00215 -40.5416
-4.80181 5.85415 -43.8346

-2.75081 3.15615 -45.7416
-4.99181 0.55915 -43.9396
-2.28981 -0.78885 -41.5396

-0.129811 -2.13585 -44.4436
3.26619 -0.37085 -44.5066
7.01319 -0.47685 -43.9906
7.92719 2.05215 -41.2486

9.54911 5.43784 -41.184
11.1169 9.00577 -41.177
12.1568 12.2716 -42.6457
13.8344 9.96204 -45.0467
11.7241 8.46661 -47.8534
12.6047 5.40172 -49.939
8.86754 4.47181 -50.4439

5.10515 4.31439 -49.9315
5.2792 6.89334 -47.1455
7.32651 9.24481 -49.3186
4.83543 8.933 -52.1717
1.92945 9.70448 -49.8472
3.69517 12.7911 -48.5065
4.37462 14.0506 -52.0271
0.731411 13.582 -53.002
-0.436493 15.4959 -49.9335
1.92285 18.3722 -50.7101
0.673464 18.5568 -54.2944
-2.94356 18.6439 -53.1315
-2.19104 21.4541 -50.6862
-0.47498 23.4867 -53.4003

1.36102 21.3877 -56.1083
3.78502 19.4757 -53.7603
5.43002 16.9307 -53.0003

8.63702 18.8957 -53.6823
11.86 17.2067 -54.9013
15.176 19.0157 -54.1733
18.279 17.6047 -55.9473
21.582 18.9867 -54.5673

25.361 18.3277 -54.1843
25.995 15.5237 -51.6033
27.555 18.0387 -49.0773
24.722 20.7037 -48.9713

21.653 18.4757 -48.1673
21.516 19.5907 -44.4953
22.257 23.2417 -45.5403
19.046 23.0397 -47.6643
16.997 21.4467 -44.7953
18.143 24.2637 -42.4413
17.302 26.8197 -45.2013
13.689 25.4547 -45.4103
13.329 25.4837 -41.5593
14.815 29.0437 -41.4473
12.588 30.5387 -44.1923

9.29002 28.5347 -43.9303
8.56002 28.2937 -40.1143
5.02302 27.1347 -41.2223
6.64702 23.6427 -41.7643
7.38102 21.0587 -39.0533

10.779 19.2397 -39.3133
8.77302 16.0237 -40.0903
7.63102 17.6767 -43.3793

11.32 17.5277 -44.5943
12.906 14.2197 -45.6823
16.73 14.3027 -46.0893

19.4551 12.7175 -48.3121
18.3058 14.4416 -51.5439
14.8604 15.6477 -52.5324
15.1861 12.8903 -55.0338
16.216 12.8174 -58.7009
13.6869 11.7238 -61.2712
12.6793 8.03034 -61.11
10.7399 4.75416 -61.4707
13.2771 2.20389 -62.534
13.6973 1.00815 -66.1135
15.5623 -1.66833 -67.9742
16.1421 -2.23325 -64.2644

12.9222 -1.91952 -62.1372
10.4365 -0.382599 -59.7568
6.93853 -1.89521 -60.1194
3.73309 -3.93152 -60.4408
5.71246 -7.09319 -59.4663

6.58346 -7.53819 -63.1803
8.48446 -10.8072 -62.3823
5.40846 -12.3442 -60.6443
2.94146 -11.5672 -63.5353

4.31546 -14.5132 -65.6173
3.95446 -16.8712 -62.5743
0.398457 -15.5382 -61.9123
-0.772543 -15.6132 -65.6183
-3.48954 -18.2132 -64.7133
-5.00154 -15.6342 -62.2453
-4.71354 -12.6922 -64.7683
-7.82954 -14.2312 -66.4793
-9.94654 -12.2492 -63.9323
-10.8525 -8.93519 -65.7053
-9.12554 -6.03319 -63.9153
-10.9945 -3.01319 -65.3973

-8.46254 -0.475185 -63.9653
-4.69454 -1.09619 -64.3283
-1.76554 1.05681 -63.1553

1.72446 0.0918148 -64.3973
4.57946 1.96481 -62.6983
7.90046 2.33681 -64.6063

6.17546 0.849815 -67.7263
9.47646 0.994815 -69.7253
9.98946 -2.54019 -68.2133
7.46746 -3.66419 -70.9333

9.68346 -2.23419 -73.8113
10.3805 -5.70719 -75.3683
7.32846 -7.78119 -76.4933
9.24746 -11.1462 -76.3953
9.85546 -10.9142 -72.5963

7.69046 -13.0672 -70.2653
6.67346 -9.92019 -68.2443
5.40946 -8.20719 -71.4503
3.65546 -11.3912 -72.7633
1.78046 -11.7032 -69.4053
0.928457 -7.93519 -69.0893
-0.223543 -7.15119 -72.6823
-3.45854 -9.32119 -72.7603
-4.71954 -7.58419 -69.5563
-3.76254 -4.07019 -70.8213
-5.65154 -4.62419 -74.1433

-8.90654 -5.72519 -72.3333
-8.83054 -3.44219 -69.2223
-11.1305 -0.340185 -69.4613

-8.58454 2.08581 -67.8613
-4.77754 1.85481 -68.3863
-2.52754 4.27881 -66.4673
1.09646 3.74481 -67.5803
3.81446 5.68081 -65.6693

7.50246 6.26681 -66.5763
10.2435 8.91381 -66.1843
11.9515 7.50281 -69.2943
9.23946 5.97981 -71.5893
11.9785 5.18081 -74.1023
15.3975 4.24581 -72.6343
17.4205 4.47481 -75.9133
15.2815 4.01681 -79.1213

11.7555 4.61381 -80.6413
11.0965 0.805815 -80.8583
10.8395 0.683815 -76.9803
7.62246 2.83181 -77.1363
5.61346 0.355815 -79.2853
4.33746 -1.82419 -76.3713
3.26046 1.30981 -74.4003
1.50346 2.79581 -77.5153
-0.517543 -0.436185 -78.1333
-1.30354 -0.724185 -74.3713
-2.86254 2.81881 -74.3533

-4.36554 2.54781 -77.9293
-4.75054 -1.16819 -79.0143
-5.93054 -0.0491852 -82.5373
-2.69354 1.91181 -83.2653
-0.0955425 -0.0341852 -85.3493
-1.65854 -3.58319 -84.9863
1.66546 -5.01519 -86.3283

5.14046 -3.81719 -85.1863
6.52246 -3.82019 -88.7893
4.37546 -0.765185 -89.7873
5.67646 1.17081 -86.7163
9.27646 0.00281484 -87.4253
9.21346 1.03981 -91.1413
8.00346 4.56781 -90.1873
9.83846 5.38181 -86.8993

12.7315 2.85081 -86.5213
14.3905 3.33381 -89.9993
13.7425 -0.375185 -90.6153

16.3195 -2.02219 -92.9463
16.0705 -5.37019 -94.7883

19.3505 -7.21319 -94.0313
20.3465 -10.6952 -95.4593
19.2965 -12.2622 -92.0723

15.9405 -10.3692 -91.6653
14.7765 -6.88619 -90.5713
16.8665 -4.46119 -88.4893

14.8555 -1.99019 -86.2953
17.7865 -0.374185 -84.3363
17.4555 2.95281 -86.2293
15.2365 6.03981 -85.8833
13.1085 8.09981 -88.3223
10.3535 10.7948 -88.4003

10.8135 11.5118 -84.6253
8.98246 14.9098 -84.7243
5.88246 13.1338 -86.1813
6.20746 10.4198 -83.4773
6.38846 13.1878 -80.7843
3.18046 14.8258 -82.1533
1.34746 11.4308 -82.2623
2.45946 10.6078 -78.6753
1.40046 14.0058 -77.1883
-2.00154 14.0558 -79.0013
-3.17854 10.4468 -78.4663
-0.947543 8.44481 -76.0003

1.18546 10.5028 -73.6163
1.12746 13.3968 -71.1453
4.73046 14.6388 -70.6123
6.03746 17.6398 -68.6233
9.61246 18.4748 -67.6493

11.1385 19.9588 -64.4213
11.7495 23.1628 -66.4433
7.99446 23.4118 -67.3433
6.55446 23.0418 -63.7833

9.36546 23.5368 -61.1613
11.3265 26.7718 -61.9923
12.7405 26.5348 -58.3923
14.7455 23.2668 -58.8083
18.5445 23.9608 -58.8233
20.2975 23.2268 -62.1473

21.9535 19.8568 -62.8903
25.5695 20.7048 -63.8683
27.1065 17.8148 -65.8703
30.7855 17.3168 -66.8173
33.1475 14.7078 -68.2193
36.1885 14.0128 -65.9783

39.0075 12.4588 -68.0333
40.7875 10.2578 -65.4423
44.5025 10.0768 -66.2523

45.4865 6.84581 -68.1753
49.1015 7.31681 -66.8473

48.0635 5.12481 -63.8253
47.0225 2.33581 -66.3103
50.1605 0.154815 -66.2443

51.6665 -1.11819 -69.5423
50.3545 -4.73619 -69.0013
46.7325 -3.53819 -68.4503
47.0095 -1.20819 -71.5113
48.4385 -4.05319 -73.6633
45.5005 -6.27019 -72.4783
42.9545 -3.53519 -73.4763
44.7515 -3.13719 -76.8663
44.6645 -6.96319 -77.2973
40.8915 -7.27219 -76.5493
40.2035 -4.22019 -78.8173
42.1585 -5.89619 -81.7043
40.3845 -9.20919 -80.9133
36.8875 -7.65719 -81.4973
37.9785 -6.32619 -84.9683

39.4585 -9.65619 -86.2203
37.6285 -10.7542 -89.4253
37.7695 -14.5342 -88.8903
35.8985 -14.6952 -85.5053
32.3255 -15.9232 -84.9983

29.5295 -13.5362 -83.8443
29.8485 -15.1982 -80.3813
33.6705 -14.7392 -80.0923
33.1195 -11.0372 -81.0633
30.5305 -10.6842 -78.1883
32.8985 -12.5042 -75.7513
35.8475 -10.2122 -76.7083
33.4965 -7.17419 -76.2523
32.4815 -8.37619 -72.7283
36.1965 -8.95719 -71.9213
37.1665 -5.43619 -73.1933
34.3395 -3.89719 -71.0783
35.2945 -5.84619 -67.8803
39.0275 -4.92919 -68.4473
37.9775 -1.23919 -68.8073
36.3265 -1.42819 -65.3473
39.4865 -3.00919 -63.7783
41.7865 -0.448185 -65.5063
39.7875 2.52581 -64.0603
39.7345 1.32981 -60.3623
43.0215 3.08281 -59.2253
42.0845 6.51581 -60.6973
38.3995 6.16081 -59.6573
39.7405 5.61281 -56.0863
42.2125 8.55581 -56.4733
39.2855 10.8068 -57.5563
36.9735 9.65481 -54.6663
39.7785 10.4228 -52.1553
40.4325 13.8728 -53.7803
36.6835 14.6698 -53.3043
36.8105 13.6588 -49.5793
40.1355 15.5238 -48.9893

38.4775 18.6028 -50.6723
35.9975 18.5878 -47.6983
32.8285 17.2908 -49.4893
30.1345 16.3378 -46.9613
27.8815 13.9888 -49.0853

28.1005 12.3938 -52.5663
26.9325 9.31781 -54.5373
29.3025 6.95581 -56.4123
27.7165 4.88881 -59.2163

29.3375 1.73381 -60.6873
27.9555 -1.56719 -62.1643
30.8335 -4.11119 -62.1093

30.9645 -5.79519 -58.6563
34.8275 -5.59319 -58.5983
34.5975 -1.73619 -58.8403
31.9945 -1.55119 -55.9963
34.1555 -3.98619 -53.9103
37.4205 -2.00419 -54.4643
35.7435 1.37481 -53.6183
34.1905 -0.0541852 -50.3793
37.5265 -1.68719 -49.3493
39.4685 1.61581 -49.7693
36.7825 3.62881 -47.8613
37.0005 1.03781 -44.9963
40.8625 1.26181 -45.1113

40.5745 5.11681 -44.8553
37.9065 4.68481 -42.0543
35.3285 6.64481 -44.1563
31.7245 5.95781 -43.0873

29.7215 4.96681 -46.1983
26.6365 2.99881 -47.3643
26.5585 0.281815 -50.0803
23.5565 -0.819185 -52.2243

23.8225 -3.54119 -54.9223
21.9895 -6.63719 -56.3363
22.5675 -8.55419 -53.0273
21.1335 -5.80519 -50.7113
17.6205 -6.81019 -49.5223
14.4575 -4.71419 -50.1783
14.0845 -3.60619 -46.4903

17.8425 -2.96419 -45.9033
17.8335 -0.739185 -49.0703
15.2725 1.59281 -47.4063
17.1215 1.53781 -44.0223
20.5575 2.32581 -45.6303
18.8165 5.09481 -47.6533
17.4825 6.58281 -44.3533
20.9595 6.19981 -42.7003
22.6075 8.21581 -45.5683
19.7595 10.8158 -45.5183
19.6855 11.3798 -41.7073

23.3185 10.7168 -40.5733
25.9025 13.4988 -41.2593
28.7055 10.8708 -40.8093
27.8945 8.86681 -43.9873
29.8635 10.8478 -46.6083

29.7215 8.32381 -49.5213
26.9615 6.15281 -51.0003
28.4235 3.29081 -53.1303
25.5675 2.38081 -55.5033
24.9935 -0.147185 -58.2913

23.8477 -1.86568 -61.4773
21.1622 -3.30509 -63.9111
18.6023 -4.93188 -66.0773
19.9534 -4.88396 -69.6463
18.2195 -2.00419 -71.1966
16.0539 0.513719 -72.8723
18.1788 2.04633 -75.6016
19.5486 -1.47199 -76.1238
23.1167 -0.821542 -75.3339
23.9011 -1.45676 -71.6806
24.127 -1.02465 -67.8807
27.0101 -2.7422 -69.4513
30.0025 -0.618502 -70.0158
30.4941 0.84657 -73.5881

31.7613 2.2274 -76.9021
33.2741 5.37899 -78.5778
35.1225 8.56386 -79.419
36.9792 9.43973 -82.5653

40.1392 7.31673 -82.1213
38.9302 5.29673 -85.1523
36.9192 6.09973 -88.3003
33.7262 4.13473 -89.0963
32.6402 3.58073 -92.7633
28.9942 4.55273 -92.0183

28.4542 8.32973 -91.3703
24.9812 7.78173 -89.8073
26.6822 5.91473 -86.8873
29.3012 8.71073 -86.4723
26.4642 11.3387 -86.3183
24.5842 9.09873 -83.7833
27.7622 9.09173 -81.6033
28.2362 12.9427 -81.8353

25.05 13.3145 -79.8858
24.3572 11.4127 -76.6805
26.8077 11.4454 -73.7894
25.0639 13.538 -71.0978
23.0167 10.3501 -70.9411
24.0251 7.24235 -72.6827
24.7587 3.6948 -73.874
28.2303 3.02137 -75.1919
27.5067 2.74829 -78.9612
27.01 1.61161 -82.6534
23.9442 -0.243309 -81.5893

22.6118 -3.47939 -80.0478
21.6047 -5.85014 -77.32
20.4845 -8.11372 -74.4022
18.5737 -4.9967 -73.1155
14.809 -5.34805 -73.4494
12.8476 -8.59126 -73.1864
14.0412 -12.0586 -72.1394

17.4302 -13.5586 -73.1614
19.1312 -13.0396 -76.5904
20.2372 -16.4046 -78.1144
17.2142 -18.3796 -76.6964
13.5422 -19.3796 -77.3224

12.5302 -15.7956 -76.2434
13.8492 -14.4516 -79.6274
11.0692 -16.4596 -81.4374
8.37015 -16.3826 -78.7034
8.33415 -12.5686 -78.2834
7.52315 -11.7266 -81.9974
4.93815 -14.6136 -81.9474
3.22915 -13.1766 -78.8034
3.24215 -9.66361 -80.4204
1.54915 -10.7466 -83.7024
-1.05185 -12.6716 -81.5874
-1.89385 -9.53661 -79.4684
-2.25385 -7.54461 -82.7404
-4.72685 -10.1896 -84.1054
-6.64885 -9.92361 -80.7734
-6.63385 -6.05961 -80.9374
-7.86085 -5.97561 -84.6074

-10.3708 -8.93679 -84.6629
-12.6284 -11.7777 -83.5648
-14.3803 -14.7926 -82.1413
-16.6337 -16.7568 -84.5605
-14.2854 -19.6389 -85.6546
-13.5152 -20.6256 -82.1679
-12.9461 -21.4589 -78.5682
-12.2049 -25.1997 -78.4335
-11.1167 -28.8556 -78.5832

-8.24612 -26.7459 -77.2597
-7.34622 -29.4042 -74.6972
-7.32768 -32.1091 -77.3666
-5.05522 -30.0311 -79.5938

-3.79022 -29.0721 -76.0638
-1.30522 -32.0451 -75.6408

End chain 1
