6 -0.0829016

7 -0.0697546

8 -0.0912796

9 -0.220887

10 -0.188402

11 -0.151796

12 -0.141545

13 -0.190005

14 -0.0452873

15 0.199014

16 0.216537

17 0.178128

18 0.115326

19 0.205488

20 -0.0218843

21 -0.041289

22 -0.0373957

23 -0.0639938

24 -0.180643

25 -0.184443

26 -0.172598

27 -0.113109

28 -0.0178394

29 -0.0548339

30 -0.0360187

31 -0.151031

32 -0.0583657

33 0.150259

34 0.109732

35 0.125412

36 0.0965431

37 0.0558136

38 0.047746

39 -0.0167918

40 -0.0516754

41 -0.0605877

