6 0.0673283

7 0.0367179

8 -0.152256

9 -0.0372356

10 -0.010665

11 0.0297469

12 -0.0139509

13 -0.0859584

14 -0.388304

15 -0.364859

16 -0.418002

17 -0.329843

18 -0.335188

19 -0.519988

20 -0.501447

21 -0.440309

22 -0.375745

23 -0.49176

24 -0.265192

25 -0.128907

26 0.00318619

27 0.0614396

28 0.108246

29 0.143111

30 0.129843

31 0.101344

32 -0.0673683

33 -0.0822537

34 -0.172286

35 -0.144211

36 -0.271907

37 -0.288204

38 -0.801766

39 -0.804918

40 -0.801373

41 -0.652548

42 -0.549965

43 -0.505524

44 -0.467584

45 -0.377254

46 -0.442261

47 -0.501864

48 -0.445628

49 -0.445324

50 -0.586282

51 -0.558883

52 -0.60209

53 -0.566994

54 -0.555213

55 -0.698187

56 -0.566275

57 -0.563694

58 -0.559456

59 -0.572332

60 -0.576561

61 -0.686832

62 -0.749789

63 -0.952239

64 -0.954824

