5 0.0698702

6 0.437658

7 -0.0192366

8 0.111115

9 0.0134328

10 0.0617196

11 -0.2344

12 -0.259698

13 -0.566836

14 -0.394103

15 -0.396773

16 -0.328955

17 -0.387112

18 -0.108267

19 0.239797

20 0.141318

21 0.189853

22 0.190025

23 0.294836

24 0.00693159

25 0.190334

26 0.198213

27 0.35219

28 0.216104

29 -0.563585

30 -0.29968

31 -0.28333

32 -0.244842

33 -0.413941

34 -0.607842

35 -1.06671

36 -1.19476

37 -1.37748

38 -1.2596

39 -1.58796

40 -1.42966

41 -0.380519

42 0.372206

43 0.378313

