6 -0.0469533

7 -0.0452094

8 -0.0443413

9 -0.125372

10 -0.0981076

11 0.068986

12 0.076437

13 0.0725188

14 0.183419

15 0.291248

16 0.312124

17 0.381866

18 0.399975

19 0.319509

20 0.329118

21 0.362179

22 0.324174

23 0.101757

24 0.0102922

25 -0.132301

26 -0.165998

27 -0.766629

28 -0.785391

29 -0.721337

30 -0.822361

31 -0.725009

32 -0.684615

33 -0.656094

34 -0.536406

35 -0.51453

36 -0.601243

37 -0.60283

38 -1.2571

39 -1.50546

40 -1.64201

41 -1.73695

42 -1.46238

43 -0.980862

44 -0.787204

45 -0.737089

46 -0.68277

47 -0.66245

48 -0.562189

49 -0.622513

50 -0.567363

51 -0.405625

52 -0.477003

53 -0.445745

54 -0.431912

55 -0.237391

56 -0.183148

57 -0.0434729

58 0.111758

59 0.522368

60 0.466447

61 0.445637

62 0.468732

63 0.353836

64 0.414216

65 0.434137

66 0.450611

67 0.368564

68 0.375093

69 0.335972

70 0.681757

71 0.603921

72 0.789387

73 0.663747

74 0.972365

75 1.07823

76 1.83038

77 1.83896

78 1.74968

79 1.66798

80 1.67002

81 1.5548

82 1.34966

83 1.31943

84 0.570653

85 0.6947

86 0.642568

87 0.939906

88 0.951533

89 0.945648

90 0.954891

91 1.19967

92 1.11866

93 1.24869

94 1.52089

95 1.7184

96 1.85203

97 1.87344

98 1.85654

99 1.94555

100 1.72647

101 1.8097

102 2.09339

103 2.16349

104 2.06942

105 2.06256

106 1.98029

107 1.91842

108 1.8861

109 1.91483

110 2.05497

111 1.9806

112 2.01863

113 2.19679

114 2.19674

115 2.09626

116 2.01531

117 2.07964

118 2.06982

119 2.091

120 2.16035

121 2.11239

122 1.92778

123 1.78487

124 1.79536

125 2.05139

126 2.05014

127 1.81874

128 1.8831

129 1.69615

130 1.59206

131 1.42068

132 1.32032

133 1.24805

134 1.18108

135 1.16156

136 1.22036

137 1.29139

138 1.35514

139 1.36158

140 1.29015

141 1.34698

142 1.34993

143 1.34755

144 1.35711

145 1.64274

146 0.563769

147 0.677012

148 0.431017

149 0.467182

150 0.846473

151 1.12512

152 1.14968

153 1.25005

154 1.28838

155 1.2934

156 1.31744

157 1.42766

158 1.57229

159 1.56437

160 1.54338

161 1.66019

162 1.48158

163 1.28662

164 1.3071

165 1.30908

166 1.25793

167 1.32384

168 1.18487

169 1.2414

170 1.1046

171 0.792716

172 0.707738

173 0.497517

174 0.475213

175 0.517735

176 0.497494

177 -0.0285348

178 0.0797049

179 0.137518

180 0.186408

181 0.32584

182 0.35221

183 0.326061

184 0.388677

185 0.625173

186 0.770584

187 0.844459

188 0.796481

189 0.824917

190 0.945779

191 0.532559

192 0.358383

193 0.288124

194 0.373541

195 0.563991

196 0.677679

197 0.72747

198 0.685222

199 0.706355

200 0.66083

201 0.625927

202 0.616554

203 0.57165

204 0.564369

205 0.606544

206 0.643031

207 0.708405

208 0.707229

209 0.762549

210 0.713816

211 0.735329

212 0.741227

213 0.651972

214 0.644495

215 0.627341

216 0.549001

217 0.510685

218 0.290672

219 0.310838

220 0.392557

221 0.356338

222 -1.38078

223 -1.38923

224 -1.3882

225 -1.49421

226 -1.50526

227 -1.40301

228 -1.64486

229 -1.70489

230 -1.81006

231 -1.86111

232 -1.98687

233 -2.01021

234 -2.13281

235 -2.31958

236 -2.43635

237 -2.52804

238 -2.4579

239 -2.38349

240 -2.28159

241 -1.6162

242 -1.45582

243 -1.37205

244 -1.29958

245 -1.53772

246 -1.68193

247 -1.9379

248 -2.10499

249 -2.25963

250 -2.23176

251 -2.35877

252 -2.2534

253 -1.88389

254 -1.67575

255 -1.60291

256 -1.51339

257 -1.27094

258 -0.929678

259 -1.01799

260 -1.02456

261 -1.1592

262 1.90447

