6 -0.0781651

7 -0.0534506

8 -0.0636483

9 -0.101133

10 -0.114849

11 -0.0988053

12 -0.0791138

13 -0.0902032

14 -0.449585

15 -0.316105

16 -0.0854796

17 0.0804832

18 0.0314412

19 0.331168

20 0.378468

21 0.435069

22 0.418118

23 0.438686

24 0.419917

25 0.4626

26 0.452251

27 0.45783

28 0.609204

29 0.763938

30 0.828413

31 0.958604

32 0.93883

33 1.02654

34 0.930734

35 1.03424

36 1.07938

37 0.793163

38 0.781524

39 0.801991

40 0.880989

41 1.02659

42 0.921047

43 1.17991

44 1.15847

45 1.81128

46 1.91208

47 1.85132

48 1.72383

49 1.78443

50 1.74868

51 1.20877

52 1.13697

53 1.08765

54 1.42373

55 1.62286

56 1.94842

57 2.21382

58 2.23075

59 2.16667

60 2.26026

61 2.27967

62 1.79098

63 1.81494

64 1.60343

65 1.92522

66 2.73078

67 2.81488

68 2.84392

69 2.79077

70 2.83935

71 2.94807

72 2.97313

73 2.51448

74 2.57274

75 2.64492

76 2.85519

77 3.11523

78 3.72952

79 3.81247

80 3.84617

81 3.79165

82 3.63873

83 3.59105

84 3.31496

85 3.23049

86 2.89461

87 2.81776

88 2.94423

89 2.8233

90 3.07359

91 3.02545

92 3.6852

93 3.59573

94 3.91302

95 3.91254

96 4.04451

97 4.02598

98 4.0322

99 3.69494

100 3.5305

101 3.54491

102 3.44209

103 3.64461

104 3.74811

105 4.63995

106 4.90274

107 4.99371

108 5.18225

109 5.21207

110 5.35722

111 4.71903

112 4.72015

