6 0.0475236

7 0.0639464

8 0.0914718

9 -0.0316248

10 -0.056585

11 -0.238006

12 -0.230088

13 -0.18437

14 -0.0580443

15 0.0627044

16 0.0852381

17 0.0849837

18 0.0216093

19 0.0612201

20 0.197771

21 0.182179

22 0.301637

23 0.314983

24 0.225055

25 0.319113

26 0.135621

27 0.246799

28 -0.0156428

29 0.0129142

30 0.113827

31 0.119867

32 0.0765623

33 0.333914

34 0.876883

35 0.909804

36 0.923044

37 0.90928

38 0.948855

39 1.05437

40 0.944406

41 1.07121

42 1.22057

43 1.26584

44 1.30086

45 1.35407

46 1.32493

47 1.22641

48 1.2883

49 1.10431

50 0.220771

51 0.249711

52 0.264128

53 0.129532

54 0.137412

55 0.0538877

56 0.0129246

57 -0.0328612

58 -0.00262538

59 -0.0684613

60 -0.0879333

61 -0.125295

62 -0.0618134

63 0.171997

64 0.0872638

65 0.0806915

66 0.0966172

67 -0.0435867

68 -0.0249242

69 -0.315245

70 -0.293178

71 -0.395513

72 -0.445835

73 -0.510822

74 -0.665957

75 -0.609028

76 -0.515397

77 -0.653444

78 -0.612768

79 -0.765561

