5 -0.666389

6 -0.371675

7 -0.330622

8 -0.223855

9 0.108939

10 0.0891764

11 -0.621252

12 -0.487508

13 -0.473837

14 -0.415565

15 -0.310147

16 -0.301359

17 -0.503631

18 -0.371048

19 -0.409189

20 -0.49457

21 -0.886973

22 -0.923871

23 -0.916811

24 -0.944808

25 -0.935581

26 -0.478169

27 -0.505051

28 -0.467201

29 -1.18508

30 -1.26528

31 -1.45055

32 -1.46304

33 -1.63162

34 -1.32622

35 -0.546242

36 -0.595118

37 -1.11045

38 -1.1183

39 -1.0511

40 -1.08737

41 -0.532111

42 -0.648278

43 -1.06191

44 -0.915827

45 -0.500631

46 -0.649852

47 -1.15619

48 -1.10132

49 -1.21655

50 -1.28562

