6 -0.0726946

7 -0.0753679

8 -0.0869583

9 -0.108307

10 -0.0558495

11 -0.0238305

12 -0.0199136

13 -0.160446

14 -0.196255

15 -0.189681

16 -0.186525

17 -0.153808

18 -0.0667048

19 -0.101166

20 -0.0592128

21 0.326025

22 0.285303

23 0.486082

24 0.568449

25 0.232361

26 0.16859

27 0.264887

28 0.15754

29 0.36607

30 0.149256

31 0.139438

32 1.13614

33 1.33424

34 1.39434

35 1.38085

36 1.42736

37 1.43617

38 1.36978

39 1.3473

40 1.26567

41 1.22782

42 1.23145

43 1.23962

44 1.34025

45 1.3219

46 1.30951

47 1.50325

48 1.68549

49 1.87655

50 1.74329

51 1.63913

52 1.71332

53 1.58734

54 1.95767

55 2.15595

56 2.83163

57 2.98621

58 3.06075

59 3.14409

60 3.18509

61 3.19498

62 3.32564

63 3.22659

64 3.33693

65 3.34434

66 2.92158

67 2.78691

68 2.87052

69 2.64339

70 2.97809

71 3.8998

72 4.03602

73 4.0991

74 4.14228

75 4.17235

76 4.13315

77 4.07491

78 4.16565

79 4.00123

80 4.15818

81 3.65407

82 3.58397

83 3.75879

84 3.6837

85 3.69809

86 3.67164

87 3.54006

88 3.75276

89 4.77336

90 4.96669

91 4.98434

92 5.0684

93 5.08303

94 5.22209

95 5.30224

96 5.2649

97 5.37796

98 5.27045

99 5.39106

100 5.30137

101 5.33063

102 5.32854

103 4.47259

104 4.58881

105 4.62134

106 4.29262

107 4.15294

108 4.38631

109 4.84661

110 5.05287

111 5.07799

112 5.39539

113 5.51561

114 5.72888

115 5.80703

116 5.66705

117 5.6315

118 5.87071

119 5.61968

120 5.7527

121 5.69508

122 5.60443

123 5.61677

124 5.33867

125 5.38249

126 5.71956

127 6.07465

128 6.90021

129 7.11947

130 7.31387

131 7.71982

132 7.48543

133 7.47374

134 7.27538

135 7.4775

136 7.31958

137 7.09784

138 7.13232

