5 0.0432947

6 0.0470634

7 -0.57967

8 -0.771886

9 -1.00951

10 -1.00579

11 -1.30402

12 -1.33245

13 -1.62565

14 -1.59669

15 -1.80536

16 -1.80777

17 -1.85014

18 -1.85261

19 -1.95935

20 -1.70242

21 -1.46772

22 -1.34828

23 -1.20619

24 -1.12376

25 -0.918514

26 -0.850602

27 -0.89912

28 -1.13357

29 -0.515865

30 -0.352946

31 -0.643221

32 -0.425176

33 0.173585

34 -0.065932

35 -0.0321745

36 0.619939

37 0.608919

38 0.57636

39 0.698383

40 1.07096

41 1.0469

42 -0.682056

43 -0.660541

44 -0.741392

45 -0.473298

46 -0.381442

47 -0.162079

48 -0.158832

49 -0.00586131

