6 -0.0101125

7 0.0642067

8 0.0465477

9 0.032352

10 0.0221351

11 0.0569477

12 0.0539457

13 -0.0604946

14 -0.0925131

15 -0.00650181

16 0.0784429

17 0.0899601

18 0.171973

19 0.118974

20 0.0191029

21 0.496519

22 0.548325

23 0.596286

24 0.628745

25 0.699039

26 0.851954

27 0.788092

28 0.632654

29 0.563938

30 0.0318472

31 0.110339

32 0.091983

33 -0.0358451

34 -0.197924

35 -0.309673

36 -0.293098

37 -0.305705

38 -0.309344

39 -0.306717

40 -0.346481

41 -0.250047

42 -0.50409

43 -0.527849

44 -0.775246

45 -0.889244

46 -0.995865

47 -1.01748

48 -1.0733

49 -0.928127

50 -1.04142

51 -1.02096

52 -1.10755

53 -1.20088

54 -1.61418

55 -1.64669

56 -1.62331

57 -1.57771

58 -1.4791

59 -1.37771

60 -1.32063

61 -1.41451

62 -1.45374

63 -1.5268

64 -1.50564

65 -1.43222

66 -1.60678

67 -1.5824

68 -1.58796

69 -1.49204

70 -1.46153

