5 0.0285283

6 0.0729654

7 0.218057

8 0.181644

9 -0.25878

10 -0.132483

11 -0.024538

12 -0.00615537

13 0.0285845

14 0.214529

15 0.113333

16 0.215768

17 0.0992578

18 -0.208326

19 -0.222241

20 -0.852022

21 -0.816659

22 -0.737145

23 -0.257158

24 -0.154284

25 -0.101555

26 -0.0879853

27 -0.161674

28 -0.165929

29 -0.105208

30 0.392679

31 0.468644

32 0.174507

33 0.270685

34 0.522488

35 0.259409

36 -1.89559

37 -1.73882

38 0.0393986

39 -0.0463949

40 -1.9884

41 -2.01135

42 -1.57575

43 -1.32287

