5 -0.187188

6 0.198629

7 0.520309

8 0.735055

9 0.677704

10 0.788703

11 0.841251

12 1.5228

13 1.41575

14 1.1381

15 1.20255

16 1.22777

17 0.97934

18 1.0782

19 1.44703

20 1.88794

21 2.02752

22 2.11768

23 2.09436

24 1.95757

25 2.0114

26 2.56585

27 2.5703

28 2.77686

29 2.79589

30 2.78248

31 2.73726

32 3.3212

33 3.44865

34 3.41732

35 3.91412

36 4.20531

37 3.91526

38 3.97453

39 3.97396

40 3.93578

41 4.22229

42 4.62857

43 4.34277

44 4.51304

45 4.75879

46 4.61325

47 4.70975

48 5.27504

49 5.46723

50 5.03681

51 4.39599

52 4.50961

53 4.55878

54 4.66583

