6 -0.0197349

7 0.14087

8 -0.0481796

9 -0.135233

10 -0.210958

11 -0.259235

12 -0.307893

13 -0.388129

14 -0.505406

15 -0.474694

16 -0.523009

17 -0.555342

18 -0.545532

19 -0.605309

20 -0.588799

21 -0.905891

22 -0.952124

23 -0.857603

24 -0.311242

25 -0.241823

26 -0.270529

27 -0.47777

28 -1.66324

29 -1.76315

30 -1.75179

31 -1.82211

32 -1.29417

33 -1.33084

34 -0.966934

35 -0.93706

36 -0.865684

37 -0.850411

38 -0.839316

39 -0.838909

40 -0.904155

41 -0.723558

42 -0.844741

43 -0.54714

44 -0.486006

45 -0.277954

46 -0.27059

47 -0.21171

48 -0.140983

49 -0.178183

50 -0.103403

51 0.0867588

52 0.152405

53 0.0965813

54 0.0357532

55 0.0824486

56 -0.813166

57 -0.837158

58 -0.789176

59 -0.799654

60 -0.659112

61 -0.677384

62 -0.540914

63 -0.436267

64 -0.476085

65 -0.492049

66 -0.490056

67 -0.418858

68 -0.562751

69 -0.528186

70 -0.543316

71 -0.500119

72 -0.422022

73 -0.245354

74 -0.226562

75 -0.154448

76 -0.221927

77 -0.103212

78 -0.130727

79 -0.0969478

80 -0.127458

81 -0.263121

82 -0.294557

83 -0.405628

84 -0.440763

85 -0.252457

86 -0.254696

87 -0.294515

88 -0.228751

89 -0.236911

90 -0.116519

91 -0.0429054

92 -0.00868975

93 0.0537426

94 -0.0172143

95 -0.0250455

96 -0.0422077

97 -0.0274335

98 -0.114327

99 0.0881087

100 0.18288

101 0.122034

102 0.224947

103 0.192571

104 0.15067

105 0.62593

106 1.19068

107 1.4426

108 1.91506

109 1.96205

110 1.94466

111 1.92806

112 2.06358

113 1.91139

114 2.17345

115 2.25497

116 2.34405

117 2.38365

118 2.57006

119 2.73456

120 2.732

121 2.83794

122 2.79021

123 2.79576

124 2.83144

125 2.59429

