6 -0.0993561

7 -0.22696

8 -0.462096

9 -0.447882

10 -0.456062

11 -0.458594

12 -0.442127

13 -0.432128

14 -0.49311

15 -0.495738

16 -0.228435

17 -0.0547001

18 -0.0259239

19 -0.00363247

20 -0.0400801

21 -0.0850781

22 -0.0696371

23 -0.0297832

24 -0.128119

25 -0.0991687

26 -0.0681904

27 0.214389

28 0.221645

29 0.280493

30 0.286681

31 0.320671

32 0.406225

33 0.293518

34 0.432089

35 0.554069

36 0.606326

37 0.675099

38 0.668539

39 0.640719

40 0.632086

41 0.598502

42 0.591947

43 0.631566

44 0.497551

45 0.334528

46 0.0821562

47 0.00102905

48 0.056725

49 0.075171

50 0.149628

51 0.404927

52 0.438143

53 0.502531

54 0.443791

55 0.583966

56 0.543428

57 0.51794

58 0.458416

59 0.598458

60 0.530301

61 0.505716

62 0.45018

63 0.44659

64 0.319554

65 0.428668

66 0.361841

67 0.291909

68 0.1694

69 0.155357

70 0.114667

71 0.18782

