6 -0.0664599

7 0.00355459

8 0.0861573

9 0.0470996

10 0.0716162

11 0.0335522

12 0.000225639

13 -0.0471413

14 -0.0647111

15 0.0234415

16 -0.0393419

17 -0.0165823

18 0.0830517

19 0.22204

20 0.303672

21 0.30531

22 0.366129

23 0.439489

24 0.514092

25 0.499126

26 0.487438

27 0.614192

28 0.660499

29 0.702987

30 0.533054

31 0.400157

32 0.311631

33 0.142844

34 0.0620486

35 0.0648624

36 0.031555

37 -0.0276718

38 -0.204184

39 -0.211136

40 -0.268696

41 -0.420504

42 -0.428304

43 -0.465694

44 -0.49534

45 -0.479255

46 -0.462988

47 -0.487079

48 -0.591005

49 -0.512596

50 -0.602709

51 -0.497018

52 -0.464944

53 -0.452904

54 -0.527728

55 -0.529569

56 -0.704839

57 -0.699842

58 -0.800775

59 -0.74175

60 -0.917443

61 -0.969419

62 -1.0293

63 -0.970949

64 -0.929488

65 -0.942636

66 -0.847643

67 -1.05793

68 -1.22892

69 -1.20008

70 -1.22517

71 -1.24925

72 -1.29322

73 -1.29215

74 -1.26597

75 -1.25101

76 -1.19606

77 -1.32967

78 -1.38284

79 -1.47895

80 -1.52892

81 -1.58628

82 -1.64304

83 -1.60109

84 -1.60435

85 -1.47099

86 -1.35627

87 -1.39979

88 -1.46813

89 -1.48189

90 -1.67342

91 -1.51245

92 -1.5908

93 -1.51487

94 -1.58326

95 -1.47851

96 -1.39286

97 -1.34383

98 -1.38772

99 -1.54491

100 -1.57228

101 -1.719

102 -1.65029

103 -1.73716

104 -1.63871

105 -1.88061

106 -1.96075

107 -2.03462

108 -1.94841

109 -1.91538

110 -1.71402

111 -1.89358

112 -1.73262

113 -1.91974

114 -2.08517

115 -2.23235

116 -2.18303

117 -2.40401

118 -2.44566

119 -2.5967

120 -2.53283

121 -2.57753

122 -2.46858

123 -2.74402

124 -2.76256

125 -2.9039

126 -2.80884

127 -2.79824

128 -2.60729

129 -2.85816

130 -2.96959

131 -2.93846

132 -2.97

133 -3.24371

134 -3.26576

135 -3.45905

136 -3.45849

137 -3.59669

138 -3.74074

139 -3.73173

140 -3.30565

141 -4.438

142 -4.58378

143 -4.61805

144 -4.60462

145 -4.61101

146 -4.90971

147 -4.92095

148 -5.09332

149 -5.1009

150 -5.06016

151 -5.03145

152 -5.09466

153 -5.27382

154 -5.23513

155 -5.12028

156 -5.11241

157 -5.03618

158 -5.28854

159 -5.18764

