6 -0.0837894

7 -0.0684033

8 -0.189924

9 -0.0849907

10 -0.147308

11 -0.11124

12 -0.170204

13 -0.150385

14 -0.695809

15 -0.736999

16 -0.781438

17 -0.808009

18 -0.942391

19 -0.972144

20 -0.875975

21 -0.917878

22 -0.718074

23 -0.701584

24 -0.710288

25 -0.444667

26 -0.357159

27 -0.151025

28 -0.121708

29 0.0096655

30 0.00883641

31 0.0688554

32 0.0614601

33 0.11364

34 0.185642

35 0.204659

36 -0.233896

37 -0.177554

38 -0.115159

39 -0.119799

40 -0.327348

41 -0.305735

42 -0.16993

43 -0.211554

44 -0.10227

45 -0.0484518

46 0.135464

47 0.10112

48 0.137449

49 0.050338

50 -0.0718982

51 -0.136432

52 -0.0907258

53 -0.230402

54 -0.155612

55 -0.211163

56 -0.23951

57 -1.78432

58 -1.83294

59 -1.89306

60 -1.81942

61 -1.93442

62 -1.93512

63 -2.04728

64 -2.01136

65 -2.03552

66 -2.11258

67 -2.18639

68 -2.23952

69 -2.41665

70 -2.42433

71 -2.55544

72 -2.53492

73 -2.69867

74 -2.76605

75 -2.91658

76 -2.92193

77 -2.97659

78 -2.95205

79 -2.8879

80 -2.96052

81 -2.87644

82 -3.13341

83 -4.00382

84 -4.1579

85 -4.21314

86 -4.36216

87 -4.04343

88 -4.02913

89 -4.09171

90 -4.12475

91 -5.4213

