6 -0.00663038

7 -0.102497

8 -0.0794147

9 -0.204861

10 -0.1113

11 -0.207587

12 -0.316669

13 -0.395724

14 -0.249593

15 -0.208644

16 0.606704

17 0.606406

18 0.578154

19 0.575621

20 0.609305

21 0.60482

22 0.602649

23 0.782143

24 0.784896

25 0.865597

26 1.20515

27 1.54462

28 1.69789

29 1.8011

30 1.82878

31 1.87338

32 1.97421

33 2.02898

34 1.99407

35 1.36942

36 1.50894

37 1.57071

38 1.89869

39 2.24095

40 2.19342

41 2.15033

42 2.0626

43 2.08544

44 1.98335

45 1.95014

46 2.08088

47 1.97296

48 2.24223

49 2.3184

50 2.65813

51 2.80889

52 2.97315

53 2.85579

54 2.84978

55 2.78992

56 2.76327

57 2.73937

58 2.7308

59 2.71188

60 2.71393

61 2.70972

62 2.69115

