6 -0.074405

7 -0.0750471

8 -0.0436

9 -0.0729534

10 -0.10621

11 -0.217636

12 -0.243122

13 -0.230186

14 -0.260041

15 -0.292834

16 -0.549267

17 -0.592609

18 -0.47509

19 -0.431153

20 -0.193499

21 0.00953436

22 0.024773

23 0.453809

24 0.5883

25 0.605078

26 0.542085

27 0.552218

28 0.631055

29 0.547516

30 0.586532

31 0.536579

32 0.421704

33 0.410722

34 0.296535

35 0.384003

36 0.384031

37 0.356077

38 -0.222079

39 -0.332441

40 -0.200064

41 -0.306132

42 0.118102

43 0.134761

44 0.633104

45 0.699453

46 0.808696

47 0.886058

48 0.810532

49 0.661422

50 0.694041

51 0.725042

52 0.666031

53 0.678283

54 0.0027561

55 -0.100264

56 -0.119901

57 0.278607

58 0.457102

59 0.968115

60 1.07801

61 1.11401

62 1.19983

63 1.18652

64 1.24934

65 1.26512

66 1.29282

67 1.31878

68 1.22955

69 1.23494

70 1.25995

71 1.2511

72 1.07368

73 1.01684

74 0.86513

75 0.766905

76 0.570404

77 0.580102

78 0.548035

79 0.00847859

80 0.00426183

81 0.0339339

82 0.0853015

83 0.311

84 0.25619

85 -0.037716

86 0.149939

87 0.798114

88 0.938551

89 0.975466

90 0.919451

91 0.76355

92 0.801349

93 0.679466

94 0.978351

95 1.20357

96 1.6628

97 1.84342

98 1.96937

99 1.97233

100 2.06884

101 2.05382

102 2.07435

103 1.61319

104 1.51147

105 1.65319

106 1.51293

107 1.74221

108 1.74547

109 2.39523

110 2.56559

111 2.68535

112 2.77924

113 2.78892

114 2.74134

115 2.81714

116 2.74767

117 2.98902

118 3.10351

119 2.98822

120 3.11969

121 3.11248

122 2.77461

123 2.63304

124 2.68506

125 2.56939

126 2.78977

127 2.97981

128 3.84201

129 3.93832

130 4.11028

131 4.09878

132 4.16822

133 4.17493

134 4.06674

135 4.05018

136 3.89383

137 3.89179

138 4.04849

139 4.11952

140 4.10122

141 4.10414

142 4.0772

143 4.14045

144 4.12353

145 4.07745

146 4.09717

147 4.14867

148 4.16455

