6 -0.0455338

7 -0.0562429

8 -0.127312

9 -0.194064

10 -0.187996

11 -0.233899

12 -0.275387

13 -0.226293

14 -0.239536

15 -0.327301

16 -0.355869

17 -0.508796

18 -0.418912

19 -0.370774

20 -0.318701

21 -0.243997

22 -0.28411

23 -0.219506

24 -0.176009

25 -0.233067

26 -0.297677

27 -0.287087

28 -0.0552946

29 0.00436626

30 0.0625984

31 0.110231

32 -0.173031

33 -0.13436

34 -0.266857

35 -0.228954

36 -0.247672

37 -0.155434

38 -0.630482

39 -0.610621

40 -0.533691

41 -0.48473

42 -0.400942

43 -0.406891

44 -0.362096

45 -0.315119

46 -0.32907

47 -0.322146

48 -0.285325

49 -0.432911

50 -1.11662

51 -1.11841

52 -0.995312

53 -0.998342

54 -0.545658

55 -0.43726

56 -0.257883

57 -0.291376

58 -0.258373

59 -0.124699

60 -0.102391

61 -0.136843

62 -0.248149

63 -0.390169

64 -0.394939

65 -0.428895

66 -0.479066

67 -0.494296

68 -0.432403

69 -0.543783

70 -0.999427

71 -1.20248

72 -1.14727

73 -1.06425

74 -0.926079

75 -0.77047

76 -0.72504

77 -0.520752

78 -0.487248

79 -0.481399

80 -0.658455

81 -0.631745

82 -0.815555

83 -0.819341

84 -0.851759

85 -0.995495

86 -1.06218

87 -1.38537

88 -1.38814

89 -1.5231

90 -1.51951

91 -1.5007

92 -1.49809

93 -1.49798

94 -1.48381

95 -1.48896

96 -1.61429

97 -1.89298

98 -1.74702

99 -1.70036

100 -1.60756

101 -1.66567

102 -1.8593

103 -1.96199

104 -2.15631

105 -2.14774

106 -2.17505

107 -2.29949

108 -2.30317

109 -2.27294

