6 -0.0332623

7 -0.00813544

8 0.00922157

9 -0.0316178

10 -0.0125204

11 0.018451

12 0.128327

13 0.11902

14 0.0710653

15 -0.396607

16 -0.420884

17 -0.654401

18 -0.551614

19 -0.561622

20 -0.385838

21 -0.306689

22 -0.299367

23 -0.369407

24 -0.258421

25 0.120949

26 0.221743

27 0.23148

28 0.28045

29 0.415195

30 0.22409

31 0.300797

32 -2.24762

33 -2.23065

34 -2.21878

35 -2.27041

36 -2.29289

37 -2.0614

38 -2.07788

39 -1.70699

40 -1.69178

41 -1.31953

42 -0.867152

43 -0.831262

44 -0.710731

45 -0.553685

46 -0.482851

47 -0.431969

48 -0.506281

49 -0.427702

50 0.025406

51 -0.153864

52 -0.28118

53 -0.320574

54 -0.312779

55 -0.256505

56 -0.225681

57 -0.220902

58 -0.24495

59 -0.291031

60 -0.292898

61 -0.292848

62 -0.288204

63 -0.572906

64 -0.862504

65 -0.89477

