6 -0.0649696

7 -0.0443106

8 -0.0488264

9 -0.140179

10 -0.147836

11 -0.186827

12 -0.22199

13 -0.242085

14 -0.218191

15 -0.177008

16 -0.173313

17 -0.185979

18 -0.111656

19 -0.118506

20 0.00928406

21 -0.0660527

22 0.228212

23 0.264211

24 0.26747

25 0.239937

26 0.27208

27 0.352467

28 0.387089

29 0.355526

30 0.526271

31 0.407548

32 0.350036

33 0.43393

34 0.382992

35 0.426601

36 0.600616

37 1.55777

38 1.71333

39 1.72376

40 1.74035

41 1.87223

42 2.12266

43 2.18492

44 2.24137

45 2.43742

46 2.40448

47 2.53883

48 2.60698

49 2.72741

50 2.79198

51 2.53119

52 1.80511

53 1.80786

54 1.77496

55 1.69516

56 1.9242

57 1.92964

58 1.89679

59 1.76596

60 1.86616

61 1.44244

