6 -0.0611207

7 -0.076865

8 -0.0440552

9 -0.0297858

10 -0.0325423

11 0.052983

12 -0.034812

13 0.0330492

14 0.110062

15 0.166279

16 0.204725

17 0.300714

18 0.320116

19 0.302703

20 0.224779

21 -0.321389

22 -0.612517

23 -0.731658

24 -0.73049

25 -0.698307

26 -0.661156

27 -0.733883

28 -0.680625

29 -0.623242

30 -0.582946

31 -0.647361

32 -0.567651

33 -0.316495

34 -0.261137

35 -0.295431

36 -0.297505

37 -0.410099

38 -0.457173

39 -0.403545

40 -0.449882

41 -0.48887

42 -0.529558

43 -0.438331

44 -0.317307

45 -0.241609

46 -0.665338

47 -0.712704

48 -0.746759

49 -0.673151

50 -0.731985

51 -0.722179

52 -0.736721

53 -0.738605

54 -0.770214

55 -0.638898

56 -0.395878

57 -0.181331

58 -0.0516586

59 -0.0689482

60 -0.146999

61 -0.0815904

62 0.0843209

63 0.091594

