5 0.036991

6 0.0623336

7 0.0465401

8 0.0120762

9 -0.0698189

10 -0.0951794

11 -0.234006

12 -0.28126

13 0.112589

14 0.0752822

15 0.0824568

16 0.234903

17 0.739626

18 0.758963

19 0.693437

20 0.858713

21 0.887371

22 0.88181

23 0.720058

24 0.687754

25 0.474098

26 0.296157

27 -0.100068

28 -0.173537

29 -0.668671

30 -0.43539

31 -0.470337

32 -0.898995

33 -0.777388

34 -1.07966

35 -1.3708

36 -1.54003

37 -1.25549

38 -1.04644

39 -0.991069

40 -0.758181

41 -1.37488

42 -1.34319

43 -1.06975

44 -1.34021

45 -0.541872

46 -0.58354

