6 -0.0264228

7 -0.0414811

8 -0.0310495

9 -0.0526729

10 -0.0991999

11 -0.125457

12 -0.192569

13 -0.0385043

14 -0.0518713

15 -0.120671

16 -0.111232

17 0.297833

18 0.327788

19 0.450399

20 0.414254

21 0.522454

22 0.504608

23 0.562964

24 0.626652

25 0.748235

26 0.803518

27 0.856823

28 0.673216

29 -0.609953

30 -0.692232

31 -0.678462

32 -0.738331

33 -0.0951018

34 -0.108221

35 0.0645253

36 0.20918

37 0.237857

38 -0.365813

39 -0.38286

40 -0.188068

41 -0.14398

42 0.0460138

43 0.106602

44 0.0991719

45 0.150373

46 0.516932

47 0.49581

48 0.496719

49 0.630202

50 0.732572

51 0.758253

52 0.697643

53 0.587493

54 0.640898

55 0.279471

56 0.204953

57 0.0507205

58 -0.0335314

59 -0.0951131

60 -0.132912

61 -0.19495

62 -0.289816

63 -0.380375

64 -0.34059

65 -0.309575

66 -0.289269

67 -0.10132

68 -0.129674

69 -0.27296

70 -0.25925

71 -0.19847

72 -0.276567

73 -0.0518471

74 -0.0941396

75 -0.0494676

76 0.349895

77 0.477559

78 0.56306

79 0.538254

80 0.493476

81 0.458867

82 0.415425

83 0.311868

84 0.382721

85 0.399048

86 0.202593

87 0.142867

88 0.0605393

89 -0.023965

90 -0.100303

91 -0.178876

92 -0.242029

93 -0.407476

94 -0.461659

95 -0.83096

96 -0.786523

97 -0.782224

98 -0.793947

99 -0.774044

100 -0.896287

