6 0.111447

7 0.0613232

8 0.042985

9 -0.192093

10 -0.154981

11 0.00106519

12 0.0935251

13 0.0835434

14 0.154605

15 0.0294549

16 0.0934844

17 0.070226

18 0.0230247

19 -0.0813591

20 -0.0518185

21 -0.0374067

22 -0.138454

23 -0.257063

24 -0.354482

25 -0.81176

26 -0.810745

27 -0.721689

28 -0.618802

29 -0.538744

30 -0.558092

31 -0.551655

32 -0.569865

33 -0.607635

34 -0.650424

35 -0.612852

36 -0.640201

37 -0.638832

38 -0.665016

39 -0.670391

40 -0.787935

41 -0.873497

42 -0.77053

43 -0.618172

44 -0.495325

45 -0.490276

46 -0.435018

47 -0.288606

48 -0.207932

49 0.142461

50 0.177657

51 0.247352

52 0.0623505

53 0.0857069

54 0.388303

55 0.400612

