6 -0.0155105

7 -0.00707892

8 -0.00809037

9 -0.0199496

10 -0.0693293

11 0.00162852

12 0.0508418

13 0.0762104

14 0.16464

15 0.0832441

16 0.428612

17 0.473772

18 0.484611

19 0.454511

20 0.513839

21 0.618474

22 0.57669

23 0.675969

24 0.72315

25 0.674521

26 0.791352

27 0.799137

28 0.805994

29 0.97616

30 1.20794

31 2.33217

32 2.47285

33 2.48017

34 2.50544

35 2.61193

36 2.8266

37 2.86442

38 2.93173

39 3.11106

40 3.0649

41 3.20015

42 3.27086

43 3.39421

44 3.46431

45 3.23928

46 2.50464

47 2.4313

48 2.45479

49 2.38407

50 2.67731

51 2.61799

52 2.53664

53 2.44591

54 2.39781

55 2.3901

56 2.15994

