6 0.0018014

7 -0.0364982

8 -0.127923

9 -0.0420177

10 -0.180174

11 -0.166679

12 -0.102053

13 -0.133087

14 -0.0574575

15 0.356496

16 0.408092

17 0.438464

18 0.455552

19 0.416455

20 0.5257

21 0.548248

22 0.592348

23 0.790187

24 0.834898

25 0.818174

26 0.532903

27 0.280336

28 -0.524635

29 -0.66535

30 -0.743184

31 -0.811396

32 0.00878515

33 0.0931122

34 0.158687

35 0.302747

36 0.310962

37 0.356593

38 0.3727

39 0.520615

40 0.574553

41 0.512436

42 0.527188

43 0.460482

44 0.630533

45 0.976714

46 0.983134

47 0.961415

48 0.938051

49 0.927726

50 0.820556

51 0.7762

52 0.784389

53 0.816568

54 0.976389

55 1.22985

56 1.2569

57 1.22125

58 1.27397

59 1.24565

60 1.33359

61 1.44573

62 1.21194

63 0.254498

64 0.199469

65 0.0513776

66 -0.0182817

67 0.0893712

68 -0.147531

69 0.0102936

70 0.53544

71 0.701618

