5 -0.000980898

6 -0.0190283

7 0.076709

8 0.118307

9 0.0569508

10 0.0777704

11 -0.0263461

12 0.300685

13 0.805004

14 0.695549

15 0.594354

16 0.394624

17 0.536127

18 0.550339

19 0.483109

20 0.525283

21 0.246021

22 0.500676

23 1.26952

24 1.42063

25 1.48103

26 2.01926

27 2.6724

28 2.46684

29 2.25349

30 2.11491

31 2.34713

32 2.56736

33 3.02428

34 2.81509

35 3.28024

36 3.25669

37 3.32395

38 3.47748

39 3.15565

40 3.55075

41 3.64878

42 3.88077

43 3.94697

44 3.98446

45 3.96809

46 3.82586

47 4.02378

48 4.26393

49 4.53487

50 4.82649

51 4.33702

52 4.42813

53 5.43048

54 5.67721

55 5.00526

56 5.01223

