6 0.200697

7 0.0946666

8 0.25824

9 0.343284

10 0.375038

11 0.309673

12 0.346143

13 0.376137

14 0.437707

15 0.503006

16 0.494028

17 0.471829

18 0.386469

19 -0.305581

20 -0.142031

21 -0.115864

22 -0.101793

23 -0.166632

24 -0.0790552

25 -0.246934

26 -0.375011

27 -0.455758

28 -0.510046

29 -0.565276

30 -0.599721

31 -0.411353

32 -0.2001

33 -0.161682

34 -0.14606

35 -0.215274

36 -0.185087

37 -0.384293

38 -0.376438

39 -0.37641

40 -0.743642

41 -0.757529

42 -0.78806

43 -0.692886

44 -0.703873

45 -0.629613

46 -0.588497

47 -0.570383

48 -0.657201

49 -0.834878

50 -0.905945

51 -0.939304

52 -1.11439

53 -1.21484

54 -1.42161

55 -1.44618

56 -1.49656

57 -1.70004

58 -1.88277

59 -1.91282

60 -1.95088

61 -2.12756

62 -2.16302

63 -2.19117

64 -2.18816

65 -2.19469

66 -2.21439

67 -2.1787

68 -2.07526

69 -1.97052

70 -1.95041

71 -1.51225

72 -1.52049

73 -1.55008

74 -1.51494

75 -1.53142

76 -1.58317

77 -1.45765

78 -1.63219

79 -1.85256

80 -1.77913

81 -1.68718

82 -1.72058

83 -1.71971

84 -1.91629

85 -2.09715

86 -2.05358

87 -2.0287

88 -2.11375

89 -2.24537

90 -2.27911

91 -2.38221

92 -2.45755

93 -2.79205

94 -2.69086

95 -2.76647

96 -2.84237

97 -2.74032

98 -2.74443

99 -2.72855

100 -2.82032

101 -2.79886

102 -2.91327

103 -3.4653

104 -3.3642

105 -3.32175

106 -3.42342

107 -3.36706

108 -3.56555

109 -3.68553

110 -3.79899

111 -3.99505

112 -4.07667

113 -3.99522

114 -3.99606

115 -3.96599

116 -4.08353

117 -4.2784

118 -4.58777

119 -4.56009

120 -4.60878

121 -4.69825

122 -4.61246

123 -4.6053

124 -4.4778

125 -4.25524

126 -4.1441

127 -4.10383

128 -4.02312

129 -4.0554

130 -3.97376

131 -4.20034

132 -4.14415

133 -4.02317

134 -4.66709

