6 -0.0905297

7 -0.0530594

8 0.0486448

9 0.0852828

10 -0.0121479

11 0.00953676

12 0.02797

13 -0.144389

14 -0.173831

15 -0.220888

16 -0.243477

17 -0.15212

18 -0.0978607

19 -0.0660315

20 -0.0478548

21 -0.13509

22 -0.0547877

23 -0.0753614

24 -0.166742

25 -0.0996037

26 -0.0213705

27 0.0727905

28 0.181103

29 0.0463928

30 0.0495179

31 -0.121628

32 -0.148867

33 -0.380639

34 -0.296018

35 -0.319122

36 -0.593352

37 -0.931159

38 -0.964997

39 -0.835878

40 -0.883326

41 -0.881798

42 -1.08929

43 -1.13909

44 -1.07742

45 -1.08182

46 -1.0955

47 -1.15768

48 -1.07539

49 -1.39175

