6 -0.000236615

7 -0.0118912

8 -0.0325454

9 -0.048623

10 0.0371948

11 -0.0160206

12 -0.110151

13 -0.0916063

14 -0.0892849

15 -0.0622836

16 -0.0010451

17 0.128921

18 0.0960767

19 0.236575

20 0.119041

21 0.352402

22 0.684139

23 0.757574

24 0.927493

25 0.957879

26 0.865211

27 0.974551

28 1.0174

29 1.08946

30 1.04364

31 1.07379

32 0.862261

33 0.74746

34 0.846622

35 1.04719

36 1.01457

37 1.21242

38 1.31861

39 1.42831

40 1.43759

41 1.5133

42 2.12502

43 2.04165

44 1.85494

45 1.75891

46 2.18035

47 2.15801

48 2.20599

49 2.32673

50 2.33349

51 2.4093

52 2.4309

53 2.41152

54 2.16594

55 2.94228

56 2.96018

57 2.8233

58 2.88269

59 2.89316

60 2.95109

61 2.99263

62 2.96987

63 2.95153

64 2.95615

65 3.03699

66 3.22205

67 3.07167

68 3.17646

69 3.46466

70 3.5621

71 3.59546

72 3.47289

73 3.45327

74 3.471

75 2.90479

76 3.15532

77 4.24147

78 4.23485

79 4.25005

80 4.32111

81 4.39016

82 4.44198

83 4.49012

84 4.61885

85 4.57674

86 4.24157

87 4.09957

88 4.50595

89 4.43778

90 4.77792

91 5.29143

92 5.33383

93 5.42087

94 5.52328

95 5.69494

96 5.80533

97 5.58586

98 5.51085

99 5.3876

100 5.27838

101 5.37376

102 5.4445

103 5.53605

104 5.55606

105 5.61348

106 5.45688

107 5.10241

