5 -0.00691628

6 -0.0139742

7 -0.293491

8 -0.169524

9 -0.207685

10 -0.147042

11 -0.116209

12 -0.124895

13 -0.386843

14 -0.369369

15 -0.391026

16 -0.27353

17 -0.0466371

18 -0.150805

19 -0.245804

20 -0.697379

21 -0.702288

22 -0.719942

23 -0.743073

24 -1.14783

25 -1.09683

26 -1.37054

27 -1.37035

28 -0.943601

29 -0.829216

30 -0.833975

31 -0.892207

32 -0.912974

33 -0.928977

34 -0.853026

35 -0.707858

36 -0.620646

37 -0.569918

38 -0.809978

39 -0.832301

40 -0.671023

41 0.318187

42 0.358405

43 0.270619

44 0.451822

45 0.347416

46 0.287692

