6 -0.0755287

7 -0.00852832

8 -0.0325085

9 0.122877

10 0.142199

11 0.099219

12 -0.0608685

13 -0.478465

14 -0.647733

15 -0.642946

16 -0.673313

17 -0.666784

18 -0.656192

19 -0.610796

20 -0.448534

21 -0.455886

22 -0.446874

23 -0.446118

24 -0.39455

25 -0.344572

26 -0.343846

27 -0.215119

28 -0.106259

29 -0.15787

30 -0.175729

31 -0.0752026

32 -0.323129

33 -0.387921

34 -0.815057

35 -0.984786

36 -0.984078

37 -1.00565

38 -1.00242

39 -0.992218

40 -0.93243

41 -0.747328

42 -0.751336

43 -0.7302

44 -0.78524

45 -0.686847

46 -1.00269

47 -1.06629

48 -1.46752

49 -1.61365

50 -1.61888

51 -1.64615

52 -1.64243

53 -1.63425

54 -1.60033

55 -1.43901

56 -1.4198

57 -1.45226

58 -1.44498

59 -1.49813

60 -1.38509

61 -1.70163

62 -1.77373

63 -2.04604

64 -2.16796

65 -2.27565

66 -2.30725

67 -2.23401

68 -2.18605

69 -2.18695

70 -2.11108

71 -2.10403

72 -2.12772

73 -2.14245

74 -2.16699

75 -2.21687

76 -2.23791

77 -2.20916

78 -2.28059

79 -2.23812

80 -2.41893

81 -2.45352

82 -2.45767

83 -2.61803

84 -2.98543

85 -3.21424

86 -3.23782

87 -3.19867

