6 0.15493

7 0.224082

8 0.232454

9 0.220165

10 0.215008

11 0.267226

12 0.324446

13 0.305383

14 0.279904

15 -0.0617699

16 -0.112016

17 -0.329364

18 -0.279384

19 -0.353134

20 -0.499385

21 -0.526125

22 -0.514217

23 -0.618463

24 -0.653588

25 -0.689849

26 -0.719959

27 -0.744463

28 -0.594998

29 -0.247278

30 -0.218499

31 -0.267216

32 -0.155269

33 -0.732183

34 -0.751735

35 -0.794116

36 -0.746355

37 -0.815279

38 -0.746102

39 -0.740035

40 -0.697711

41 -0.713861

42 -0.68929

43 -0.558178

44 -0.708761

45 -0.9405

46 -1.44082

47 -1.44945

48 -1.51026

49 -1.57814

50 -1.53209

51 -1.73565

52 -1.79255

53 -1.98478

54 -1.99476

55 -2.02113

56 -2.01756

57 -2.034

58 -2.16112

59 -2.08928

60 -2.01813

61 -2.03662

62 -1.65616

63 -1.68561

64 -1.71758

65 -1.66979

66 -1.72185

67 -1.61097

68 -1.81837

69 -2.04955

70 -2.01364

71 -2.00168

72 -2.00357

73 -1.9546

74 -1.88914

75 -1.77446

76 -1.81547

77 -1.78953

78 -1.99831

79 -2.32505

80 -2.14313

81 -2.09474

82 -2.12455

83 -2.24327

84 -2.71706

85 -2.72525

86 -2.71168

87 -2.71657

88 -2.64809

89 -2.77692

90 -2.83995

91 -2.84296

92 -2.90436

93 -2.92606

94 -3.13384

95 -3.37997

96 -3.3583

97 -3.37777

98 -3.3512

99 -3.42448

100 -3.38016

101 -3.49097

102 -4.01424

103 -3.93016

104 -3.97584

105 -3.92482

106 -3.87084

107 -4.02568

108 -3.83556

109 -4.01923

110 -4.12021

111 -4.27542

112 -4.38542

113 -4.47263

114 -4.43978

115 -4.45266

116 -4.51599

117 -4.56199

118 -4.63116

119 -4.91582

120 -5.20577

121 -5.19827

122 -5.22179

123 -5.28308

124 -5.20322

125 -5.15154

126 -5.07963

127 -4.99219

128 -5.16422

129 -5.18003

130 -5.10073

131 -5.65044

