5 -0.00889259

8 -0.0833681

11 -0.0073879

14 -0.760283

17 -1.11208

20 -1.25951

23 -1.32303

26 -1.45475

29 -1.67408

32 -2.16465

35 -2.86504

38 -2.95603

41 -3.00976

44 -2.9321

47 -3.25276

50 -3.12353

53 -3.46024

56 -4.36256

59 -4.66451

62 -4.73566

65 -4.84316

68 -5.26375

71 -5.37838

74 -5.33177

77 -5.28598

80 -5.03365

83 -4.60822

86 -5.21621

89 -4.84726

92 -4.90105

95 -5.43161

98 -5.61742

101 -5.73986

104 -5.93122

107 -6.08683

110 -6.21747

113 -6.20232

116 -6.60211

119 -6.96431

122 -7.31093

125 -7.17052

128 -6.81149

