6 0.0214236

7 -0.179473

8 -0.169124

9 -0.133565

10 -0.212692

11 -0.173028

12 -0.206317

13 -0.19432

14 -0.203074

15 -0.381669

16 -0.306511

17 -0.311263

18 -0.331601

19 -0.386295

20 -0.414334

21 -0.4575

22 -0.460524

23 -0.547854

24 -0.527239

25 -0.300341

26 -0.374386

27 -0.698217

28 -0.877687

29 -0.915667

30 -0.940189

31 -1.1114

32 -1.03661

33 -0.980886

34 -1.03922

35 -1.15993

36 -1.30799

37 -1.43116

38 -1.43899

39 -1.58031

40 -1.54742

41 -1.48259

42 -1.43897

43 -1.46528

44 -1.4374

45 -1.53788

46 -1.45931

47 -1.48396

48 -1.55394

49 -1.55588

50 -1.45386

51 -1.36132

52 -1.48189

53 -1.26652

54 -1.73643

55 -1.57011

56 -1.04833

57 -1.01823

58 -0.935898

59 -0.835771

60 -0.756815

61 -0.796391

62 -0.813676

63 -0.84916

64 -0.951137

65 -0.974674

66 -1.04771

67 -1.18963

68 -1.08322

69 -1.27985

70 -0.974199

71 -1.01191

72 -0.830635

73 -0.859718

74 -0.8255

75 -0.90649

76 -0.863181

77 -0.675291

78 -0.576501

79 -0.442013

80 -0.445388

81 -0.345188

82 -0.0840032

83 -0.0694101

84 -0.203872

85 -0.148166

86 -0.161776

87 -0.0444864

88 0.0579791

89 0.0060054

90 -0.0464134

91 -0.143174

92 -0.149535

93 -0.228942

94 -0.191848

95 -0.238693

96 -0.351983

97 -0.412448

98 -0.259971

