6 0.0401018

7 -0.0263662

8 0.0404781

9 0.110212

10 0.0292062

11 0.0969918

12 -0.0520634

13 -0.110749

14 -0.113584

15 -0.174864

16 -0.0261094

17 -0.0477845

18 -0.106622

19 0.00878599

20 0.255254

21 0.312854

22 0.275232

23 0.0876416

24 -0.839286

25 -0.979751

26 -1.11482

27 -1.19299

28 -1.22134

29 -1.06151

30 -0.93125

31 -1.19378

32 -1.30438

33 -1.32325

34 -1.17807

35 -1.02653

36 -1.10133

37 -1.22278

38 -1.20881

39 -1.2661

40 -1.41281

41 -1.72097

42 -1.77759

43 -1.83204

44 -1.85658

45 -1.86566

46 -1.93784

47 -1.86663

48 -1.68975

49 -1.65757

50 -1.98877

51 -1.99106

52 -1.95821

53 -1.92443

54 -1.85158

55 -1.78241

56 -1.648

57 -1.74782

58 -1.62395

59 -1.86026

60 -1.96751

61 -2.00619

62 -2.09384

63 -2.13433

64 -2.20725

65 -2.23982

66 -2.11174

67 -2.21741

68 -2.16217

69 -2.24367

70 -2.16773

71 -2.16803

72 -2.2034

73 -2.27282

74 -2.43635

75 -2.20355

