6 -0.00115917

7 -0.0539334

8 -0.127895

9 -0.117117

10 -0.237528

11 -0.116243

12 -0.202192

13 -0.308786

14 -0.456641

15 -0.52837

16 -0.791332

17 -0.846804

18 -0.85969

19 -0.78784

20 -0.832567

21 -0.750541

22 -0.722349

23 -1.28714

24 -1.31735

25 -1.21866

26 -1.42005

27 -1.53846

28 -1.48831

29 -1.5597

30 -1.26882

31 -1.31661

32 -1.23935

33 -1.10885

34 -1.01931

35 -1.03433

36 -1.01389

37 -1.0542

38 -1.0022

39 -0.973924

40 -0.902198

41 -0.953729

42 -0.988741

43 -0.911033

44 -0.773643

45 -0.636666

46 -0.54602

47 -0.568926

48 -0.563561

49 -0.516781

50 -0.488774

51 -0.399567

52 -0.373716

53 -0.282189

54 -0.257988

55 -0.253949

56 -0.26

57 -0.325507

58 -0.286656

59 -0.329353

60 -0.321363

