6 0.00619116

7 -0.0333161

8 0.0326795

9 0.0375485

10 0.0340916

11 0.0330758

12 0.0643684

13 0.182049

14 0.166614

15 -0.210829

16 -0.243339

17 -0.146344

18 -0.180262

19 -0.0251997

20 0.0910782

21 0.151802

22 0.196705

23 0.0312217

24 -0.0480991

25 -0.774755

26 -1.08412

27 -1.29688

28 -1.33719

29 -1.29247

30 -1.21405

31 -1.16718

32 -1.27958

33 -1.34746

34 -1.71874

35 -1.60976

36 -1.66194

37 -1.58326

38 -1.67644

39 -1.68881

40 -1.61212

41 -1.7813

42 -1.86322

43 -1.89537

44 -2.00269

45 -2.00946

46 -1.98601

47 -2.00632

48 -1.84217

