6 -0.145179

7 -0.151097

8 -0.137956

9 -0.137156

10 -0.258886

11 -0.229587

12 -0.159889

13 -0.19038

14 -0.143816

15 -0.185583

16 -0.178578

17 -0.0948304

18 -0.0837345

19 -0.32733

20 -0.262651

21 -0.266944

22 -0.232573

23 -0.222244

24 -0.21023

25 -0.192776

26 -0.173256

27 -0.206015

28 -0.149948

29 -0.0631437

30 -0.321059

31 -0.445392

32 -0.521425

33 -0.46531

34 -0.553254

35 -0.479668

36 -0.510125

37 -0.419392

38 -0.377973

39 -0.396577

40 -0.380779

41 -0.369255

42 -0.328159

43 -0.325743

44 -0.241433

45 -0.267252

46 -0.177753

47 -0.173239

48 -0.084601

49 -0.0157958

50 0.0586877

51 -0.0525794

52 -0.0883183

53 -0.0907776

54 -0.110134

55 -0.168296

56 0.00754775

57 0.253017

