6 0.0501427

7 0.0406451

8 0.109914

9 0.0560366

10 -0.00902103

11 0.0428696

12 0.260364

13 0.575884

14 0.556623

15 0.346346

16 0.240149

17 -0.696174

18 -0.869636

19 -0.958106

20 -0.912742

21 -0.882405

22 -0.918584

23 -0.954313

24 -1.01268

25 -0.974755

26 -0.781146

27 -0.66747

28 -0.720338

29 -0.844817

30 -0.84806

31 -0.880084

32 -0.903852

33 -0.930666

34 -0.991257

35 -1.00916

36 -1.03291

37 -1.04188

38 -1.05004

39 -1.06022

40 -0.967892

41 -0.841026

42 -0.88587

