6 0.0706171

7 0.0713722

8 0.0536006

9 0.0812707

10 0.17814

11 0.227137

12 0.162205

13 0.102005

14 0.0997018

15 0.144946

16 0.163543

17 0.190189

18 0.188505

19 0.155759

20 0.245875

21 0.0170326

22 0.00373275

23 -0.262416

24 -0.455928

25 -0.372044

26 -0.389956

27 -0.328586

28 -0.424115

29 -0.652403

30 -0.673493

31 -0.690973

32 -0.746897

33 -0.779244

34 -0.840584

35 -0.861456

36 -0.817864

37 -0.597814

38 -0.532242

39 -0.571584

40 -0.514098

41 -0.24986

42 0.0333774

43 0.23384

44 0.305407

45 0.225656

46 0.248942

47 0.145393

48 -0.0610213

49 0.0055368

50 -0.167485

51 -0.0812704

52 -0.148074

53 0.0521393

54 0.229957

55 0.533953

56 0.648088

57 0.726868

58 0.878426

59 0.690861

60 1.17966

61 1.3617

62 1.30259

63 1.35691

64 1.47367

65 1.45493

66 1.40964

67 1.29699

68 1.26912

69 1.21956

70 1.16281

71 1.11232

72 1.27449

73 1.15918

74 0.897231

75 0.909154

76 0.794459

77 0.578608

78 0.512786

79 0.43871

80 0.366283

81 0.366924

82 0.436721

83 -0.0772008

84 -0.0794327

85 -0.0252814

