6 0.0695343

7 0.0211352

8 0.0583547

9 -0.0602488

10 -0.152395

11 -0.17874

12 -0.2099

13 -0.284333

14 -0.188949

15 -0.155174

16 -0.261781

17 -0.189331

18 -0.20468

19 -0.142756

20 -0.140323

21 -0.174955

22 -0.150606

23 -0.300976

24 -0.205625

25 -0.263516

26 -0.146952

27 -0.231559

28 -0.165896

29 -0.459072

30 -0.531012

31 -0.560472

32 -0.620048

33 -0.672451

34 -0.628373

35 0.957089

36 0.968795

37 0.997243

38 0.940175

39 1.04446

40 0.73495

41 0.58341

42 0.209386

43 0.229102

44 0.339958

45 0.384066

46 0.57112

47 0.565634

48 0.708435

49 0.602054

50 0.83834

51 0.562389

52 0.186913

53 0.174912

54 -0.00535767

55 -0.0510018

56 -0.0493785

57 -0.112576

58 -0.231032

59 -0.22593

60 -0.249622

61 -0.175804

62 -0.101234

63 -0.0442383

64 0.160502

65 0.248286

66 0.285819

67 0.248336

68 0.222324

69 0.0691034

70 0.055427

71 -0.126433

72 -0.15638

73 -0.21683

74 -0.229787

75 0.00841844

76 0.132469

77 0.223787

78 0.315742

79 0.336759

80 0.318698

81 0.253109

82 0.274641

83 0.271207

84 0.369047

85 0.39562

86 0.421284

87 0.292587

88 0.373385

89 0.345391

90 0.180519

91 0.258109

92 0.458618

93 0.506912

94 0.58262

95 0.470315

96 0.451949

97 0.457636

98 0.452602

99 0.465782

100 0.352678

101 0.568957

102 0.755648

103 0.801897

104 0.811101

105 0.778106

106 0.840862

107 0.594283

108 0.439891

109 -0.212881

110 -0.422941

111 -0.595586

112 -0.6406

113 -0.683385

114 -0.725928

115 -0.832892

116 -0.831878

117 -0.767941

118 -0.814182

119 -0.865801

120 -0.814606

121 -0.804682

122 -0.739538

123 -0.471661

124 -0.441592

125 -0.448008

126 -0.562987

127 -0.525972

128 -0.218481

129 -0.123455

130 -0.078707

131 -0.164105

132 -0.223117

133 -0.151935

134 -0.104289

135 -0.0503135

136 -0.0877899

137 0.0655334

138 0.268996

139 0.149655

140 0.180502

141 0.314103

142 0.245034

143 0.259312

144 0.348617

145 0.36559

146 0.613633

147 0.76899

148 0.661287

149 0.790991

150 0.92107

151 0.903143

152 0.838517

153 0.787711

154 0.814165

155 0.745474

156 0.592204

157 0.330894

