6 0.00940934

7 0.0146659

8 -0.0314062

9 -0.0811798

10 0.176267

11 0.134698

12 0.282093

13 0.187373

14 0.381386

15 0.630729

16 0.704555

17 0.684372

18 0.650416

19 0.838802

20 0.713477

21 0.822707

22 0.837507

23 0.692194

24 0.8935

25 0.988487

26 1.30472

27 1.5022

28 1.61293

29 1.38191

30 1.57945

31 1.79189

32 2.04637

33 2.39237

34 2.53616

35 2.34788

36 2.25431

37 2.14326

38 1.8568

39 1.94919

40 1.9345

41 1.99642

42 2.11481

43 2.06248

44 2.37276

45 2.91422

46 2.91124

47 3.00268

48 2.94291

49 2.82575

50 2.81272

51 2.65606

52 2.62434

53 2.48797

54 2.55997

55 3.07061

56 3.34547

57 3.51532

58 3.68268

59 3.65535

60 3.68643

61 3.91155

62 3.76645

63 3.67757

64 3.60642

65 3.48497

66 3.51287

67 3.3031

68 3.30104

69 3.32294

70 2.59913

71 2.59109

72 2.23356

73 2.15659

74 2.09715

75 2.09612

76 1.98002

77 1.97032

78 1.88495

79 1.90037

80 1.78893

81 1.72459

82 1.72629

83 1.66452

84 1.666

85 1.62812

86 1.56504

87 1.41713

88 1.2227

89 1.06931

90 0.909671

91 0.79596

92 0.775763

93 0.834747

94 0.898413

95 1.12149

96 1.12502

97 1.15759

98 1.26382

99 1.21023

100 1.32504

101 1.25442

102 1.35155

103 1.38559

104 1.32383

105 1.40844

106 1.43503

107 1.28488

108 1.23534

109 1.22923

110 1.20547

111 0.88986

112 0.840259

113 0.842952

114 0.780677

115 0.804778

116 0.910992

117 0.856489

118 0.90095

119 1.05071

120 1.14416

121 1.01291

122 0.80544

123 0.678704

124 0.59711

125 0.665051

126 0.664788

127 0.654165

128 0.502181

129 0.462195

130 0.441165

131 0.359296

132 0.452206

133 0.484927

134 0.290863

135 0.203193

136 0.186039

137 0.244268

138 0.285034

139 0.144738

140 0.0182005

141 0.0855389

142 0.0634363

143 0.0454402

144 0.01106

145 0.0527905

146 1.05656

147 0.831923

148 0.727134

149 0.756196

150 0.726041

151 0.664021

152 0.540763

153 0.568487

154 0.486156

155 0.536368

156 0.547243

157 0.526676

158 0.506369

