6 0.0618821

7 0.0338588

8 -0.0181153

9 -0.0555778

10 -0.0476477

11 -0.0709966

12 0.0193799

13 0.0101084

14 -0.0207479

15 -0.0690774

16 -0.0771496

17 0.0107807

18 0.0757505

19 0.00435624

20 0.056647

21 0.0941177

22 0.0963883

23 0.123185

24 -0.0177701

25 -0.585568

26 -0.528147

27 -0.590692

28 -0.637878

29 -0.722626

30 -0.601591

31 -0.673845

32 -0.61782

33 -0.549787

34 -0.480422

35 -0.47396

36 -0.47203

37 -0.484715

38 -0.535577

39 -0.626214

40 -0.585437

41 -0.605478

42 -0.700559

43 -0.706175

44 -0.799255

45 -0.718754

46 -0.613315

47 -0.718741

48 -0.867426

49 -0.968392

50 -1.53279

51 -1.54264

52 -1.5698

53 -1.52377

54 -1.3548

55 -1.25749

56 -1.23851

57 -1.24892

58 -1.19988

59 -1.15351

60 -1.27811

61 -1.28064

62 -1.27362

63 -1.1402

64 -1.13823

65 -0.459762

66 -0.523923

67 -0.479444

68 -0.578194

69 -0.596815

70 -0.587778

71 -0.663361

72 -0.705825

73 -0.671635

74 -0.663715

75 -0.650992

76 -0.597205

77 -0.641493

78 -0.754823

79 -0.827499

80 -0.883289

81 -0.949616

82 -0.744422

83 -0.695185

84 -0.737639

85 -0.628639

86 -0.711873

87 -0.352323

88 -0.242157

89 -0.138335

90 -0.00932984

91 -0.24138

92 -0.0902808

93 -0.182726

94 -0.381953

95 -0.265278

96 -0.179412

97 -0.17124

98 -0.147987

99 -0.274783

100 -0.069385

101 -0.327343

102 0.123654

103 0.225953

104 0.477591

105 0.755064

106 0.818279

107 0.912201

108 1.33755

109 1.54188

110 1.60219

111 1.48968

112 1.60664

113 1.12911

114 1.26474

115 1.30899

116 1.21979

117 1.20475

118 1.19493

119 1.14105

120 1.1216

121 1.0005

122 0.333803

