6 0.0501762

7 -0.205963

8 -0.180406

9 -0.0836361

10 -0.0714258

11 -0.10527

12 0.0245641

13 0.00981083

14 0.097791

15 0.255813

16 0.292939

17 0.339263

18 0.382105

19 0.332151

20 0.252124

21 0.284861

22 -0.652937

23 -0.821863

24 -0.848836

25 -1.03976

26 -1.08174

27 -1.21844

28 -1.24051

29 -1.30423

30 -1.28231

31 -1.35084

32 -1.34536

33 -1.38174

34 -1.47713

35 -1.55072

36 -1.47859

37 -1.33951

38 -1.23095

39 -1.10077

40 -1.0186

41 -1.01299

42 -0.95584

43 -0.948293

44 -1.02343

45 -1.09408

46 -1.34039

47 -1.44902

48 -1.51309

49 -1.53194

50 -1.58072

