6 0.0580126

7 0.0514769

8 -0.0275415

9 -0.0392235

10 -0.0455278

11 0.010438

12 0.00107586

13 0.0337458

14 0.0378086

15 0.0220889

16 -0.00959573

17 -0.00272157

18 -0.0333988

19 -0.072299

20 -0.0776623

21 -0.0622074

22 -0.0960468

23 -0.0824064

24 -0.119772

25 -0.163677

26 -0.164062

27 -0.332557

28 -0.342639

29 -0.331435

30 -0.287302

31 -0.203065

32 -0.089993

33 -0.132809

34 -0.199882

35 -0.221351

36 -0.229762

37 -0.223821

38 -0.235881

39 -0.156174

40 -0.1557

41 -0.115916

42 -0.0319049

43 -0.109561

44 -0.127361

45 -0.478581

46 -0.551261

47 -0.882488

48 -0.880519

49 -0.939721

50 -0.942949

51 -0.904076

52 -0.801524

53 -1.00174

54 -1.02242

55 -1.18862

56 -1.0716

57 -1.01522

58 -1.11294

59 -1.09015

60 -1.10178

61 -0.969247

62 -0.831209

63 -0.79989

64 -0.720492

65 -0.702547

66 -0.709526

67 -0.904224

68 -2.09896

69 -2.36818

70 -2.21387

71 -2.1675

72 -2.71159

73 -2.69283

74 -2.65527

75 -2.63195

76 -2.66064

77 -2.83414

78 -2.82825

79 -2.88909

80 -2.76883

81 -2.72966

82 -2.76371

83 -3.30177

