5 0.0202963

6 0.00758654

7 0.112929

8 0.120498

9 0.456911

10 0.521718

11 0.603557

12 0.630802

13 0.624747

14 0.481755

15 -0.906556

16 -1.19016

17 -1.20748

18 -1.58925

19 0.26342

20 0.432211

21 0.330953

22 0.538907

23 1.57349

24 2.06628

25 2.06902

26 2.18292

27 2.46011

28 2.67828

29 3.45998

30 3.47798

31 3.48961

32 3.87478

33 3.68921

34 3.7949

35 3.6639

36 3.12559

37 1.90412

38 1.80436

39 1.78119

40 1.77765

41 1.73389

42 1.73461

43 1.81974

44 1.91967

45 1.28478

46 1.43477

47 1.53205

48 1.40191

49 1.8012

50 1.80101

51 2.97394

52 2.98954

53 2.9844

54 2.90875

55 2.96007

56 2.61974

57 2.55877

58 2.51377

59 2.65146

60 2.53513

61 1.91529

62 1.99378

63 1.99826

