6 -0.0100792

7 0.00187524

8 -0.0717035

9 -0.0809078

10 -0.440108

11 -0.532093

12 -0.463668

13 -0.422495

14 -0.438387

15 -0.393354

16 -0.414642

17 -0.396929

18 -0.342801

19 -0.333192

20 -0.312968

21 -0.351558

22 -0.427854

23 -0.338002

24 -0.383455

25 -0.397063

26 -0.351615

27 0.104723

28 0.152976

29 0.0620993

30 -0.0944099

31 -0.960839

32 -0.970749

33 -0.951788

34 -1.02875

35 -1.03498

36 -0.916278

37 -0.982891

38 -0.979197

39 -0.923234

40 -1.13305

41 -1.16144

42 -1.16519

43 -1.17343

44 -1.24057

45 -1.27129

46 -1.27058

47 -1.36207

48 -1.83723

49 -1.94937

50 -1.92568

51 -2.02943

52 -1.97156

