6 -0.0442836

7 -0.00528688

8 -0.0571662

9 0.0240967

10 0.0674655

11 0.0343704

12 0.148232

13 0.0622635

14 0.230055

15 0.262853

16 0.75514

17 0.859906

18 0.794322

19 0.816271

20 0.881949

21 0.915915

22 0.833512

23 0.717463

24 0.77858

25 0.995223

26 1.03175

27 1.2019

28 1.29976

29 1.51759

30 1.74247

31 1.6728

32 1.58485

33 1.47725

34 1.45087

35 1.4676

36 1.3729

37 1.40272

38 1.5651

39 1.48444

40 1.44111

41 1.53406

42 1.83145

43 1.80869

44 1.93815

45 1.84492

46 1.86777

47 2.15784

48 2.14789

49 2.34925

50 2.31235

51 2.6991

52 2.66851

53 2.45795

54 2.69175

55 2.77952

56 2.9193

57 2.8842

58 2.98495

59 3.08316

60 3.06085

61 3.06338

62 3.0739

63 3.13827

64 3.13009

65 3.13657

66 3.04185

67 2.85614

68 2.80159

69 2.82327

70 2.91908

71 2.82886

72 2.911

73 2.98284

74 3.12193

75 3.36233

76 3.48431

77 3.47636

78 3.5954

79 3.6339

80 3.60866

81 2.97227

82 2.8658

83 2.7402

84 3.11363

85 3.00079

86 2.18147

87 2.21662

88 2.09625

89 1.95719

90 1.93704

91 2.02486

92 2.45728

93 2.50388

94 2.54259

95 2.55609

96 2.52752

97 2.66228

98 2.28757

99 2.081

100 1.87339

101 1.27939

102 1.18656

103 1.1105

104 1.07333

105 1.22802

106 1.02762

107 1.84296

108 1.95198

109 2.10971

110 2.18426

111 2.1491

112 2.27407

113 2.25402

114 2.30022

115 2.22333

116 2.36382

117 2.52488

118 2.60119

119 2.59099

120 2.5044

121 2.38699

