6 -0.0790037

7 -0.0529094

8 -0.119375

9 -0.272996

10 -0.286541

11 -0.318482

12 -0.320905

13 -0.30533

14 -0.277583

15 -0.302078

16 -0.545779

17 -0.607732

18 -0.48669

19 -0.419566

20 -0.0963468

21 0.127447

22 0.376082

23 0.418397

24 0.475694

25 0.460931

26 0.477191

27 0.471179

28 0.5194

29 0.519819

30 0.532261

31 0.697865

32 0.85955

33 0.917919

34 1.00799

35 0.971194

36 1.08264

37 0.97485

38 1.11537

39 1.16135

40 0.729894

41 0.725538

42 0.915223

43 0.910244

44 0.911997

45 1.27712

46 1.20323

47 1.77671

48 1.82866

49 1.95163

50 1.88779

51 1.70588

52 1.76816

53 1.75132

54 1.31754

55 1.18135

56 1.17735

57 1.23018

58 1.62933

59 1.85281

60 2.22523

61 2.30665

62 2.55488

63 2.55465

64 2.49695

65 2.56982

66 2.58704

67 2.21828

68 2.08683

69 2.25304

70 2.02446

71 2.44025

72 2.53311

73 2.77998

74 2.94935

75 3.11832

76 3.23826

77 3.33383

78 3.37928

79 3.33664

80 3.36748

81 3.42336

82 3.44932

83 2.97718

84 3.11553

85 3.12528

86 3.3511

87 3.44573

88 3.49364

89 4.09402

90 4.14394

91 4.17993

92 4.22128

93 4.13573

94 3.5633

95 3.48962

96 3.22906

97 3.1869

98 3.35026

99 3.18291

100 3.3946

101 3.37473

102 4.1383

103 4.34137

104 4.40667

105 4.47592

106 4.63523

107 4.59481

108 4.60189

109 4.17799

110 4.09456

111 3.90273

112 3.87299

113 4.12557

114 4.32716

115 5.19731

116 5.5056

117 5.58491

118 5.77414

119 5.66373

120 5.77753

121 5.60578

122 5.75995

123 5.18793

124 5.0501

125 5.08629

126 5.31225

