5 -0.00943931

6 -0.0217093

7 -0.0625936

8 0.327269

9 0.47874

10 0.731858

11 0.812986

12 0.908838

13 -0.124809

14 -0.0427195

15 0.434174

16 0.405512

17 -0.414268

18 -0.0965556

19 0.0552125

20 0.0285858

21 -0.859611

22 -0.598164

23 -0.117781

24 -0.0912949

25 -0.323761

26 -0.341337

27 -0.257649

28 -0.225521

29 0.415692

30 0.521611

31 0.416986

32 0.369844

33 0.304395

34 0.367642

35 1.11042

36 1.43776

37 1.45877

38 0.626239

39 -1.14639

40 -0.135595

41 0.144419

42 0.132265

43 0.175671

44 -0.781153

45 -1.79283

