6 -0.191216

7 -0.202907

8 -0.0291945

9 0.0387296

10 0.0706458

11 -0.371354

12 -0.344251

13 -0.313925

14 -0.182146

15 -0.142247

16 -0.161248

17 -0.116921

18 -0.0161095

19 -0.0738695

20 -0.152786

21 -0.157217

22 -0.151057

23 -0.143128

24 -0.173122

25 -0.131792

26 -0.0950226

27 -0.087107

28 -0.167364

29 -0.213138

30 -0.226679

31 -0.598215

32 -0.598202

33 -0.624823

34 -0.596492

35 -0.625235

36 -0.538875

37 -0.48104

38 -0.585142

39 -0.659502

40 -0.524839

41 -0.531174

42 -0.417533

43 -0.513187

44 -0.411464

45 -0.292217

46 -0.208483

47 -0.102244

48 -0.0860803

49 -0.173784

50 -0.141282

51 -0.154418

52 -0.828572

53 -0.750114

54 -0.731139

55 -0.705846

56 -0.6996

57 -0.830434

58 -0.794544

59 -0.978337

60 -0.962849

61 -1.0637

62 -1.38177

63 -1.44113

64 -1.46025

65 -1.47468

66 -1.586

67 -1.59584

