6 -0.106574

7 -0.101244

8 -0.106586

9 -0.0981979

10 -0.107041

11 -0.0265343

12 -0.139465

13 -0.524716

14 -0.682569

15 -0.715381

16 -0.752637

17 -0.634307

18 -0.691486

19 -0.702036

20 -0.624838

21 -0.548915

22 -0.602754

23 -0.687011

24 -1.10731

25 -1.18328

26 -1.27064

27 -1.27179

28 -1.31762

29 -1.35249

30 -1.42566

31 -1.39148

32 -1.4987

33 -1.51724

34 -1.55996

35 -1.40108

36 -1.37407

37 -1.30613

38 -1.32287

39 -1.25514

40 -1.12762

41 -1.15954

42 -1.24006

43 -1.14581

44 -1.13279

45 -1.08845

46 -1.10143

47 -1.10067

48 -1.2285

49 -1.22345

50 -1.31102

51 -1.31152

52 -1.30405

53 -1.34176

54 -1.40311

55 -1.26154

56 -1.5254

57 -1.30103

58 -1.19681

59 -1.1544

60 -1.0449

61 -1.14711

62 -1.18357

63 -1.08984

64 -1.19192

65 -1.05896

66 -0.980653

67 -0.504029

68 -0.298923

69 -0.352184

70 -0.220607

