6 -0.0124497

7 0.105638

8 -0.403404

9 -0.357854

10 -0.368444

11 -0.29871

12 -0.257768

13 -0.186293

14 -0.035276

15 -0.19998

16 -0.209926

17 -0.162168

18 -0.231338

19 -0.124471

20 -0.0380742

21 0.0123943

22 0.0481606

23 0.112698

24 0.1218

25 0.0312908

26 0.0430798

27 0.0715695

28 0.0875712

29 0.050459

30 0.0246781

31 0.175559

32 0.0757725

33 -0.0612991

34 -0.295101

35 -0.390139

36 -0.517581

37 -0.432746

38 -0.59005

39 -0.497344

40 -0.681499

41 -0.687984

42 -0.667851

43 -0.706401

44 -0.687984

45 -0.794706

46 -0.881916

47 -0.805419

48 -0.954454

49 -0.972265

50 -1.07723

51 -1.09709

52 -1.07178

53 -1.12065

54 -1.1136

55 -1.13003

56 -1.12295

57 -1.151

58 -1.04829

59 -0.858125

60 -0.798555

61 -0.799573

62 -0.740192

63 -0.668193

64 -0.718214

65 -0.688095

66 -0.480503

67 -0.314837

68 -0.267399

69 -0.143601

70 -0.138194

71 -0.182739

72 -0.309938

73 -0.485613

74 -0.692074

75 -0.921578

76 -1.18436

77 -1.01817

78 -0.942998

79 -1.23286

80 -1.16852

81 -1.14099

82 -1.19997

83 -1.28362

84 -1.22202

85 -1.38302

86 -1.32377

87 -1.32656

88 -1.40389

89 -1.45916

90 -1.60198

91 -1.66192

92 -2.02895

93 -1.99076

94 -1.90601

95 -2.03136

96 -1.90486

97 -1.84098

98 -1.75019

99 -1.74799

100 -1.68862

101 -1.6446

102 -1.69693

103 -1.65988

104 -2.01563

105 -2.15684

106 -2.35416

107 -2.41381

108 -2.34031

109 -2.48201

110 -2.52938

111 -2.58501

