6 -0.00926874

7 -0.0434705

8 -0.0810186

9 -0.0908545

10 -0.109408

11 -0.126456

12 -0.138646

13 -0.155362

14 -0.197287

15 -0.202999

16 -0.143638

17 -0.0559902

18 -0.063612

19 -0.15225

20 -0.163164

21 -0.424875

22 -0.518527

23 -0.488961

24 -0.267224

25 -0.23842

26 -0.244845

27 -0.251057

28 -0.12457

29 -0.0944173

30 -0.0294544

31 -0.017963

32 -0.375766

33 -0.339977

34 -0.25408

35 -0.146431

36 -0.0763864

37 0.0180125

38 -0.00571865

39 -0.134607

40 -0.130662

41 -0.576315

42 -0.480088

43 -0.564744

44 -0.642593

45 -0.433855

46 -0.320643

47 -0.337674

48 -0.506585

49 -0.353514

50 -0.47679

51 -0.281876

52 -0.0464841

53 0.00259672

54 -0.157877

55 -0.0926337

56 -0.0876647

57 -0.689882

58 -0.761694

59 -0.693017

60 -0.704197

61 -0.735087

62 -0.761288

63 -0.781509

64 -0.678789

65 -0.680891

66 -0.652025

67 -0.553673

68 -0.268291

69 -0.254923

70 -0.18214

71 -0.18873

72 -0.109882

73 0.0353513

74 -0.0360372

75 -0.0603756

76 -0.0221295

77 0.0039979

78 0.138547

79 0.242096

80 0.313183

81 0.344088

82 0.292777

83 0.466764

84 0.588834

85 0.615111

86 0.640449

87 0.63375

88 0.723094

