5 -0.148425

6 -0.213258

7 -0.641454

8 -0.733903

9 -0.672833

10 -0.108214

11 0.473993

12 0.526557

13 0.666863

14 0.668587

15 0.627792

16 0.749777

17 1.59673

18 1.61611

19 1.47099

20 2.23651

21 1.55383

22 1.55227

23 1.5457

24 1.57899

25 1.47446

26 1.48474

27 1.65206

28 1.691

29 0.644624

30 0.6002

31 0.51472

32 0.494663

33 0.939734

34 1.06259

35 1.05435

36 0.806872

37 0.691822

38 1.65541

39 1.88179

40 2.12577

41 2.12764

42 1.99041

43 2.07203

44 2.09626

45 2.07043

46 1.64018

47 2.106

