5 0.807834

6 0.919071

7 0.93105

8 0.935044

9 0.887218

10 0.757756

11 0.670644

12 0.666087

13 -0.0569526

14 -0.0013425

15 -0.238596

16 -0.371569

17 -0.447239

18 -0.873765

19 -0.809337

20 -0.832135

21 -0.657634

22 -0.313548

23 -0.279481

24 -0.192324

25 -0.0130694

26 0.340258

27 0.490677

28 -0.0401332

29 -0.216658

30 -0.220687

31 -0.234585

32 -1.0387

33 -0.966732

34 -0.994687

35 -1.00684

36 -1.41037

37 -1.46053

38 -1.46111

39 -1.63194

40 -1.66046

41 -2.01328

42 -1.97881

43 -2.25416

44 -2.11612

45 -1.54719

