6 -0.0192299

7 0.0242104

8 -0.0272112

9 -0.059978

10 -0.162245

11 -0.24222

12 -0.240958

13 -0.392075

14 -0.384019

15 -0.399811

16 -1.01067

17 -0.979439

18 -1.00306

19 -0.910464

20 -0.912322

21 -0.900292

22 -0.880788

23 -0.908232

24 -0.990069

25 -0.976181

26 -0.931336

27 -0.898226

28 -0.911806

29 -0.936025

30 -0.925323

31 -1.0199

32 -1.28526

33 -1.41439

34 -1.5999

35 -1.69144

36 -1.73574

37 -1.75409

38 -1.78363

39 -1.36688

40 -1.28371

41 -0.612747

42 -0.709942

43 -0.728438

44 -0.806056

45 -0.171598

46 -0.644007

47 -0.463443

48 -0.197538

49 -0.227597

50 -0.0513236

51 -0.0249165

52 -0.00709619

53 0.103867

54 0.211466

55 0.298237

56 0.280804

57 0.411907

58 0.325531

59 0.392505

60 0.423022

61 0.286111

62 0.197666

63 -0.433621

64 -0.602989

65 -0.607733

66 -0.603987

67 -0.600796

68 -0.585534

69 -0.646768

70 -0.718553

71 -0.734216

72 -0.671986

73 -0.525403

74 -0.483113

75 -0.438977

76 -0.349664

77 -0.33571

78 -0.436295

79 -0.266377

80 0.310697

81 0.384907

82 0.460772

83 0.433479

84 0.495684

85 0.579756

86 0.637343

87 0.714622

88 0.774662

89 0.807991

90 0.88539

91 0.861079

92 0.906932

93 0.932695

94 0.951964

95 0.839264

96 0.77517

97 0.784435

98 0.861167

99 0.886699

100 0.854164

101 0.863053

102 0.827039

103 0.718732

104 0.759248

105 0.694299

106 0.657764

107 0.746579

108 0.569654

109 0.593401

110 0.31818

111 0.288399

112 0.257548

113 0.23442

114 0.163826

115 0.219827

116 0.134386

117 0.159261

118 0.163856

119 0.189914

