6 -0.0646778

7 -0.0254065

8 0.0236929

9 0.0248438

10 0.0160462

11 -0.171609

12 0.87925

13 0.704428

14 0.687402

15 0.807005

16 0.945742

17 0.966257

18 1.27633

19 1.32176

20 1.21123

21 1.28568

22 1.2753

23 1.26235

24 1.25427

25 1.33805

26 1.3269

27 1.30643

28 1.2934

29 1.20693

30 1.29521

31 1.21654

32 1.26605

33 1.27657

34 1.32692

35 1.26673

36 1.29951

37 1.1839

38 1.17031

39 1.08535

40 1.05663

41 1.01183

42 0.546591

43 0.476594

44 0.483123

45 0.408982

46 0.384827

