5 0.040792

6 0.314083

7 1.00678

8 0.902334

9 0.714739

10 1.01123

11 1.8894

12 1.86469

13 1.87552

14 1.86674

15 1.90924

16 1.68271

17 1.60694

18 1.39265

19 1.21242

20 0.703505

21 1.31433

22 1.88256

23 1.79805

24 1.7846

25 1.53629

26 1.78418

27 2.04058

28 2.60269

29 2.28091

30 3.06484

31 3.47946

32 3.72473

33 3.7265

34 3.7131

35 3.22069

36 3.07529

37 4.47332

38 4.61093

39 4.60839

40 4.62391

41 4.61038

42 4.9486

43 5.29706

44 5.19423

45 5.07021

46 5.3364

47 5.96363

48 6.14142

