5 0.0616748

6 0.0539422

7 0.944784

8 0.928055

9 1.05591

10 1.08401

11 1.34644

12 1.31029

13 1.2926

14 -0.903107

15 -0.956637

16 -1.1764

17 -1.15053

18 -1.01734

19 -0.558916

20 -0.709067

21 -0.31568

22 -0.202069

23 -0.254122

24 -0.254612

25 -0.288276

26 -0.345674

27 -0.335345

28 -0.223473

29 -0.456069

30 -0.450841

31 -0.297431

32 -0.145515

33 -0.0921031

34 -0.0266672

35 0.0147091

36 -0.118995

37 -0.201303

38 -0.435213

39 -0.774996

40 0.452066

41 0.629384

42 0.447763

43 0.183724

44 1.55065

45 1.5555

