6 -0.0183641

7 -0.125691

8 -0.105677

9 0.034835

10 0.0257768

11 0.0986317

12 0.239064

13 -0.613013

14 -0.731467

15 -0.741212

16 -0.809593

17 -0.742029

18 -0.551354

19 -0.520896

20 -0.48143

21 -0.494839

22 -0.288253

23 -0.162073

24 -0.100106

25 -0.0757545

26 -0.0681178

27 0.052299

28 0.278399

29 0.350036

30 0.345067

31 0.198286

32 0.184903

33 0.0239246

34 0.0469692

35 0.0496993

36 0.0472202

37 0.0667694

38 0.0352774

39 -0.143871

40 -0.185633

41 -0.153012

42 -0.13509

43 -0.165709

44 -1.08268

45 -1.18741

46 -1.3122

47 -1.32638

48 -1.36916

49 -1.43218

50 -1.36474

51 -1.27554

52 -1.17307

53 -1.19919

