6 -0.0849825

7 -0.0849671

8 -0.0779607

9 -0.0920784

10 -0.130529

11 -0.207741

12 -0.0646717

13 -0.00367966

14 0.0347704

15 0.0247877

16 -0.0417144

17 0.107886

18 0.0465849

19 0.333335

20 0.653725

21 0.680974

22 0.675593

23 0.660231

24 0.528878

25 0.280239

26 0.0435961

27 1.00943

28 0.96492

29 1.11795

30 0.940503

31 1.1809

32 1.15782

33 1.88958

34 1.94894

35 1.89784

36 1.57521

37 1.43778

38 1.54813

39 1.22207

40 1.4331

41 1.86357

42 2.13544

43 2.5071

44 2.6939

45 2.74171

46 2.78681

47 2.87984

48 2.92641

49 2.87371

50 2.955

51 3.0868

52 2.87671

53 2.83387

54 2.65687

55 2.72401

56 2.51145

57 2.75664

58 2.91279

59 3.07549

60 3.51373

61 3.35341

62 3.1921

63 3.06115

64 3.01103

65 3.1561

66 3.14233

67 3.28155

68 3.20592

69 3.40121

70 3.40925

71 3.90621

72 3.95193

73 3.8081

74 3.87761

75 3.86327

76 3.65572

77 3.7106

78 3.87859

79 3.88541

80 3.78832

81 3.91541

82 4.63934

83 4.74617

84 4.89878

85 5.05059

86 4.39782

