5 -0.261975

6 0.0598472

7 0.38924

8 0.290377

9 -1.06345

10 -1.39394

11 -1.50775

12 -1.51075

13 -1.56767

14 -1.56327

15 -1.55785

16 -1.55284

17 -1.54556

18 -1.43486

19 -1.18892

20 -1.61827

21 -1.69586

22 -1.73122

23 -1.83214

24 -1.41722

25 -1.17284

26 -1.19834

27 -1.03741

28 -0.987327

29 -0.809815

30 -0.806547

31 -0.467894

32 -0.326381

33 -0.517267

34 -0.317748

35 0.14439

36 -0.0209681

37 -0.132831

38 0.249434

39 0.334252

40 0.460135

41 0.804116

42 0.911579

43 -0.279115

