5 -0.00107347

6 0.00625597

7 0.158864

8 0.0386322

9 0.0192851

10 0.0224876

11 -0.203226

12 -0.0477089

13 0.0693975

14 0.0299694

15 0.304142

16 0.0669123

17 -0.424411

18 -0.408199

19 -0.253502

20 -0.237407

21 -0.236706

22 -0.260966

23 -0.610264

24 -0.520939

25 -0.662277

26 -0.519464

27 -0.65441

28 -0.655689

29 -0.55377

30 -0.529773

31 -0.498326

32 -0.523072

33 -0.664452

34 -0.728925

35 -0.936154

36 -0.894717

37 -0.356248

38 -0.369517

39 0.0761986

40 0.116609

41 0.179096

42 0.259836

