6 0.0251422

7 -0.104994

8 -0.733823

9 -0.75322

10 -0.830737

11 -0.890464

12 -0.872126

13 -0.911827

14 -0.977744

15 -0.995901

16 -1.05055

17 -1.07065

18 -1.0284

19 -1.05531

20 -1.01823

21 -0.928213

22 -0.986477

23 -0.954056

24 -1.04244

25 -1.25312

26 -1.21939

27 -1.22451

28 -1.24657

29 -1.15863

30 -1.36918

31 -1.34513

32 -1.8016

33 -1.70062

34 -1.72353

35 -1.76185

36 -2.14869

37 -2.16076

38 -2.27547

39 -2.24172

40 -2.21708

41 -2.34759

42 -2.34517

43 -2.31778

44 -2.49753

