6 0.0868009

7 0.091819

8 -0.0142918

9 -0.11695

10 -0.0700808

11 -0.201

12 -0.223078

13 -0.267382

14 -0.309709

15 -0.349295

16 -0.361246

17 -0.390654

18 -0.394837

19 -0.425032

20 -0.362925

21 -0.60996

22 -0.563995

23 -0.51603

24 -0.434388

25 -1.24584

26 -1.27379

27 -1.24264

28 -1.35728

29 -1.222

30 -1.08754

31 -1.04477

32 -1.10095

33 -1.15924

34 -1.11819

35 -1.25324

36 -1.25212

37 -1.13117

38 -1.12341

39 -0.978745

40 -0.954818

41 -1.03249

42 -0.867535

43 -0.804059

44 -1.15471

45 -0.935733

46 -0.761934

47 -0.682115

48 -0.608624

49 -0.435626

50 -0.336283

51 -0.304241

52 -0.528818

53 -0.343792

54 -0.264004

55 -0.430371

56 -0.444823

57 0.178563

58 0.297202

59 0.365012

60 0.366851

61 0.287166

62 0.352195

63 0.520255

64 0.377458

65 0.405465

66 0.445161

67 0.468803

68 0.453463

69 0.413485

70 0.646603

71 1.27617

72 1.05549

73 1.05614

74 1.05764

75 1.04762

76 1.11024

77 1.15068

78 1.15122

79 1.203

80 0.729587

81 1.06032

82 1.3889

83 1.3753

84 1.30803

85 1.22858

86 1.20193

87 1.25723

88 1.22236

89 1.13283

90 1.21922

91 1.12408

92 1.24875

93 1.04126

94 0.835427

95 1.29791

96 1.57126

97 1.41545

98 1.4056

99 1.59036

100 1.56411

101 2.0655

102 2.08646

103 2.11706

104 1.87805

105 1.86567

106 1.96493

107 1.84332

108 1.89417

109 1.84774

110 1.86495

111 2.08563

112 2.34235

113 2.45824

114 2.75918

115 2.76429

116 2.84456

117 2.8134

118 2.80809

119 1.27677

120 1.20834

121 1.15428

122 1.10672

