6 0.0091825

7 -0.0413847

8 -0.10497

9 -0.115564

10 -0.14386

11 -0.211572

12 -0.137234

13 -0.0949675

14 -0.102333

15 -0.0944463

16 -0.0783454

17 -0.102426

18 -0.150578

19 -0.156735

20 -0.242047

21 -0.143967

22 -0.142462

23 -0.142871

24 -0.16307

25 -0.0347773

26 -0.233346

27 -0.421133

28 -0.705004

29 -0.81254

30 -1.37669

31 -1.3918

32 -1.44213

33 -1.42412

34 -1.43064

35 -1.41896

36 -1.39327

37 -1.32814

38 -1.28364

39 -1.2597

40 -0.856424

41 -0.606996

42 -0.547587

43 -0.604943

44 -0.726882

45 -0.764888

46 -0.784938

47 -0.652416

48 -0.651759

49 -0.565288

50 -0.730085

51 -1.86374

52 -1.89668

53 -1.88842

54 -1.90678

55 -1.94789

56 -1.48718

57 -1.59885

58 -1.59469

59 -1.58789

60 -1.53531

61 -1.65075

62 -1.78034

63 -1.78983

64 -1.86245

65 -2.79858

66 -2.90542

67 -2.90255

68 -2.89865

69 -2.81288

70 -2.9932

71 -3.00411

72 -3.16066

73 -3.20188

74 -3.25448

75 -3.3158

76 -3.41451

77 -3.4456

78 -3.50592

79 -3.3688

