6 -0.0243229

7 -0.0770161

8 -0.0924421

9 -0.137683

10 -0.134417

11 -0.137764

12 -0.19111

13 -0.179974

14 -0.0579705

15 -0.0600592

16 -0.135024

17 -0.108138

18 -0.253519

19 -0.291334

20 -0.350259

21 -0.407551

22 -0.512909

23 -1.23134

24 -1.22288

25 -1.18033

26 -1.17887

27 -1.17952

28 -1.32222

29 -1.24231

30 -0.439445

31 -0.467592

32 -0.46766

33 -0.443097

34 -0.515619

35 -0.49425

36 -0.390774

37 -0.487649

38 -0.492808

39 -2.07414

40 -2.12184

41 -2.14176

42 -2.16944

43 -2.15506

44 -2.06918

45 -2.00364

46 -2.12667

47 -2.08375

