6 0.0988788

7 0.131514

8 0.248904

9 0.0399162

10 0.024868

11 -0.0233265

12 -0.46155

13 -0.461525

14 -0.37741

15 -0.37279

16 -0.395124

17 -0.422782

18 -0.437447

19 -0.458167

20 -0.441019

21 -0.436266

22 -0.478766

23 -0.483331

24 -0.699482

25 -0.51601

26 -0.584288

27 -0.527139

28 -0.783933

29 -0.713572

30 -0.804417

31 -0.80381

32 -0.679607

33 -0.0866617

34 -0.0897266

35 -0.310022

36 -0.424846

37 -0.50218

38 -0.584253

39 -0.490798

40 -0.388912

41 -0.262349

42 -0.0446908

43 -0.0328541

44 0.032801

45 0.0689924

46 0.147107

47 0.0562576

48 -0.0383494

49 -0.0477277

50 -0.17865

51 -0.289175

52 -0.285343

53 -0.233896

54 -0.192339

55 0.0134925

56 -0.0873091

57 0.0397422

