5 0.0187082

6 -0.00314862

7 0.159766

8 0.202417

9 -0.164973

10 -0.240937

11 -0.394951

12 -0.436038

13 -0.521754

14 -0.795578

15 -0.826507

16 -0.99502

17 -1.09165

18 -1.37885

19 -1.33263

20 -1.29116

21 -1.22902

22 -1.20171

23 -1.16801

24 -1.2017

25 -1.19465

26 -1.17722

27 -1.28054

28 -1.0629

29 -1.10272

30 -1.21936

31 -2.16122

32 -2.41639

33 -2.52149

34 -2.58534

35 -2.4643

36 -1.79075

37 -1.82194

38 -2.47389

39 -2.48896

40 -3.20143

41 -3.40501

42 -3.44403

43 -3.93129

44 -3.83929

45 -3.81515

46 -5.06738

