6 -0.120888

7 -0.0285875

8 0.0125654

9 0.0914886

10 0.151829

11 0.136611

12 0.215485

13 0.294788

14 0.417258

15 0.415146

16 0.425226

17 0.411286

18 0.353843

19 0.395994

20 0.534347

21 0.508349

22 0.5723

23 0.586685

24 0.570237

25 0.548461

26 0.56478

27 0.57134

28 0.478699

29 0.394249

30 0.246009

31 0.268621

32 0.224524

33 0.216625

34 0.155314

35 0.0383418

36 -0.0204979

37 -0.207084

38 -0.216797

39 -0.414859

40 -0.307421

41 -0.051914

42 0.0515824

43 -0.0536703

44 -0.0794608

45 -0.142665

46 -0.0912163

47 -0.219452

48 -0.318595

49 -0.350171

50 -0.400922

51 -0.379904

52 -0.608062

53 -0.656405

54 -0.874993

55 -0.899588

56 -0.83733

57 -0.719898

58 -0.728923

59 -0.863363

60 -0.874346

61 -0.955405

62 -0.874614

63 -0.98344

64 -0.884449

65 -1.0323

66 -1.02031

67 -1.12799

68 -1.05466

69 -1.10237

70 -1.24713

71 -1.36349

72 -1.50705

73 -1.46476

74 -1.45761

75 -1.43981

76 -1.44764

77 -1.4717

78 -1.42142

79 -1.50382

80 -1.57652

81 -1.52868

82 -1.74974

83 -1.85219

84 -2.14164

85 -2.17782

86 -2.05349

87 -1.98831

88 -2.00559

89 -2.19752

90 -2.23599

91 -2.33334

92 -2.21892

93 -2.25145

94 -2.11646

95 -2.35685

96 -2.35534

97 -2.49286

98 -2.44229

99 -2.44324

100 -2.30235

101 -2.53714

102 -2.50452

103 -2.78428

104 -2.75832

105 -2.84802

106 -2.75643

107 -3.00706

108 -3.04994

109 -3.15565

110 -3.07772

111 -3.06223

112 -2.93313

113 -3.22143

114 -3.22537

115 -3.37753

116 -3.3266

117 -3.3708

118 -3.22512

119 -3.49584

120 -3.56911

121 -3.55856

122 -3.51897

123 -3.85218

124 -3.87543

125 -4.08566

126 -4.02431

127 -4.19359

128 -4.32757

129 -4.3315

130 -3.95385

131 -5.05537

132 -5.1756

