6 -0.0618718

7 -0.101957

8 -0.10027

9 -0.092736

10 -0.150838

11 -0.0861769

12 -0.200525

13 -0.189261

14 -0.271451

15 -0.31306

16 -0.380801

17 -0.411657

18 -0.356867

19 -0.397734

20 -0.436918

21 -0.497192

22 -0.692889

23 -0.746268

24 -0.822044

25 -0.792201

26 -0.655725

27 -0.618305

28 -0.631299

29 -0.4307

30 -0.310052

31 -0.230803

32 -0.228374

33 -0.119849

34 -0.125205

35 -0.0640607

36 -0.0162267

37 0.015672

38 -0.0850822

39 -0.0549585

40 -0.132912

41 -0.295915

42 0.0320341

43 -0.0236777

44 0.249332

45 0.208855

46 0.484368

47 0.516366

48 0.670161

49 0.78655

50 0.794849

51 0.906554

52 0.939935

53 0.987758

54 0.985891

55 1.00456

56 0.999931

57 1.01207

58 1.21205

59 1.31135

60 1.13644

61 1.13615

62 1.00715

63 0.895592

64 0.977019

65 0.947385

66 0.953457

67 0.947553

68 0.903413

69 0.727862

70 0.666293

71 0.776776

72 0.700689

73 0.721146

74 0.555499

75 0.456968

76 0.522538

77 0.671398

78 0.806275

79 0.806843

80 0.599248

81 0.604127

82 0.537286

83 0.509387

84 0.564021

85 0.670269

86 1.36562

87 1.42964

88 1.53983

89 1.63618

90 1.73229

91 1.87218

92 1.83187

93 1.88444

94 1.75357

95 1.80483

96 1.87234

97 2.0031

98 2.07033

99 2.4065

100 2.15736

101 2.14744

102 1.36315

103 1.12193

104 1.09259

105 1.15346

106 1.30658

107 1.54838

108 1.56793

109 1.50981

