6 0.0910258

7 0.062337

8 -0.0235465

9 -0.309403

10 -0.472717

11 -0.424439

12 -0.389586

13 -0.414883

14 -0.315987

15 -0.490022

16 -0.633199

17 -0.634007

18 -0.718604

19 -0.694699

20 -0.518607

21 -0.522667

22 -0.465846

23 -0.510328

24 -0.448461

25 -0.220413

26 -0.224141

27 -0.291742

28 -0.249329

29 -0.249318

30 -0.242006

31 -0.34848

32 -0.541004

33 -0.43171

34 -0.396356

35 -0.339759

36 -0.361145

37 -0.438078

38 -0.471399

39 -0.481505

40 -0.413148

41 -0.346938

42 -0.343301

43 -0.457942

44 -0.409344

45 -0.53893

46 -0.460026

47 -0.379842

48 -0.37264

49 -0.35163

50 -0.406155

51 -0.292428

52 -0.416434

53 -0.248722

54 -0.393038

55 -0.0950437

56 -0.0203139

57 0.0379963

58 0.0831908

59 0.0262381

60 -0.0523275

61 -0.393338

62 0.171782

63 -0.0734225

64 0.0272393

65 0.482667

66 0.655364

67 0.983079

68 1.06606

69 1.0151

70 0.891302

71 1.04191

72 1.09672

73 1.16257

74 1.28043

75 1.382

76 1.40397

77 1.25191

78 1.24108

79 1.05306

80 0.971721

81 0.844687

82 1.09976

83 1.00125

84 1.5531

85 1.6271

86 1.59673

87 1.4163

88 1.31405

89 1.25769

90 1.19261

91 0.912523

92 0.890035

93 0.65067

94 0.788736

95 0.760599

96 0.801414

97 0.547653

98 0.702151

99 1.08965

100 1.25428

101 1.51571

102 1.65

103 1.72674

104 1.1924

105 1.1381

106 1.11037

107 1.14391

108 1.10564

109 0.630884

110 0.693359

111 0.75244

112 0.758902

113 0.663118

114 0.675466

115 0.691511

116 0.806331

117 0.909013

118 1.076

119 1.06675

120 1.16647

121 1.07588

122 1.11922

123 1.05513

124 0.884831

125 0.832104

126 0.684875

127 0.620037

