6 0.0110529

7 -0.00809266

8 -0.00143872

9 -0.0228897

10 -0.0679969

11 -0.0906476

12 -0.167334

13 -0.041109

14 0.207678

15 0.228936

16 0.20445

17 0.241717

18 0.776867

19 0.813136

20 0.708573

21 0.806321

22 0.760327

23 0.809989

24 0.881853

25 0.932485

26 0.882822

27 1.04622

28 0.884766

29 -0.221548

30 -0.276858

31 -0.21046

32 -0.284783

33 0.0239802

34 0.0152296

35 0.185504

36 0.345382

37 0.367766

38 0.119546

39 0.248994

40 0.232203

41 -0.0365647

42 0.0256848

43 -0.0287373

44 0.103422

45 0.171115

46 0.0430563

47 0.266818

48 0.654686

49 0.642733

50 0.655213

51 0.790112

52 0.904884

53 0.920928

54 0.855799

55 0.828165

56 0.90889

57 0.387653

58 0.247308

59 0.186127

60 0.158782

61 0.11834

62 0.0633532

63 -9.54008e-05

64 -0.0720784

65 -0.0138418

66 0.0730027

67 0.0432209

68 0.238709

69 0.201344

70 0.0240635

71 -0.0110358

72 0.0354963

73 -0.0688889

74 0.209228

75 0.3103

76 0.696445

77 0.835022

78 0.907804

79 0.893874

80 0.904432

81 0.841104

82 0.797979

83 0.597288

84 0.55825

85 0.478018

86 0.40879

87 0.342402

88 0.276776

89 0.235949

90 0.167176

91 0.131047

92 0.0447412

93 -0.272871

94 -0.24875

95 -0.24443

96 -0.255662

