6 -0.0287287

7 -0.0274335

8 -0.0327516

9 0.0570333

10 0.220608

11 0.0659804

12 -0.0682528

13 -0.174556

14 -0.0616803

15 -0.00587239

16 -0.0271754

17 -0.0564767

18 -0.0505154

19 0.0353829

20 0.110775

21 0.142541

22 0.198898

23 0.199674

24 0.16366

25 0.195784

26 0.0514433

27 0.0355948

28 -0.0711474

29 -0.203033

30 -0.0694993

31 0.0480684

32 0.072574

33 0.415185

34 0.438194

35 0.442651

36 0.436613

37 0.421103

38 0.366672

39 0.26122

40 0.35143

41 0.417573

42 0.417344

43 0.469497

44 0.371293

45 0.475661

46 0.430314

47 0.14939

48 0.149941

49 0.127309

50 0.0170242

51 -0.0404172

52 -0.0441094

53 -0.24027

54 -0.183138

55 -0.125107

56 -0.27998

57 -0.99074

58 -1.00651

59 -1.03193

60 -1.04256

61 -1.07167

62 -1.05357

63 -1.04478

64 -1.09343

65 -1.01898

66 -1.06144

67 -1.00418

68 -1.07585

69 -1.18408

70 -1.21197

71 -1.2544

72 -1.28392

73 -1.24177

74 -1.19447

75 -1.53675

76 -1.57462

77 -1.61435

78 -1.68252

79 -1.70612

80 -1.73658

81 -1.70613

82 -1.65615

