6 -0.0463536

7 -0.0803514

8 0.0504342

9 -0.0604921

10 -0.179227

11 -0.172495

12 -0.0324379

13 0.0068492

14 0.0805483

15 0.126692

16 0.159073

17 0.0696274

18 -0.00365497

19 0.124801

20 0.228595

21 -0.488164

22 -0.60457

23 -0.618826

24 -0.662787

25 -0.616419

26 -0.396288

27 -0.431261

28 -0.38219

29 -0.409721

30 -0.1892

31 -0.0234187

32 0.11827

33 0.173229

34 0.146959

35 0.333671

36 0.496067

37 0.568737

38 0.553459

39 0.395087

40 0.429777

41 0.220696

42 0.294669

43 0.249729

44 0.211008

45 0.199324

46 0.206431

47 0.0953107

48 0.0686267

49 -0.130314

50 -1.29473

51 -1.48564

52 -1.60688

