6 0.0402221

7 -0.123904

8 -0.174775

9 -0.11833

10 -0.260718

11 -0.147876

12 0.0360738

13 0.251022

14 0.123901

15 0.713169

16 0.727958

17 0.884344

18 0.90162

19 0.833539

20 0.865522

21 0.858068

22 0.864218

23 0.879194

24 0.953344

25 1.05878

26 1.07476

27 0.942084

28 1.04991

29 1.09404

30 1.11824

31 1.17732

32 1.11474

33 0.971158

34 0.924338

35 1.0378

36 1.02837

37 1.31338

38 1.58034

39 1.70173

40 1.77842

41 1.86388

42 2.04968

43 2.18892

44 2.44784

45 2.43707

46 1.83213

47 1.98372

48 2.13603

49 2.10372

50 2.00572

51 1.10826

52 1.3027

53 1.34948

54 1.46929

55 1.51465

56 1.54013

57 1.51938

58 1.64765

59 1.66755

60 1.68766

61 1.75764

62 1.66664

63 1.74077

64 1.66181

65 1.70067

66 1.66723

67 1.67006

68 1.65105

69 1.60187

70 1.60963

71 1.69877

72 1.62247

73 1.57861

74 1.21789

75 1.10691

76 1.06577

77 1.01174

78 0.951525

79 1.00685

80 0.925312

81 0.568131

82 0.358635

83 0.248862

84 0.263992

85 0.36884

86 0.356784

87 0.399576

88 0.370662

89 0.413491

90 0.386089

91 0.377841

92 0.29203

93 0.2554

94 0.293895

95 0.355507

96 0.432262

97 0.53643

98 0.507123

99 0.480997

100 0.548025

101 0.519177

102 0.628285

103 0.560621

104 0.512598

105 0.437587

106 0.442957

107 0.33433

108 0.325924

109 0.313694

110 -0.529862

111 -0.501276

112 -0.530925

113 -0.255323

114 -0.189587

