6 0.131033

7 0.110698

8 0.0715842

9 0.0693819

10 0.0516034

11 0.0818835

12 0.136413

13 0.174805

14 0.14872

15 0.171091

16 0.111045

17 0.123319

18 0.0885851

19 0.0776755

20 0.0472749

21 0.0238398

22 -0.313156

23 -0.309653

24 -0.215467

25 -0.252876

26 -0.162859

27 -0.0681919

28 -0.0427621

29 -0.0935212

30 -0.123341

31 -0.152442

32 -0.170021

33 -0.115737

34 0.035105

35 0.189045

36 0.190317

37 0.226542

38 0.385163

39 0.345517

40 0.29386

41 0.230655

42 0.340258

43 0.631878

44 0.63104

45 0.714148

46 0.633473

47 0.755079

48 0.834382

49 0.886724

50 0.775592

51 0.773349

52 0.332377

53 0.247726

54 0.201865

55 0.176659

56 0.0822149

57 0.119607

58 0.161634

59 0.349828

60 0.227974

61 0.211735

62 0.163886

63 0.278921

64 0.319047

65 0.326236

66 0.285293

67 0.227514

68 0.225087

69 0.226588

70 0.202053

71 0.189819

72 0.169945

73 0.0024801

74 0.0341928

75 -0.106258

76 -0.0303267

77 -0.07223

78 -0.0157825

79 0.0239711

80 0.145437

81 0.073761

82 0.00561108

83 -0.00444833

84 -0.204677

85 -0.177911

86 -0.000460662

87 0.0298131

88 0.160789

89 0.194162

90 0.153948

91 0.1419

92 0.131216

93 0.104404

94 0.134427

95 0.322671

96 0.525835

97 0.564587

98 0.59414

99 0.840622

100 0.806392

101 0.718139

102 0.653249

103 0.691732

104 0.986205

105 0.943828

106 0.839033

107 0.871114

108 1.0102

109 0.856197

110 0.58797

111 0.510829

112 0.398878

113 0.342734

114 0.278708

115 0.197555

116 0.282577

117 0.354915

118 0.0734723

119 0.0548317

120 0.127769

121 0.0517216

122 0.216988

123 0.32294

124 0.400493

125 0.339686

126 0.268618

127 0.189874

128 0.250356

129 0.221708

130 0.273112

131 0.33159

132 0.476432

133 0.472445

134 0.541953

135 0.64631

