6 -0.0214577

7 -0.0466415

8 0.00936991

9 -0.0071174

10 -0.149089

11 -0.310402

12 -0.234626

13 -0.331588

14 -0.0736375

15 0.183965

16 0.315057

17 0.347407

18 0.499312

19 0.291557

20 0.289129

21 0.501179

22 0.56672

23 0.591904

24 0.653277

25 0.652459

26 0.778674

27 0.996678

28 1.09959

29 1.40217

30 1.37401

31 1.22851

32 1.23257

33 1.0609

34 1.05775

35 1.07342

36 1.08785

37 1.05558

38 1.2586

39 1.31315

40 1.25725

41 1.52208

42 2.01169

43 2.13787

44 2.40704

45 2.14142

46 2.1138

47 2.39747

48 1.73334

49 1.61907

50 1.47326

51 1.47969

52 1.34102

53 1.19302

