6 -0.0480381

7 -0.0719836

8 -0.175553

9 -0.97428

10 -0.951293

11 -1.05208

12 -0.965175

13 -0.884803

14 -0.802145

15 -0.682528

16 -0.867161

17 -0.886311

18 -0.971076

19 -0.873968

20 -0.795045

21 -0.844293

22 -0.821207

23 -0.755913

24 -0.708838

25 -0.675505

26 -0.642433

27 -0.576385

28 -0.549727

29 -0.530104

30 -0.577995

31 -0.627341

32 -0.507751

33 -0.660174

34 -0.731316

35 -0.937033

36 -0.968766

37 -1.06704

38 -1.04639

39 -0.923621

40 -1.04855

41 -1.05803

42 -1.25348

43 -1.18488

44 -1.14262

45 -1.20357

46 -1.17301

47 -1.25959

48 -1.34037

49 -1.2805

50 -1.32414

51 -1.47567

52 -1.56329

53 -1.58852

54 -1.57098

55 -1.66047

56 -1.64237

57 -1.61304

58 -1.65695

59 -1.56785

60 -1.46184

61 -1.44816

62 -1.47166

63 -1.43914

64 -1.45542

65 -1.52105

66 -1.48549

67 -1.22075

68 -1.053

69 -0.987941

70 -0.854793

71 -0.842801

72 -0.892166

73 -1.02838

74 -1.19141

75 -1.40324

76 -1.63608

77 -1.88468

78 -1.74955

79 -1.70349

80 -2.01937

81 -1.91536

82 -1.82582

83 -1.85428

84 -1.95794

85 -1.89206

86 -2.04975

87 -1.97734

88 -1.99051

89 -2.09459

90 -2.15798

91 -2.29077

92 -2.37445

93 -2.64997

94 -2.62943

95 -2.565

96 -2.6866

97 -2.54884

98 -2.49059

99 -2.39449

100 -2.21046

101 -2.13988

102 -2.19078

103 -2.11422

104 -2.4013

105 -2.49421

106 -2.67815

107 -2.67954

108 -2.67303

109 -2.84694

110 -2.75389

111 -2.84108

