5 -0.19857

6 -0.176857

7 -0.200512

8 -0.231934

9 -0.226772

10 -0.129335

11 -0.570914

12 0.183948

13 0.592011

14 0.747644

15 0.989135

16 0.963088

17 0.900666

18 0.885322

19 -0.141821

20 -0.0869196

21 -0.198896

22 -0.219123

23 -0.179433

24 -0.163966

25 -0.353642

26 -0.382466

27 -0.391038

28 -0.386953

29 -0.396772

30 -0.28166

31 -0.139431

32 -0.182977

33 -0.964992

34 -0.979575

35 -1.27004

36 -1.24587

37 -1.42025

38 -1.432

39 -1.37707

40 -1.42036

41 -1.55785

42 -1.56962

43 -1.85329

44 -1.83494

45 -1.94425

46 -1.93128

47 -2.08191

48 -2.06078

49 -2.33498

50 -2.06828

51 -2.01142

52 -2.02473

53 -2.2516

54 -2.19199

