6 -0.0371853

7 -0.0248017

8 -0.139505

9 -0.160154

10 -0.0461046

11 0.0698813

12 0.0927192

13 0.0910044

14 0.208528

15 0.181628

16 0.474808

17 0.515142

18 0.521422

19 0.489509

20 0.529756

21 0.621745

22 0.608358

23 0.603165

24 0.703084

25 0.665079

26 0.797002

27 1.08963

28 2.1184

29 2.26371

30 2.29106

31 2.31784

32 2.4415

33 2.68945

34 2.73945

35 2.79313

36 2.98112

37 2.93542

38 3.0768

39 3.15076

40 3.32392

41 3.35619

42 3.08227

43 2.38807

44 2.36928

45 2.34371

46 2.26791

47 2.38944

48 2.33693

49 2.32644

50 2.17906

51 2.20925

52 1.90717

