6 -0.0274563

7 -0.0224785

8 -0.0433541

9 -0.0140998

10 0.0931037

11 0.0915944

12 0.126879

13 0.255677

14 0.230583

15 -1.00369

16 -0.997289

17 -0.996191

18 -0.982131

19 -1.04034

20 -1.16194

21 -1.13409

22 -1.22695

23 -1.4062

24 -1.39345

25 -1.37622

26 -1.42344

27 -1.40871

28 -1.40806

29 -1.45438

30 -1.43581

31 -1.33449

32 -1.36216

33 -1.36165

34 -1.25232

35 -1.3993

36 -1.39867

37 -1.73223

38 -2.10314

39 -2.33018

40 -2.22254

41 -2.45149

42 -2.47771

43 -2.44703

44 -2.51607

45 -2.48944

46 -2.47569

47 -2.57695

48 -2.54669

49 -2.23571

50 -2.04005

51 -2.11041

52 -2.3098

53 -2.36989

54 -2.51165

55 -2.58431

56 -2.64237

57 -2.73407

58 -2.77264

59 -2.78954

60 -2.81821

61 -2.90907

62 -2.96525

63 -3.04928

64 -3.16323

65 -3.25491

66 -3.28511

67 -3.14237

68 -3.39038

69 -3.546

70 -3.58641

71 -3.66398

72 -3.70142

73 -3.72253

74 -3.60021

75 -3.63841

76 -3.65411

77 -3.49236

78 -3.53767

79 -3.34246

80 -3.28531

81 -3.29056

82 -3.16416

83 -3.21736

84 -3.22287

85 -3.17974

86 -3.08025

87 -3.06125

88 -3.29486

89 -3.16692

90 -3.1506

91 -3.25655

92 -2.98359

93 -2.59607

94 -2.48211

95 -2.45865

96 -2.38484

97 -2.25647

98 -2.38808

99 -2.52031

100 -2.56357

101 -2.44417

102 -2.42318

103 -2.42588

