6 0.187165

7 0.76945

8 0.925614

9 0.547005

10 0.505634

11 0.444206

12 0.356709

13 0.461

14 0.219138

15 0.187419

16 0.00424347

17 -0.0233159

18 -0.0581481

19 -0.0542367

20 0.0160502

21 0.062644

22 0.0827381

23 0.0756814

24 0.0186596

25 0.093947

26 -0.156

27 -0.219015

28 -0.494729

29 -0.692274

30 -0.486915

31 -0.445434

32 -0.523155

33 -0.492918

34 -0.617699

35 -0.758365

36 -0.787314

37 -0.788995

38 -0.846468

39 -1.21683

40 -1.17488

41 -1.25227

42 -1.30388

43 -1.32846

44 -1.29749

45 -1.17385

46 -1.1906

47 -1.30149

48 -1.22839

49 -1.2467

50 -1.33223

51 -1.23357

52 -1.0319

53 -0.926658

54 -0.969825

55 -0.993661

56 -1.2318

57 -1.31459

58 -1.45573

59 -1.45451

60 -1.42458

61 -1.50226

62 -1.52462

63 -1.49859

64 -1.51743

65 -1.64977

66 -2.11104

67 -3.00587

68 -2.87809

