6 -0.0339446

7 0.0879402

8 0.0606129

9 -0.219498

10 -0.346617

11 -0.332335

12 -0.376287

13 -0.431314

14 -0.460537

15 -0.524484

16 -0.510927

17 -0.586568

18 -0.670437

19 -0.69237

20 -0.669378

21 -0.567136

22 -0.463295

23 -0.432267

24 -0.368647

25 -0.260306

26 -0.127964

27 -0.0564454

28 -0.0809338

29 -0.07572

30 0.0446149

31 0.0742439

32 0.0434863

33 0.157949

34 0.174557

35 0.175839

36 0.225191

37 0.276632

38 0.256526

39 0.33092

40 0.2965

41 0.228343

42 0.157036

43 0.185329

44 0.22669

45 0.0840485

46 -0.112439

47 -0.102217

48 0.0985085

49 0.168776

50 0.303646

51 0.384499

52 0.489234

53 0.488338

54 0.337005

55 0.30532

56 0.316287

57 0.142847

