6 -0.00320544

7 -0.0673428

8 -0.11027

9 0.0467641

10 0.059556

11 0.0591014

12 0.0416275

13 -0.00610416

14 0.0174619

15 -0.092991

16 -0.0107688

17 0.0892876

18 0.0925972

19 0.189013

20 0.205591

21 0.184871

22 0.157418

23 0.207565

24 0.112981

25 0.0335848

26 -0.007067

27 -0.0284069

28 -0.0413112

29 -0.0350301

30 -0.148403

31 -0.742846

32 -0.786929

33 -0.712984

34 -0.811029

35 -0.763825

36 -0.533229

37 -0.448477

38 -0.369314

39 -0.253358

40 -0.214257

41 -0.165918

42 -0.205089

43 -0.151695

44 -0.209362

45 -0.18707

46 -0.108001

47 -0.0299016

48 0.0134971

49 0.042561

50 -0.0140716

51 0.145414

52 0.251076

53 0.546297

54 0.520711

55 0.471858

56 0.441741

57 0.547131

58 0.500491

59 0.479875

60 0.18363

61 0.375605

62 0.432577

63 0.325549

64 0.314184

65 1.13576

66 1.13162

67 1.08796

68 0.998737

69 1.01073

70 0.947787

71 0.785408

72 0.798914

73 0.681544

74 0.372036

75 0.323274

76 0.309412

77 0.228364

78 0.298786

79 0.205801

80 0.227756

81 0.553448

82 0.514573

83 0.422256

84 0.440426

85 0.680979

86 0.985661

87 1.15294

88 1.21362

89 1.21647

90 1.23676

91 1.30602

92 1.29905

93 0.83305

94 0.822109

95 0.953242

96 0.913929

97 0.670395

98 0.632622

99 0.424576

100 0.302933

101 0.256836

102 0.238547

103 0.241392

104 0.226232

105 0.11162

106 0.0744781

107 -0.0290412

