6 -0.0797168

7 -0.112941

8 -0.111158

9 -0.112706

10 -0.118363

11 -0.171691

12 -0.202025

13 -0.112031

14 -0.0500855

15 -0.453384

16 -0.45796

17 -0.352094

18 -0.268575

19 -0.292739

20 -0.395085

21 -0.319275

22 -0.288145

23 -0.280051

24 -0.315551

25 -0.303236

26 -0.290702

27 -0.320873

28 -0.38935

29 -0.352213

30 -0.428391

31 -0.687245

32 -0.850463

33 -0.861028

34 -0.805279

35 -0.76002

36 -0.885046

37 -0.834782

38 -0.855567

39 -0.877061

40 -0.899806

41 -0.937319

42 -0.881936

43 -0.685514

44 -0.726636

45 -0.695048

46 -0.524837

47 -0.488853

48 -0.54408

49 -0.517158

50 -0.744429

51 -1.16535

52 -1.24893

53 -1.30965

54 -1.4041

55 -1.33423

56 -1.28644

57 -1.33662

58 -1.25061

59 -1.26013

60 -1.4958

61 -1.5258

62 -1.67976

63 -1.70862

64 -1.77543

65 -1.69112

66 -1.57108

67 -1.62012

68 -1.58701

69 -1.76967

70 -1.7541

71 -1.7875

72 -1.66359

73 -1.80635

74 -1.95073

75 -1.88923

76 -1.61032

77 -1.47855

78 -1.50474

79 -1.40329

80 -1.42843

81 -1.49971

82 -1.50294

83 -1.56677

84 -1.59692

85 -1.64408

86 -1.63416

87 -1.65252

88 -1.67079

89 -1.67343

90 -1.79015

91 -1.70731

92 -1.75825

93 -1.76209

94 -1.7368

95 -1.68537

96 -1.65733

97 -1.60476

98 -1.68001

99 -1.74964

100 -1.73699

101 -1.64115

102 -1.66243

103 -1.66653

104 -1.63933

105 -1.57268

106 -1.51863

107 -1.52435

108 -1.57143

109 -1.59844

110 -1.61577

111 -1.66119

112 -1.72236

113 -1.74493

114 -1.57208

115 -1.69612

116 -1.71895

117 -0.731811

118 -0.742646

119 -0.821654

120 -0.721274

121 -0.617503

122 -0.60175

123 -0.543886

124 -0.409784

125 -0.44007

126 -0.443948

127 -0.601807

128 -0.572736

129 -0.458047

130 -0.308587

131 -0.515602

132 -0.633743

133 -0.822535

134 -0.689689

