6 -0.0440727

7 -0.0553791

8 -0.0619583

9 -0.0921046

10 -0.083561

11 -0.0756958

12 -0.100219

13 -0.1335

14 -0.131553

15 -0.0673327

16 -0.0522837

17 -0.149753

18 -0.170954

19 -0.181185

20 -0.170014

21 -0.129857

22 -0.138435

23 -0.103511

24 -0.0181142

25 0.0731671

26 -0.0898093

27 -0.0447338

28 -0.380277

29 -0.468818

30 -0.494279

31 -0.484029

32 -0.495567

33 -0.473902

34 -0.513754

35 -0.555917

36 -1.00907

37 -1.01741

38 -1.05512

39 -1.04888

40 -1.07173

41 -1.00382

42 -0.845715

43 -0.494019

44 -0.429346

45 -0.441368

46 -0.197044

47 -0.103092

48 -0.106847

49 -0.074623

50 -0.124641

51 -0.149245

52 -0.183655

53 -0.110585

54 0.107532

55 0.282467

56 0.233675

57 0.40574

58 0.440081

59 0.302443

60 0.357548

61 0.192757

62 0.269624

63 0.239709

64 0.510366

65 0.319264

66 0.494874

67 0.70252

68 0.676119

69 0.75448

70 0.908357

71 0.767226

72 1.16549

73 1.12695

74 1.28042

75 1.30411

76 1.61273

77 1.96603

78 2.12427

79 1.84686

80 1.67834

81 1.66603

82 1.69488

83 1.648

84 1.41083

85 1.25164

86 1.20864

87 1.18

88 1.08236

89 1.03016

90 0.924205

91 0.96093

92 0.870414

93 0.901737

94 0.98845

95 1.09819

96 1.07542

97 1.18258

98 1.24385

99 1.15164

100 1.25918

101 1.05164

102 0.903873

103 0.877534

104 0.800432

105 0.856686

106 0.901472

107 0.729378

108 0.658985

109 0.594239

110 0.693989

111 0.576572

112 0.468726

113 0.201244

114 0.106148

115 -0.664107

116 -0.803141

117 -0.784853

118 -0.969033

119 -0.984629

120 -0.988302

121 -1.05487

