6 0.114082

7 0.110853

8 0.0951919

9 0.0628759

10 0.0253043

11 0.120508

12 0.0220732

13 0.183746

14 0.0189193

15 0.0825383

16 0.022042

17 0.223813

18 0.587324

19 0.631547

20 0.619286

21 0.598052

22 0.613035

23 0.553017

24 0.633363

25 0.68024

26 0.70657

27 0.768196

28 0.816517

29 0.865747

30 0.943537

31 0.904461

32 1.01109

33 0.955786

34 1.04094

35 1.00072

36 0.863275

37 0.545866

38 -0.6259

39 -0.860138

40 -1.05632

41 -1.16777

42 -1.07352

43 -1.23773

44 -1.32459

45 -1.39587

46 -1.43405

47 -1.52886

48 -1.49374

49 -1.74874

50 -1.56915

51 -1.56636

52 -1.51962

53 -1.53021

54 -1.44597

55 -1.11075

56 -1.01824

57 -1.00965

58 -0.984869

59 -0.979967

60 -0.939637

61 -1.10553

62 -0.907673

63 -0.884877

64 -0.844828

65 -0.765103

66 -0.747676

67 -0.68332

68 -0.733286

69 -0.816505

70 -1.18653

71 -1.23896

72 -1.22652

73 -1.25683

74 -1.46866

75 -1.35521

76 -1.3787

77 -1.36089

78 -1.42295

79 -1.42577

80 -1.51189

81 -1.54813

82 -1.57932

83 -1.46025

84 -1.52866

85 -1.48664

