6 -0.176476

7 -0.195746

8 -0.160703

9 -0.164294

10 -0.289493

11 -0.236111

12 -0.09735

13 -0.101579

14 0.127522

15 0.197719

16 0.44699

17 0.506699

18 0.480465

19 0.5621

20 0.744211

21 0.423684

22 0.479945

23 0.473275

24 0.406723

25 0.537506

26 0.616376

27 1.03546

28 1.09278

29 1.01722

30 0.938431

31 0.833409

32 0.779621

33 0.93065

34 1.09817

35 1.05302

36 1.10721

37 1.33879

38 1.29696

39 1.23997

40 1.94286

41 2.15492

42 2.31483

43 2.31228

44 2.34824

45 2.38365

46 2.25417

47 2.22889

48 2.14093

49 2.18888

50 2.06797

51 2.07724

52 1.744

53 1.76735

54 1.77803

55 1.79859

56 1.81471

57 1.7982

58 1.80598

59 1.76821

60 1.70834

61 1.69366

