5 -0.0361144

6 -0.236092

7 -0.258125

8 -0.318307

9 -0.366142

10 -0.353935

11 -0.401034

12 -0.385677

13 -0.209015

14 -0.106663

15 0.0696388

16 0.137759

17 0.0583376

18 0.189842

19 0.345987

20 0.189342

21 0.696723

22 0.829742

23 0.988553

24 0.850055

25 1.17557

26 1.50868

27 1.06619

28 1.43436

29 2.00331

30 1.96885

31 1.98536

32 2.04593

33 1.64217

34 1.60821

35 1.62621

36 1.71118

37 2.54734

38 2.62507

39 2.61381

40 3.21813

41 3.46679

42 3.48032

43 2.60237

44 2.85179

45 2.8232

46 2.84551

47 2.13325

48 2.07892

