6 -0.0721115

7 -0.166689

8 -0.14867

9 -0.206397

10 -0.248678

11 -0.331726

12 -0.328979

13 -0.288557

14 -0.331501

15 -0.275954

16 -0.255922

17 -0.220288

18 -0.137748

19 -0.151449

20 -0.16279

21 -0.115634

22 -0.067353

23 -0.124353

24 -0.256734

25 -0.330791

26 -0.390537

27 -0.363262

28 -0.429101

29 -0.443105

30 -0.260248

31 -0.518363

32 -0.75184

33 -0.734313

34 -0.855847

35 -0.876403

36 -0.888741

37 -0.851655

38 -1.05589

39 -1.30349

40 -1.31714

41 -1.43805

42 -1.6593

43 -1.66735

44 -1.74375

45 -1.85585

46 -2.1269

47 -2.30222

48 -2.30603

49 -2.33102

50 -2.83218

51 -3.06962

52 -3.10612

53 -3.2035

54 -3.18046

55 -3.08084

56 -2.861

57 -2.88911

58 -2.92691

59 -2.99078

60 -3.5019

61 -3.6059

62 -3.61866

63 -3.56328

64 -3.51222

65 -3.44771

66 -3.30457

67 -3.28143

68 -3.27249

69 -3.11546

70 -3.10348

71 -3.08316

72 -2.87213

73 -2.8544

74 -2.88896

75 -2.94907

76 -2.92759

77 -3.06203

78 -3.22797

79 -3.23942

80 -3.45258

81 -3.29776

82 -3.07554

83 -3.00109

84 -2.99183

85 -2.96906

86 -2.86822

87 -2.82487

88 -2.90436

