5 -0.335657

6 -0.232279

7 -0.226458

8 -0.238669

9 -0.338997

10 -0.30684

11 -0.242048

12 -0.165237

13 0.0347432

14 0.100822

15 -0.61215

16 -0.675238

17 -0.786167

18 -0.813075

19 -1.05993

20 -1.1336

21 -1.23459

22 -1.26922

23 -1.27457

24 -1.23579

25 -1.20179

26 -1.2357

27 -1.40241

28 -1.43028

29 -1.56543

30 -1.78469

31 -1.80685

32 -1.83135

33 -1.84786

34 -1.83989

35 -2.25363

36 -2.08704

37 -1.97418

38 -1.97981

39 -2.23124

40 -2.17936

41 -2.30233

42 -2.25139

43 -2.22165

44 -2.21047

45 -2.26936

46 -2.07915

47 -1.18783

48 -1.16502

49 -1.19775

50 -1.39364

51 -1.17102

52 -1.26508

