5 -0.0412238

8 0.0213868

11 -0.0271375

14 0.590583

17 0.671104

20 0.25599

23 0.191774

26 0.529012

29 0.717957

32 -0.0120139

35 -0.237696

38 -0.248004

41 -0.164438

44 -0.148017

47 -0.904452

50 -0.660624

53 -0.713316

56 -0.856748

59 -1.16957

62 -1.20336

65 -1.37309

68 -1.62629

71 -1.77358

74 -1.77602

77 -2.02153

80 -2.17467

83 -2.5112

86 -2.48736

89 -2.78505

92 -2.98593

95 -3.177

98 -3.25344

101 -3.58701

104 -3.76305

107 -4.0142

110 -4.23241

113 -4.36642

116 -4.44758

119 -4.73877

122 -5.55033

125 -5.55289

128 -4.71127

131 -4.77179

134 -5.32268

