6 -0.0224769

7 -0.0330046

8 -0.0231299

9 -0.0180412

10 -0.0116093

11 -0.0818729

12 -0.0843867

13 -0.10931

14 -0.15789

15 -0.154494

16 -0.137102

17 -0.250233

18 -0.17322

19 0.035347

20 0.167541

21 0.269291

22 0.469381

23 0.552562

24 0.594106

25 0.421164

26 0.472535

27 -0.280831

28 -0.273054

29 -0.25057

30 -0.261383

31 -0.344322

32 -0.370294

33 -0.599953

34 -0.662294

35 -0.7063

36 -0.85134

37 -0.951867

38 -1.10572

39 -1.12189

40 -1.1061

41 -0.974165

42 -0.782225

43 -0.690988

44 -0.659086

