6 -0.0267513

7 -0.0452381

8 -0.051196

9 0.00682675

10 0.0739648

11 0.0747983

12 0.0718732

13 0.00317588

14 -0.167861

15 -0.154975

16 -0.141882

17 -0.133926

18 -0.168615

19 -0.194041

20 -0.0213586

21 -0.0572106

22 0.0973731

23 0.286455

24 0.299644

25 0.379077

26 0.235412

27 0.406854

28 0.273326

29 0.455064

30 0.563506

31 0.607632

32 0.630277

33 0.659758

34 0.649648

35 0.614391

36 0.526329

37 0.566784

38 0.452884

39 0.658676

40 0.594831

41 0.666094

42 0.58746

43 0.49439

44 0.440461

45 0.482325

46 0.473974

47 0.307424

48 0.326513

49 0.0700008

50 -0.0188463

51 -0.0326142

52 -0.095806

53 -0.0829867

54 -0.386897

55 -0.440506

56 -0.377182

57 -0.302733

58 -0.203379

59 -0.266274

60 1.1198

61 1.24383

62 1.29816

63 1.21593

64 1.24414

65 1.38677

66 1.39242

67 1.91205

68 2.10378

69 2.16619

70 2.23315

71 2.49941

72 2.53604

73 2.60749

74 2.59297

75 2.63856

76 2.60437

77 2.50866

78 3.02558

79 2.92279

80 3.1872

81 3.50738

82 3.72464

83 4.19603

84 4.09493

85 4.14212

86 4.10271

87 4.09646

88 4.09493

89 4.10314

90 4.19813

91 4.12497

92 4.22029

93 4.2022

94 3.87068

95 3.81994

96 3.79784

97 3.98197

98 4.02823

99 4.05882

100 4.08927

101 3.98219

102 4.12694

103 4.13953

104 4.28923

105 4.50804

106 4.93072

