6 -0.0201946

7 -0.0464625

8 -0.00409111

9 0.0071988

10 0.0196874

11 0.104649

12 0.0772695

13 -0.0317419

14 -0.0527702

15 -0.0377331

16 -0.175696

17 -0.289983

18 -0.0387671

19 0.0593813

20 0.090724

21 -0.0798031

22 -0.253289

23 -0.336573

24 -0.370166

25 -0.462256

26 -0.540445

27 -0.586823

28 -0.590404

29 -0.612366

30 -0.627123

31 -0.567092

32 -0.513198

33 -0.460857

34 -0.409729

35 -0.37419

36 -0.326278

37 -0.584447

38 -0.692239

39 -0.67581

40 -0.780184

41 -0.645815

42 -0.513488

43 -0.46181

44 -0.779565

45 -0.752806

46 -0.842678

47 -0.603883

48 -0.532022

49 -0.6147

50 -0.555424

51 -0.432591

52 -0.440664

53 -0.358691

