6 -0.0705525

7 -0.0813572

8 -0.095488

9 -0.121995

10 -0.155412

11 -0.0643551

12 -0.0748607

13 -0.345395

14 -0.376751

15 -0.248599

16 -0.284057

17 -0.0557489

18 -0.0129274

19 -0.113616

20 -0.157882

21 -0.0152745

22 0.182526

23 0.243999

24 0.309905

25 0.369579

26 0.384606

27 0.459461

28 0.438398

29 0.433768

30 0.330678

31 0.322141

32 -0.154551

33 -0.095008

34 -0.131026

35 0.00362713

36 -0.00620619

37 -0.0616567

38 0.364129

39 0.305706

40 0.1384

41 0.368714

42 0.342816

43 0.365431

44 0.344653

45 0.5267

46 0.402235

47 0.678187

48 1.42223

49 1.42854

50 1.21405

51 1.28683

52 1.24784

53 1.36053

54 1.33306

55 1.49716

56 1.63157

57 1.56991

58 1.51211

59 1.33172

60 1.38991

61 1.25262

62 1.30244

63 1.34869

64 1.45763

65 1.44055

66 1.44587

67 1.48108

68 1.19315

69 1.37015

70 1.90075

71 1.92482

72 1.95065

73 2.02884

74 2.11935

75 2.12728

76 2.14058

77 2.28614

78 2.219

79 1.7441

80 1.97835

81 1.79523

82 2.06039

83 2.10613

84 1.98998

85 2.3922

86 2.95899

87 3.06559

88 3.13395

89 3.23369

90 3.38369

91 3.49415

92 3.37248

93 3.20907

94 3.12899

95 3.02248

96 2.57436

97 2.45492

98 2.12036

99 1.92261

100 1.99347

