6 0.040722

7 0.00132876

8 -0.0260257

9 -0.0796609

10 -0.0613708

11 -0.0209274

12 -0.0422136

13 0.025056

14 0.149285

15 0.205867

16 0.231541

17 0.185891

18 0.284599

19 0.318397

20 0.346762

21 0.379448

22 0.399059

23 0.396257

24 0.371245

25 0.324989

26 0.276005

27 0.23642

28 0.220107

29 0.271606

30 -0.206998

31 0.00606133

32 -0.103497

33 -0.226086

34 -0.377768

35 -0.377174

36 -0.22066

37 -0.0687666

38 -0.0616036

39 -0.0762927

40 -0.133343

41 -0.204296

42 -0.190771

43 -0.381253

44 -0.427617

45 -1.18689

46 -1.40469

47 -1.37538

48 -1.32496

49 -1.30726

50 -1.35665

51 -1.29592

52 -1.30369

53 -1.1532

54 -0.813043

55 -0.659109

56 -0.568407

57 -0.593563

58 -0.600328

59 -0.561601

60 -0.513275

61 -0.498801

62 -0.48258

63 -0.502867

64 -0.537622

65 -0.460599

66 -0.230204

67 -0.208852

68 -0.118379

69 -0.0619651

70 -0.131191

71 -0.112252

72 0.12677

73 0.746021

74 0.766599

75 0.710166

76 0.530199

77 -0.850287

78 -1.20559

79 -1.25146

80 -1.33639

81 -1.35566

82 -1.47892

83 -1.43899

84 -1.15205

85 -1.10494

86 -1.00551

87 -0.751008

88 -0.79103

89 -0.673462

90 -0.653889

91 -0.685828

92 -0.66207

93 -0.669726

94 -0.680201

95 -0.808124

96 -0.793357

97 -0.536896

98 -0.611178

99 -0.497041

100 0.381808

101 0.496268

102 0.507236

103 0.348683

104 -1.33324

105 -1.35928

106 -1.32806

107 -1.34903

108 -1.43233

109 -1.39844

110 -1.43363

111 -1.39287

112 -1.42059

113 -1.29153

114 -1.1731

115 -0.964433

116 0.0402823

117 0.0679871

118 0.179995

119 0.186897

120 0.204442

121 0.412327

122 0.287778

123 0.413407

124 0.384952

125 0.476798

126 0.634051

127 0.67277

128 0.799887

129 0.811379

130 0.82715

131 0.836544

