6 -0.050882

7 -0.0202253

8 0.0476172

9 0.0268102

10 -0.0101999

11 0.243306

12 0.710366

13 0.729031

14 0.767863

15 0.738218

16 0.875638

17 0.607992

18 0.509363

19 0.145955

20 -0.0575461

21 -0.0526141

22 -0.0754614

23 -0.00750715

24 -0.0710312

25 0.150949

26 0.488632

27 0.648968

28 0.720056

29 0.787392

30 0.591366

31 0.512283

32 0.648616

33 0.477291

34 0.780842

35 1.13113

36 1.30517

37 1.34805

38 1.60742

39 1.67118

40 1.65259

41 1.4845

42 1.48565

43 1.4594

44 1.39365

45 1.39241

46 1.3762

47 1.29912

48 1.30872

49 1.42767

50 2.23639

51 2.2365

52 2.22293

53 2.21414

54 2.21181

55 2.16924

56 2.11531

57 2.13317

58 2.09112

59 2.0908

60 2.03675

61 2.00029

62 1.96542

63 1.80253

64 1.84148

65 1.82119

66 1.8035

67 1.80001

68 1.68904

69 1.73452

70 1.70761

71 1.65694

72 1.78389

73 2.20656

74 2.21005

75 2.30575

76 2.2902

77 2.13912

78 2.25925

79 2.24218

80 2.52969

81 2.57937

82 2.56

83 2.57658

84 2.29999

85 2.24421

86 2.36668

87 2.25076

88 2.53675

89 2.83175

90 3.05892

91 3.26277

92 3.2579

93 3.0031

94 2.79919

95 2.79799

96 2.87412

97 2.82961

98 2.85292

99 2.92789

100 2.85297

101 2.91244

102 2.93605

103 2.65061

104 2.79973

105 2.48318

106 1.07391

107 1.11479

108 1.13393

109 1.22938

110 1.40812

111 1.62274

112 1.61815

113 1.71463

114 1.61113

115 1.74181

116 1.76416

117 1.89565

118 1.85597

119 1.93941

120 1.97849

121 1.95551

122 1.94622

123 2.03904

124 2.03456

125 1.96687

126 2.09772

