6 -0.0411688

7 -0.0544303

8 -0.00365454

9 0.0516746

10 0.0417676

11 0.190546

12 0.323633

13 0.377106

14 0.487812

15 0.612621

16 0.61288

17 0.654536

18 0.706618

19 0.730281

20 1.00956

21 0.981096

22 1.57976

23 1.69267

24 1.60934

25 1.67913

26 1.68371

27 1.52781

28 1.52119

29 1.52821

30 1.57118

31 1.75131

32 1.82404

33 1.90659

34 1.91676

35 1.88853

36 1.83414

37 1.88941

38 1.98699

39 2.17979

40 2.27952

41 2.03876

42 1.33419

43 1.1468

44 1.11278

45 1.07614

46 1.23565

47 1.20654

48 1.18302

49 1.02547

50 1.06067

51 1.05966

52 0.596415

