6 0.0959153

7 0.156798

8 0.24437

9 0.323863

10 0.352118

11 0.402504

12 0.487418

13 0.463088

14 0.665816

15 1.09014

16 1.15647

17 1.11254

18 1.12099

19 0.87367

20 0.834544

21 0.853726

22 0.926793

23 0.841318

24 0.929045

25 0.745995

26 0.765142

27 1.70903

28 1.8693

29 2.01294

30 2.07695

31 2.0412

32 2.09091

33 2.17482

34 2.20502

35 2.08901

36 1.93802

37 2.02013

38 2.2826

39 2.3361

40 2.38411

41 2.65214

42 2.79183

43 2.99482

44 3.1224

45 3.02995

46 3.02273

47 2.99991

48 2.98899

49 2.90753

50 2.79967

51 2.86499

52 3.01422

53 2.81509

54 2.72252

55 2.90891

56 2.78184

57 3.06274

58 3.14742

59 3.48549

60 3.46263

61 3.54681

62 3.5736

63 3.52585

64 3.44579

65 3.53258

66 3.62288

67 3.70059

68 3.63218

69 3.7354

70 3.76454

71 3.78763

72 3.80706

73 3.84577

74 3.81077

75 3.98359

76 4.32301

77 4.24447

78 4.24848

79 4.3862

80 4.23799

81 4.52447

82 5.28172

83 5.3978

84 5.42404

85 5.37475

86 5.29406

87 5.28474

88 5.20977

89 5.23455

90 5.20746

91 5.06733

92 5.08148

93 4.94886

94 4.77926

95 4.66434

96 4.67128

97 4.70701

98 4.70324

99 4.8127

100 4.8161

101 4.99455

102 5.2981

103 5.54945

104 6.04463

105 5.94424

106 5.66066

107 5.58869

108 5.34782

109 5.32906

110 5.07739

111 5.12042

112 4.37983

113 3.93963

114 3.68854

115 3.5741

116 3.58199

117 3.53117

118 3.22014

119 3.14749

120 3.19164

121 3.24626

122 3.28411

123 3.31556

124 3.39023

125 3.40661

126 3.38872

127 3.2794

