6 -0.0670913

7 -0.125981

8 -0.215704

9 -0.348126

10 -0.398167

11 -0.425482

12 -0.461662

13 -0.445159

14 -0.753928

15 -0.62986

16 -0.705442

17 -1.32773

18 -1.54615

19 -1.63901

20 -1.6631

21 -1.61087

22 -1.56152

23 -1.50895

24 -1.50832

25 -1.51407

26 -1.06631

27 -1.06041

28 -1.1002

29 -1.21086

30 -1.38183

31 -1.40401

32 -1.21054

33 -1.42952

34 -1.37502

35 -1.57996

36 -1.89673

37 -2.0425

38 -2.1796

39 -2.32256

40 -2.54756

41 -2.55995

42 -2.68964

43 -2.69851

44 -2.67644

45 -2.65468

46 -2.71934

47 -2.78572

48 -3.1131

49 -3.08264

50 -1.74692

51 -1.65458

52 -1.57198

53 -1.57385

54 -1.52885

55 -1.46907

56 -1.51031

57 -1.75954

58 -1.7633

59 -2.0084

60 -2.05793

61 -1.9208

62 -1.82149

63 -1.85424

64 -1.76568

65 -1.47473

66 -1.33056

67 -1.37423

68 -1.4458

69 -1.60379

70 -1.55347

71 -1.46024

72 -1.37739

73 -1.1518

