6 -0.0791994

7 -0.0697276

8 -0.0764317

9 -0.0700588

10 0.00273609

11 0.00545064

12 -0.0807177

13 -0.0144158

14 0.111

15 0.0824293

16 0.205991

17 0.253396

18 0.197256

19 0.0581838

20 -0.152769

21 -0.0126401

22 -0.0725238

23 -0.0253063

24 -0.0998387

25 -0.0932316

26 -0.255896

27 -0.168125

28 -0.128882

29 -0.187696

30 -0.206437

31 -0.0890448

32 -0.214971

33 -0.0789717

34 -0.232183

35 -0.96644

36 -1.03673

37 -1.10156

38 -1.3327

39 -1.35938

40 -1.42912

41 -1.2985

42 -1.23632

43 -1.22421

44 -1.25037

45 -1.28937

46 -1.20558

47 -1.11142

48 -1.08532

49 -1.02657

50 -1.05094

51 -1.03042

52 -0.864314

53 -0.972015

54 -1.43263

55 -1.45808

56 -1.38986

57 -1.3912

