5 -0.00551789

6 -0.0798393

7 0.0538858

8 -0.0982537

9 -0.186371

10 -0.221483

11 -0.217661

12 -0.256044

13 -0.421849

14 -0.373746

15 0.327671

16 0.247456

17 -0.330544

18 -0.335978

19 -0.556675

20 -0.396686

21 -0.332461

22 -0.453159

23 -0.37232

24 -0.423728

25 -0.564291

26 -0.582454

27 -0.501936

28 -0.63682

29 -0.822208

30 -0.740929

31 -0.804067

32 -0.688854

33 -0.820059

34 -1.00062

35 -0.933893

36 -0.99406

37 -1.07257

38 -2.33748

39 -2.37066

40 -2.71502

41 -2.71436

