6 -0.0436506

7 -0.05295

8 -0.079698

9 -0.0702629

10 -0.0861154

11 -0.0811928

12 -0.0724717

13 -0.160422

14 -0.0971052

15 -0.16446

16 -0.0378222

17 0.281959

18 0.315233

19 0.325141

20 0.352687

21 0.174941

22 0.0099618

23 -0.0698747

24 -0.123212

25 -0.210174

26 -0.902003

27 -1.10137

28 -1.16564

29 -1.08034

30 -0.718324

31 -0.648649

32 -0.635314

33 -0.626523

34 -0.697934

35 -0.694985

36 -0.676474

37 -0.687023

38 -0.668916

39 -0.852869

40 -0.768149

41 -0.875851

42 -0.791897

43 -0.755991

44 -0.746474

45 -0.686617

46 -0.704771

47 -0.774922

48 -0.7339

49 -0.835766

50 -0.71807

51 -0.67446

52 -0.626621

53 -0.224136

54 -0.143554

55 -0.123216

56 -0.117952

57 -0.148085

58 -0.266274

59 -0.447733

60 -0.554212

61 -0.638638

62 -0.672493

63 -0.974395

64 -0.858313

65 -0.957579

66 -0.963343

67 -1.01092

68 -0.969869

69 -1.05083

70 -0.960844

71 -1.01004

72 -1.11455

73 -1.06119

74 -1.03244

75 -1.10298

76 -0.972592

77 -0.934523

78 -0.726165

79 -0.589314

80 -0.727953

81 -0.903532

82 -1.0251

83 -1.2578

84 -1.43197

