6 -0.0106139

7 -0.0168443

8 -0.00479894

9 0.0318062

10 0.00825073

11 0.0129407

12 0.0969599

13 -0.00505634

14 0.0215106

15 -0.0606408

16 -0.0917813

17 -0.205752

18 -0.356419

19 -0.445905

20 -0.519062

21 -0.645878

22 -0.681678

23 -0.570373

24 -0.524445

25 -0.570802

26 -0.48854

27 -0.465213

28 -0.357602

29 -0.176246

30 0.00458828

31 0.0781751

32 0.0208279

33 -0.133324

34 -0.526652

35 -0.389471

36 -0.366851

37 -0.249749

38 -0.179697

39 -0.25167

40 0.0332783

41 0.0162908

42 0.0926829

43 -0.0172274

44 -0.167117

45 -0.204238

46 -0.146625

47 -0.210496

48 -0.145819

49 -0.00247129

50 0.015846

51 0.00488268

52 -0.155077

53 -0.377447

54 -0.451323

55 -0.637496

56 -0.599865

57 -0.527229

58 -0.680598

59 -0.681973

60 -0.83548

61 -0.79517

62 -0.842508

63 -0.760746

64 -0.80712

65 -0.791857

66 -0.776294

67 -0.831447

68 -0.760575

69 -0.616321

70 -0.616606

71 -0.575803

72 -0.829006

73 -1.39965

