6 0.0840624

7 0.0191259

8 -0.00112015

9 -0.0161966

10 -0.00577018

11 -0.00702998

12 0.00212217

13 -0.00461651

14 -0.0274525

15 0.083521

16 -0.0974823

17 -0.0231854

18 -0.238866

19 -0.305246

20 -0.293893

21 -0.223319

22 -0.17615

23 -0.213177

24 -0.197798

25 -0.271114

26 -0.561371

27 -0.594747

28 -0.618315

29 -0.641007

30 -0.68481

31 -0.629748

32 -0.561695

33 -0.421268

34 -0.455682

35 -0.401165

36 -0.307289

37 -0.216076

38 -0.171219

39 -0.328195

40 -0.156535

41 0.458943

42 0.545517

43 0.541925

44 0.524427

45 0.477157

46 0.529772

47 0.295535

48 0.322042

49 0.257327

50 0.189414

51 0.393709

52 0.38292

53 0.309953

54 0.715344

55 0.885121

56 1.11446

57 1.01782

58 1.12137

59 1.2923

60 1.25781

61 1.35287

62 1.32162

63 1.51068

64 1.4001

65 1.63388

66 1.78542

67 1.83247

68 1.9151

69 2.0259

70 2.21285

71 2.30696

72 2.04085

73 1.65605

74 1.73655

75 1.71573

76 1.69779

77 1.63245

78 1.38788

79 1.24957

80 1.31115

81 1.3602

82 1.23426

83 1.22259

84 1.13454

85 1.12428

