6 -0.0139839

7 0.0797339

8 -0.0336799

9 -0.112024

10 -0.158194

11 -0.217872

12 -0.234434

13 -0.154384

14 -0.173776

15 -0.0441171

16 -0.0170917

17 0.201839

18 0.262216

19 0.328194

20 0.306458

21 0.263792

22 0.302265

23 0.0768261

24 0.136703

25 -0.0604572

26 0.10483

27 0.387814

28 0.593338

29 0.778434

30 0.536773

31 0.524069

32 0.463245

33 0.466588

34 0.374769

35 0.507053

36 0.724945

37 0.982838

38 1.82283

39 1.96447

40 2.04635

41 2.06207

42 1.8821

43 1.81432

44 1.92417

45 1.80905

46 2.02303

47 2.10102

48 2.32342

49 2.4508

50 2.69704

51 2.84949

52 2.85717

53 2.773

54 2.80455

55 2.78707

56 2.76119

57 2.77388

58 2.76602

59 2.759

60 2.89081

61 3.03139

62 3.16554

63 3.09719

64 2.73729

65 2.26887

66 2.10741

67 2.02304

68 1.89793

69 1.79451

70 1.95038

71 1.7692

72 2.07385

73 2.45322

74 2.64631

75 2.79948

76 2.828

77 2.71252

78 2.52661

79 2.47652

80 2.44797

81 2.44654

82 2.18712

83 2.03451

84 1.80306

