6 -0.0399466

7 -0.0874573

8 -0.0935124

9 -0.115139

10 -0.14958

11 -0.146118

12 -0.167786

13 -0.150866

14 -0.14839

15 -0.148749

16 -0.209997

17 -0.303099

18 -0.279031

19 -0.219392

20 -0.177329

21 -0.187548

22 -0.185036

23 -0.183868

24 -0.0966939

25 -0.0395257

26 -0.0656281

27 -0.0715566

28 -0.0602718

29 0.00111445

30 0.0744491

31 -0.0185981

32 0.081452

33 0.0907901

34 -0.178724

35 -0.299122

36 -0.476157

37 -0.507325

38 -0.438971

39 -0.411034

40 -0.445996

41 -0.489471

42 -0.432593

43 -0.264138

44 -0.174165

45 -0.126271

46 -0.232747

47 -0.236805

48 -0.108972

49 -0.0413677

50 0.0236874

51 -0.197791

52 -1.28262

53 -1.34949

54 -1.32408

55 -1.28082

56 -1.30687

57 -1.22769

58 -1.03866

59 -0.930322

60 -0.897735

61 -0.84715

62 -1.02787

63 -1.12334

64 -1.13172

65 -1.00963

66 -1.134

67 -1.10531

