6 -0.134147

7 -0.175415

8 -0.0365682

9 -0.000304354

10 -0.00851255

11 0.0127313

12 -0.0317672

13 0.0113639

14 0.00696816

15 0.0258975

16 0.0326741

17 0.0205053

18 -0.0256913

19 0.0672167

20 -0.131511

21 -0.149423

22 -0.486063

23 -0.773838

24 -0.909245

25 -0.8742

26 -0.924149

27 -0.822134

28 -0.829066

29 -0.970215

30 -1.04367

31 -1.02477

32 -1.25415

33 -1.25815

34 -1.30793

35 -1.24604

36 -1.13933

37 -1.06577

38 -1.12868

39 -1.01268

40 -1.15914

41 -1.55413

42 -1.60431

43 -1.68761

44 -1.74481

45 -1.70821

46 -1.56276

47 -1.65933

48 -1.67324

49 -1.50202

50 -2.78617

51 -2.72343

52 -2.65671

53 -2.64641

54 -2.54444

55 -2.72471

56 -2.73377

57 -2.6417

58 -2.51956

59 -2.56642

60 -2.50829

61 -2.54203

62 -2.39627

63 -2.37032

64 -2.39186

65 -2.47399

66 -2.48924

67 -2.51764

68 -2.50268

69 -2.50413

70 -2.61548

71 -0.878742

72 -0.91037

