6 -0.0950804

7 -0.211324

8 -0.151879

9 -0.261638

10 -0.102669

11 -0.0488874

12 0.0157934

13 0.128271

14 0.277681

15 0.303729

16 0.301124

17 0.300864

18 0.343207

19 0.433549

20 0.341787

21 0.343453

22 0.160584

23 0.180064

24 0.104031

25 -0.0292844

26 -0.342352

27 -0.364376

28 -0.303824

29 -0.665687

30 -0.771069

31 -0.848117

32 -0.878945

33 -0.792872

34 -1.24521

35 -1.31765

36 -1.31006

37 -1.40714

38 -1.70106

39 -1.80873

40 -1.86376

41 -1.95749

42 -1.73889

43 -1.99781

44 -1.98642

45 -2.34152

46 -2.34314

47 -2.30952

48 -2.5461

