6 -0.0548159

7 -0.044398

8 0.0585953

9 0.113665

10 0.154284

11 0.167519

12 0.201727

13 0.173568

14 0.144768

15 0.147546

16 0.173328

17 0.280851

18 0.337364

19 0.26876

20 0.522004

21 0.549991

22 0.512109

23 0.477822

24 0.586863

25 0.642192

26 0.67616

27 0.649188

28 0.599549

29 0.670835

30 0.719408

31 0.73596

32 0.693753

33 0.717953

34 0.720136

35 0.80899

36 0.740317

37 0.995019

38 1.04841

39 1.07109

40 0.937664

41 1.17136

42 1.26801

43 1.31548

44 1.27986

45 0.884161

46 0.999949

47 1.02796

48 1.0381

49 0.931891

50 0.630237

51 0.71234

52 0.62454

53 0.560217

54 0.488255

55 0.463803

56 0.31166

57 0.113946

58 0.246362

59 0.32355

60 0.337895

61 0.243162

62 -0.342306

63 -0.45314

