6 -0.0600523

7 0.0146804

8 0.115782

9 0.196242

10 0.194269

11 0.18756

12 0.11196

13 0.0254602

14 0.00572918

15 0.0702487

16 0.0126435

17 0.0782323

18 -0.0789529

19 -0.0139582

20 -0.38113

21 -0.387122

22 -0.435112

23 -0.349699

24 -0.268647

25 -0.886801

26 -0.840743

27 -0.868487

28 -0.812426

29 -0.765312

30 -0.741344

31 -0.745547

32 -0.713475

33 -0.710508

34 -0.820854

35 -0.867134

36 -0.892142

37 -0.869462

38 -0.870973

39 -0.880892

40 -1.12276

41 -1.02729

42 -1.01652

43 -0.925639

44 -0.888876

45 -0.872407

46 -0.77948

47 -0.722897

48 -0.757125

49 -0.787074

50 -0.754254

51 -0.780593

52 -0.904488

53 -1.06369

54 -1.27168

55 -1.19674

56 -1.11593

57 -1.07282

58 -0.118639

59 0.0960489

60 0.107154

61 0.164546

62 -0.0962825

63 -0.157793

64 -1.64921

