6 0.0422201

7 0.0174626

8 -0.0397933

9 -0.0651222

10 -0.0229567

11 0.076508

12 0.0774052

13 0.121773

14 0.173582

15 0.126399

16 0.150426

17 0.00123546

18 -0.0708128

19 -0.135702

20 -0.361565

21 -0.371098

22 -0.449973

23 -0.32597

24 -0.472268

25 -0.665734

26 -0.821953

27 -0.863408

28 -0.877405

29 -0.953231

30 -0.916896

31 -0.851187

32 -0.745908

33 -0.476083

34 -0.34517

35 -0.301882

36 -0.263648

37 -0.206945

38 -0.301994

39 -0.319557

40 -0.300258

41 -0.341814

42 -0.452731

43 -0.468491

44 -0.45591

45 -0.4092

46 -0.279825

47 -0.414434

48 -0.471088

49 -0.437592

50 -0.386513

51 -0.414798

52 -0.416853

53 -0.421021

54 -0.395621

55 -0.304139

56 -0.292922

57 -0.307252

58 -0.220586

59 -0.324453

60 -0.306235

61 0.00320154

62 0.0262326

63 0.368346

64 0.412869

65 0.425607

66 0.441371

67 0.392943

68 0.40033

69 0.470609

70 0.580993

71 0.708163

72 0.700222

73 0.536444

74 0.50958

75 0.363094

76 0.39482

77 0.403164

78 0.293831

79 0.28651

80 0.452196

81 0.411623

82 0.315327

83 0.248481

84 0.0881309

85 0.0738518

86 -0.000596418

87 -0.138321

88 -0.212116

89 -0.343938

90 0.974729

91 1.0684

92 1.1357

93 1.18796

94 1.1165

95 1.12149

96 0.928038

97 0.817673

98 0.661988

99 0.683399

100 0.636904

101 0.481757

102 0.531789

103 0.515833

104 0.535593

105 0.568373

106 0.629607

107 0.621425

108 0.667942

109 0.675873

110 0.603624

111 0.611478

112 0.614798

113 0.513027

