6 -0.053564

7 -0.0120361

8 -0.00260921

9 -0.043664

10 -0.0584203

11 -0.0619577

12 -0.0765354

13 -0.132919

14 0.0520042

15 0.0216307

16 0.0411354

17 0.0213728

18 0.0625432

19 -0.00608656

20 -0.0372942

21 -0.0219102

22 0.0289197

23 -0.0407736

24 -0.030215

25 -0.058265

26 -0.105411

27 -0.094537

28 0.0303599

29 -0.156185

30 -0.106002

31 -0.264794

32 -0.0914991

33 -0.0407043

34 0.0228519

35 -0.0867611

36 -0.016577

37 -0.973749

38 -1.01363

39 -1.061

40 -0.979651

41 -0.764257

42 -0.941549

43 -0.935171

44 -0.907797

45 -0.907872

46 -1.06085

47 -1.61232

48 -1.66664

49 -1.68492

50 -1.66318

51 -1.72155

52 -1.63541

53 -1.33777

54 -1.11366

55 -0.979721

56 -0.942506

57 -0.844712

58 -0.659941

59 -0.870915

60 -0.663303

61 -0.492877

62 -0.552809

