6 0.0195955

7 -0.0192866

8 -0.0446758

9 -0.117806

10 -0.209123

11 -0.27978

12 -0.302584

13 -0.364972

14 -0.375959

15 -0.353165

16 -0.270608

17 -0.283088

18 -0.237801

19 -0.229319

20 -0.182833

21 -0.319896

22 -0.36894

23 -0.371004

24 -0.23784

25 -0.167564

26 -0.128107

27 -0.122694

28 -0.0735447

29 0.0667034

30 0.0823627

31 0.0498997

32 -0.048886

33 0.109812

34 0.164061

35 0.0914608

36 0.28859

37 0.264829

38 0.443744

39 0.457168

40 0.447594

41 0.446743

42 0.481155

43 0.435557

44 0.31343

45 0.415898

46 0.576817

47 0.63103

48 0.63585

49 0.918751

50 0.969696

51 0.933937

52 1.17239

53 1.14018

54 1.07503

55 0.977635

56 1.2337

57 1.31839

58 1.19828

59 1.48775

60 1.39549

61 1.63654

62 1.63173

63 1.53297

64 1.54916

65 1.64927

66 1.59785

67 1.37339

68 1.50909

69 1.7362

70 1.76476

71 1.73634

72 2.08414

73 2.13595

74 2.04345

75 2.34581

76 2.30859

77 2.22923

78 2.14588

79 2.44873

80 2.55395

81 2.42321

82 2.7277

83 2.6526

84 2.9302

85 2.8945

86 2.76059

87 2.78151

88 2.90414

89 2.8374

90 2.5587

91 2.6992

92 2.96486

93 2.97889

94 2.91811

95 3.28939

96 3.33113

97 3.26593

98 3.57359

99 3.53581

100 3.48816

101 3.42211

102 3.72287

103 3.82563

104 3.6864

105 4.04279

106 3.97932

107 4.19644

108 4.23828

109 4.34304

110 4.39963

111 4.49616

112 4.53559

113 4.44412

114 4.65089

115 4.39841

116 4.49147

117 4.86334

118 5.05644

119 5.22325

120 5.19677

121 5.09363

122 4.86026

123 4.54706

124 4.26755

125 4.20451

126 3.84769

127 4.19128

128 4.30003

129 4.50707

130 4.62721

131 4.51671

132 4.30677

133 4.06575

134 3.52003

135 3.93435

136 3.95236

137 4.13265

138 4.10783

139 4.17809

140 4.17016

141 4.26526

142 4.50852

143 4.6287

144 4.50945

