5 -0.103436

6 -0.0555665

7 0.04663

8 0.133381

9 0.221749

10 0.239663

11 0.256954

12 0.261096

13 0.361961

14 0.317506

15 0.294554

16 0.310696

17 0.305149

18 -0.435389

19 -0.382377

20 -0.496481

21 -0.740824

22 -0.857877

23 -1.26638

24 -1.29344

25 -1.6717

26 -1.11322

27 -1.06925

28 -1.56744

29 -1.69339

30 -1.89022

31 -1.85648

32 -1.87984

33 -1.88978

34 -1.74786

35 -1.58067

36 -1.55663

37 -2.70114

38 -2.65807

39 -1.83715

40 -1.86012

41 -3.14998

42 -2.97819

43 -2.84797

44 -2.85203

