6 -0.000436259

7 -0.0380291

8 0.0730391

9 0.175727

10 0.327484

11 0.343777

12 0.371488

13 0.356049

14 0.432508

15 0.369549

16 -0.929143

17 -0.909622

18 -0.870817

19 -0.834403

20 -0.799876

21 0.874362

22 0.771254

23 0.764092

24 0.756276

25 0.717067

26 0.616707

27 0.530828

28 0.565526

29 0.565228

30 0.534473

31 0.46967

32 0.426279

33 0.397023

34 0.449707

35 0.389147

36 0.366422

37 0.384543

38 0.341418

39 -0.353055

40 -0.443411

41 -0.470641

42 -0.39157

43 -0.239267

44 -0.303261

45 -0.16375

