6 0.285743

7 0.299595

8 0.294423

9 0.297418

10 0.269817

11 0.24268

12 0.151865

13 0.177746

14 0.112015

15 0.131781

16 0.164417

17 0.222767

18 0.268035

19 0.258157

20 0.461401

21 0.50988

22 0.515821

23 0.535027

24 0.416924

25 0.384393

26 0.501682

27 0.388637

28 0.552344

29 0.496741

30 0.799363

31 0.88282

32 1.00332

33 1.02018

34 1.08153

35 1.20239

36 1.23132

37 1.03291

38 0.981226

39 0.828831

40 0.928643

41 1.04887

42 1.08572

43 1.88247

44 2.1146

45 2.09089

46 2.06466

47 2.2207

48 2.43192

49 2.40218

50 2.44257

51 2.29158

52 2.40618

53 2.45682

54 2.60827

55 2.63068

56 2.76854

57 3.07844

58 3.43874

59 3.62695

60 3.69754

61 3.70243

62 3.60941

63 3.69186

64 3.72193

65 3.73695

66 3.71031

67 3.76919

68 3.52507

69 3.4123

70 3.10681

71 3.08925

72 2.61895

73 2.55305

74 2.31503

75 2.59147

76 2.74433

77 2.76469

78 2.80662

79 2.82282

80 2.7485

81 2.87278

82 2.939

83 3.08338

84 3.96782

85 4.05677

86 4.23734

87 4.28455

88 4.16755

89 4.14581

90 4.36876

91 4.34554

92 4.24042

93 4.35178

94 4.57402

95 5.01327

96 5.19992

97 5.05296

98 5.1075

99 5.3158

100 5.17749

