6 -0.052331

7 -0.033442

8 -0.0330935

9 -0.0358134

10 0.000467262

11 -0.309497

12 -0.302226

13 -0.13409

14 -0.162119

15 -0.0272342

16 0.197413

17 0.238964

18 0.252278

19 0.301229

20 0.425518

21 0.190361

22 -0.637738

23 -0.734221

24 -0.705355

25 -0.755705

26 -0.95499

27 -0.869618

28 -0.287626

29 -0.0963233

30 -0.0137491

31 0.0130132

32 0.0558927

33 0.174794

34 0.153337

35 0.250865

36 0.231995

37 0.288549

38 0.545605

39 0.52074

40 0.478425

41 0.250268

42 0.230884

43 0.347518

44 0.30591

45 0.444269

46 0.446262

47 0.522367

48 0.7246

49 0.760733

50 0.765675

51 0.99444

52 0.905812

53 -0.165524

54 -0.21067

55 -0.272048

56 -0.412597

57 -0.251124

58 -0.548781

59 -0.292978

60 -0.0403904

