5 -0.0374918

6 0.0968079

7 -0.145144

8 -0.167888

9 -0.476434

10 -0.370871

11 -0.351801

12 -0.415039

13 -0.54997

14 -0.563082

15 -0.578341

16 -0.409324

17 -0.291936

18 -0.230217

19 -0.0569635

20 -0.159428

21 -0.895564

22 -1.09276

23 -1.0211

24 -0.746705

25 -1.06815

26 -1.15239

27 -1.39583

28 -1.369

29 -1.28856

30 -1.22918

31 -1.20883

32 -1.25424

33 -1.21541

34 -1.25565

35 -1.25512

36 -1.14954

37 -1.03372

38 -1.08797

39 -1.03434

40 -0.590064

41 -0.654937

42 -3.13126

43 -2.68547

44 -1.42755

45 -1.79036

46 -3.13431

47 -3.31617

48 -3.25228

