6 0.0259538

7 -0.0196611

8 -0.0338498

9 -0.0554148

10 -0.0806703

11 0.0852961

12 0.113573

13 0.117655

14 0.129291

15 0.0639727

16 0.0512109

17 0.171602

18 -0.0271924

19 -0.049768

20 -0.255427

21 -0.234188

22 -0.268545

23 -0.333866

24 -0.361121

25 -0.345038

26 -0.2558

27 -0.256384

28 -0.0394415

29 0.130742

30 -0.0100532

31 0.0650282

32 -0.285158

33 -0.345253

34 -0.355279

35 -0.347518

36 -0.473198

37 -0.423673

38 -0.52002

39 -0.586648

40 -0.450153

41 -0.308753

42 -0.253078

43 -0.44467

44 -0.533829

45 -0.629318

46 -0.607974

47 -0.560091

48 -0.558529

49 -0.555015

50 -0.550336

51 -0.520663

52 -0.5405

53 -0.433966

54 -0.198084

55 -0.114442

56 -0.150076

57 -0.237701

58 -0.445396

59 -0.616942

60 -0.728877

61 -0.784381

62 -0.793602

63 -0.796666

64 -0.620497

65 -0.548938

66 -0.601336

67 -0.626778

68 -0.619334

69 -0.633612

70 -0.529856

71 -0.628236

72 -0.573233

73 -0.583063

74 -0.448889

75 -0.403196

76 -0.447579

77 -0.626769

78 -0.629288

79 -0.633479

80 -0.490642

81 -0.473078

82 -0.46094

83 -0.539422

84 -0.389531

85 -0.229917

86 -0.151558

87 -0.580345

88 -0.679188

89 -0.591669

90 -0.702153

91 -0.737873

92 -0.745293

93 -0.696023

94 -0.71099

95 -0.804066

96 -0.828425

97 -0.646153

98 -0.577119

99 -0.602468

100 -0.505172

101 -0.782333

102 -0.819081

