6 -0.0596779

7 -0.0781014

8 -0.0722653

9 -0.0753993

10 -0.119008

11 -0.104062

12 -0.0624619

13 -0.0872041

14 -0.132681

15 -0.107571

16 -0.108149

17 -0.101246

18 -0.0534722

19 0.067306

20 0.134825

21 0.09475

22 0.0640692

23 0.0666333

24 0.0745808

25 0.0872332

26 0.11387

27 0.109901

28 0.0791913

29 0.156631

30 -0.0670368

31 -0.0989158

32 -0.357255

33 -0.460812

34 -0.319612

35 -0.268379

36 -0.223615

37 -0.221685

38 -0.22675

39 -0.178861

40 -0.428377

41 -0.464393

42 -0.483742

43 -0.519531

44 -0.432179

45 -0.304361

46 -0.0996076

47 -0.089247

48 -0.0281549

49 0.00693046

50 -0.0301018

51 -0.197402

52 -0.0647541

53 0.560661

54 0.665551

55 0.631834

56 0.617145

57 0.531454

58 0.498194

59 0.349566

60 0.336276

61 0.276746

62 0.189364

63 0.214428

64 0.0885453

65 0.11371

66 0.0971334

67 0.536498

68 0.777457

69 0.981549

70 0.957729

71 1.04916

72 1.2285

73 1.07973

74 1.26359

75 1.48617

76 1.69889

77 1.69057

78 1.80072

79 1.94257

80 2.11962

81 2.24038

82 1.97438

83 1.66511

84 1.79425

85 1.78688

86 1.80412

87 1.75431

88 1.47845

89 1.34035

90 1.30007

91 1.30169

92 1.20557

93 1.18095

94 1.2939

95 1.18087

96 1.1251

97 1.13845

98 1.2304

99 1.13654

100 1.21204

