6 -0.119847

7 -0.129105

8 -0.134973

9 -0.0979614

10 -0.160454

11 -0.392919

12 -0.435446

13 -1.00122

14 -0.97393

15 -1.01926

16 -1.05999

17 -0.980371

18 -1.1585

19 -1.14577

20 -1.3701

21 -1.42232

22 -1.48399

23 -1.42781

24 -1.27955

25 -1.17367

26 -1.15956

27 -1.17405

28 -1.32484

29 -1.70033

30 -1.91557

31 -2.04717

32 -2.19228

33 -2.29838

34 -2.45055

35 -2.44287

36 -2.47203

37 -2.5142

38 -2.50129

39 -2.47254

40 -2.50082

41 -2.36506

42 -2.60796

43 -3.33382

44 -3.31177

45 -3.34504

46 -3.37558

47 -3.30877

48 -3.47428

49 -3.44021

50 -3.89205

51 -4.04063

52 -4.21273

53 -4.31965

54 -4.49164

55 -4.71855

56 -4.7542

57 -4.62519

58 -4.76991

59 -4.89159

60 -4.9695

