6 -0.0068883

7 -0.0250444

8 -0.00766504

9 0.0473608

10 0.164902

11 0.100401

12 0.0589173

13 0.201206

14 0.216638

15 0.189933

16 0.166021

17 0.182944

18 0.25108

19 0.253782

20 0.219768

21 0.0973666

22 -0.306343

23 -0.383471

24 -0.280233

25 -0.223848

26 -0.242554

27 -0.181571

28 -0.254762

29 -0.250208

30 -0.24688

31 -0.255029

32 -0.247287

33 -0.265065

34 -0.261542

35 -0.24572

36 -0.223655

37 -0.213137

38 -0.224793

39 -0.257568

40 -0.270274

41 -0.195724

42 -0.243538

43 -0.0936561

44 -0.0331248

45 -0.0245906

46 -0.165765

47 -0.170331

48 -0.137566

49 -0.218485

50 -0.370572

51 -0.276553

52 -0.412668

53 -0.311982

54 -0.346332

55 -0.268572

56 -0.566092

57 -0.599942

58 -0.528061

59 -0.481844

60 -0.504907

61 -0.492926

62 -0.497784

63 -0.439435

64 -0.448454

65 -0.630197

66 -1.09369

67 -1.18347

68 -1.18101

69 -1.25555

70 -1.25846

71 -1.47342

72 -1.42791

73 -1.47101

74 -1.26795

75 -1.19424

76 -1.18783

77 -1.08186

78 -0.954161

79 -0.929755

80 -0.904758

81 -0.91798

82 -0.90475

83 -0.920937

84 -1.09252

85 -1.06401

86 -0.974312

87 -0.957676

88 -0.892839

89 -1.03596

90 -0.827812

91 -0.493364

92 -0.45728

93 -0.501665

94 -0.423305

95 -0.34834

96 -0.382088

97 -0.43527

98 -0.420233

99 -0.885874

100 -0.816748

101 -0.936709

102 -0.699714

103 -0.627236

104 -0.650882

105 -0.491402

106 -0.451687

107 -0.570074

108 -0.425478

109 -0.226111

110 -0.277306

111 -0.173399

112 -0.313111

113 -0.473334

114 -0.53474

115 -2.72625

116 -2.75712

117 -2.70488

118 -2.68549

119 -2.63483

120 -2.52847

121 -1.0575

122 -1.00545

123 -0.930897

124 -0.914104

125 -0.833333

126 -1.11584

127 -2.63798

128 -2.85704

129 -2.91253

130 -2.85037

131 -2.45136

132 -2.57063

133 -2.38357

