6 -0.0427449

7 -0.0485166

8 -0.0589765

9 -0.0616941

10 -0.0471395

11 -0.0399825

12 -0.0766084

13 -0.0734676

14 0.00566175

15 0.0312836

16 0.155982

17 0.324756

18 0.421518

19 0.442537

20 0.493065

21 0.90295

22 1.00372

23 0.892577

24 1.1448

25 1.46024

26 1.5428

27 1.50534

28 1.5361

29 1.50892

30 1.48194

31 1.43991

32 1.51307

33 1.34752

34 1.41324

35 1.6555

36 1.74052

37 1.73622

38 1.62679

39 1.69597

40 1.70847

41 1.71185

42 1.55326

43 1.4735

44 1.47069

45 1.54528

46 1.62716

47 1.82192

48 1.79819

49 1.72118

50 1.76764

51 1.79829

52 1.89185

53 1.77208

54 1.65911

55 1.73743

56 1.67334

57 1.60128

58 1.95039

59 2.02522

60 2.12272

61 2.23463

62 2.25699

63 2.18874

64 2.44672

65 2.80684

66 3.02247

67 3.14348

68 3.15836

69 3.23342

70 3.0705

71 3.02865

72 2.7647

73 2.59652

74 2.66203

75 2.70533

76 2.84592

77 2.6929

78 2.68163

79 2.87355

80 2.94157

81 3.17488

82 3.38948

83 4.11665

84 3.92854

85 3.84891

86 3.41145

87 3.31409

88 3.46348

89 3.34574

90 3.68557

91 4.46585

92 4.46762

93 4.43719

94 4.34988

95 4.33493

96 4.00327

97 3.94157

98 3.85969

99 4.22868

100 4.57743

101 4.7122

102 4.81598

103 4.53011

