6 0.00154117

7 0.00552947

8 0.0350015

9 0.211869

10 0.364669

11 0.519983

12 0.538703

13 0.53572

14 0.509796

15 0.514285

16 0.439258

17 0.443615

18 0.405493

19 0.36806

20 0.366769

21 0.423002

22 0.37532

23 0.301538

24 0.316311

25 -0.19965

26 -0.22901

27 -0.242074

28 -0.292896

29 -0.218437

30 -0.126219

31 0.220651

32 0.242939

33 0.2708

34 0.412043

35 0.50076

36 0.567079

37 0.525987

38 0.576142

39 1.05616

40 1.15168

41 1.08902

42 1.09716

43 1.08419

44 1.0813

45 0.934134

46 0.877584

47 0.968235

48 0.449634

49 0.44426

50 0.543683

51 0.463048

52 0.520616

53 0.505245

54 0.625213

55 0.581978

56 0.609982

57 0.419099

58 0.453062

59 0.429906

60 0.389922

61 0.561788

62 0.741069

63 0.699317

64 0.814746

65 0.75518

66 0.780193

67 1.04516

68 1.16781

69 1.2773

70 1.30712

71 1.40458

72 1.53109

73 1.73091

74 1.86554

75 1.66134

76 1.85122

77 1.81142

78 1.64026

79 1.60086

80 1.49891

81 1.17966

82 0.984833

83 1.03833

84 0.966243

85 1.02159

86 1.07534

87 1.06497

88 1.06358

