5 -0.366785

6 -0.163387

7 -0.158879

8 -0.0972034

9 0.14083

10 0.206347

11 0.268227

12 0.335017

13 0.418803

14 0.514012

15 0.545206

16 0.45661

17 0.434093

18 0.451151

19 0.325113

20 0.299329

21 0.662366

22 0.727274

23 0.514562

24 0.256412

25 0.675767

26 1.17375

27 1.55733

28 1.41734

29 1.50564

30 1.62066

31 1.7591

32 1.5442

33 1.90058

34 1.95671

35 1.7535

36 1.69838

37 1.16719

38 1.32549

39 1.54581

40 1.95888

41 2.02371

42 1.42411

43 1.32633

44 0.993209

45 1.05634

46 1.10211

47 1.11665

48 1.30679

49 1.14986

