6 -0.018872

7 -0.0275927

8 -0.0933771

9 -0.154245

10 -0.0597544

11 -0.0186274

12 0.049823

13 0.0515288

14 0.0415648

15 -0.00378365

16 0.175564

17 0.418584

18 0.433064

19 0.40518

20 0.38141

21 0.345704

22 0.3856

23 0.208766

24 0.20244

25 -1.40118

26 -1.50398

27 -1.55943

28 -1.60791

29 -1.54883

30 -1.27039

31 -0.909492

32 -0.722918

33 -0.66572

34 -0.773991

35 -0.655005

36 -0.558679

37 -0.594967

38 -0.646863

39 -0.715543

40 -0.725902

41 -0.808618

42 -0.780259

43 -0.629677

44 -0.243618

45 -0.176677

46 -0.308176

47 -0.127754

48 0.13346

49 0.245198

50 0.604681

51 0.548592

52 0.0553215

53 0.155917

54 -0.0659805

55 0.211777

56 0.251254

57 0.896274

58 0.927052

59 0.915662

60 0.90901

61 0.925987

62 1.0357

63 0.958104

64 1.00631

65 1.0448

66 1.04268

67 0.673465

68 0.736668

69 0.660048

70 0.892967

71 0.795906

72 1.08582

73 1.30853

74 1.34582

75 1.4495

76 1.42767

77 1.53704

78 1.33843

79 1.3798

80 1.2176

81 1.08882

82 0.973598

83 0.927926

84 0.892392

85 0.853102

86 0.886235

87 0.868909

88 0.9142

89 0.943765

90 0.915052

91 0.927216

92 0.906714

93 0.770164

94 0.743584

95 0.790759

96 0.847118

97 0.79169

98 0.75552

99 0.896984

100 0.934636

101 0.0350526

102 -0.0039303

103 -0.0782364

104 -0.0516809

105 0.0711489

106 0.244957

107 0.268968

108 0.361464

109 0.40222

110 0.466252

111 0.489439

112 0.411571

113 0.186494

114 0.228355

115 0.0611531

116 -0.0497048

