6 0.0234197

7 0.0275203

8 0.0332136

9 -0.000511973

10 -0.0315403

11 0.0225346

12 0.140971

13 0.0989969

14 0.223975

15 0.102426

16 0.285605

17 0.426877

18 0.385407

19 0.210356

20 0.169178

21 -0.124141

22 -0.142184

23 -0.175594

24 -0.315444

25 -0.229833

26 -0.399443

27 -0.377734

28 -0.582332

29 -0.745229

30 -0.945732

31 -0.940065

32 -0.873218

33 -0.860364

34 -0.820035

35 -0.755314

36 -0.767535

37 -0.93721

38 -0.837337

39 -0.913346

40 -0.974361

41 -1.01636

42 -0.982474

43 -1.08172

44 -1.01794

45 -1.11798

46 -1.37

47 -1.47837

48 -1.34032

49 -1.28129

50 -1.22515

51 -1.12763

52 -1.09732

53 -1.04039

54 -1.03165

55 -1.02393

56 -1.03695

57 -0.956622

58 -0.839136

59 -0.813631

60 -1.11987

61 -1.07947

62 -1.02738

63 -1.13046

64 -1.2937

65 -1.44277

