6 0.208585

7 0.173174

8 0.182621

9 0.262007

10 0.262497

11 0.258409

12 0.155399

13 -0.428753

14 -0.588412

15 -0.536304

16 -0.473965

17 -0.360964

18 -0.489477

19 -0.505944

20 -0.481632

21 -0.37722

22 -0.373731

23 -0.388586

24 -0.437222

25 -0.431108

26 -0.396625

27 -0.424024

28 -0.761638

29 -0.541249

30 -0.798482

31 -0.801848

32 -0.84346

33 -0.761188

34 -0.495709

35 -0.361811

36 -0.323289

37 -0.23197

38 -0.235144

39 -0.308645

40 -0.28352

41 -0.171955

42 -0.209139

43 -0.294638

44 -0.270913

45 -0.0663855

46 -0.0192966

47 0.0061183

48 -0.0368047

49 -0.0516902

50 0.108554

51 0.0367983

52 -0.067995

53 -0.0902226

54 -0.0905041

55 0.00993049

56 -0.0927377

57 0.0357644

58 -0.194941

59 -0.229993

60 -0.19445

61 -0.31095

62 -0.787494

63 -0.79257

64 -0.638779

65 -0.692829

66 -0.713593

67 -0.785858

68 -0.738192

69 -0.670462

70 -0.580908

71 -0.675358

72 -0.7877

73 -0.726442

74 -0.800914

75 -0.856885

76 -0.880585

77 -0.936277

78 -1.22133

79 -1.27153

80 -1.22503

81 -1.23529

82 -2

83 -2.15738

84 -2.17127

85 -2.1036

86 -2.17198

87 -2.03866

88 -0.447989

89 -0.602235

90 -0.579985

91 -0.547998

92 -0.560058

93 -0.75169

94 -0.626412

95 -0.553907

96 -0.478492

97 -0.431691

98 -0.394722

99 -0.372506

100 -0.422973

101 -0.490408

102 -0.469086

103 -0.478251

104 -0.749668

105 -1.0638

106 -1.03001

107 -1.418

108 -1.47977

109 -1.60786

110 -1.67538

111 -1.69036

112 -1.67774

113 -1.72021

114 -1.74863

115 -1.7565

116 -1.63073

117 -1.56634

118 -1.3672

