6 -0.0632595

7 -0.0529535

8 -0.0932736

9 0.173006

10 0.307361

11 0.349991

12 0.176876

13 0.196097

14 0.126397

15 0.156179

16 0.135973

17 0.330473

18 0.641918

19 0.875635

20 0.882536

21 0.885312

22 0.740457

23 0.793176

24 0.714025

25 0.757416

26 0.775904

27 0.786958

28 0.77107

29 0.766637

30 0.710578

31 0.811784

32 0.680912

33 0.653298

34 0.695409

35 0.400634

36 -0.314399

37 -0.288635

38 -0.28519

39 -0.244378

40 -0.299833

41 0.458716

42 0.462618

43 0.479097

44 0.520695

45 0.612546

46 0.696241

47 0.714827

48 0.737159

49 0.653651

50 0.6039

51 0.570814

52 0.522825

53 0.586797

54 0.790699

55 0.836141

56 0.869105

57 0.829297

58 0.901748

59 1.15977

60 1.25224

61 1.29344

62 1.33678

63 1.3209

64 1.33838

65 1.34519

66 1.38549

67 1.62565

68 1.56973

69 1.68637

70 1.69933

71 1.83437

72 1.7284

73 1.78464

74 1.83676

75 1.81464

76 1.90922

77 1.74253

78 1.61878

79 1.24033

80 1.23591

81 1.25873

82 1.24964

83 1.19173

84 1.19702

85 1.1421

86 1.11918

87 1.25295

88 1.3127

89 1.32608

90 1.22104

91 1.31856

92 1.40564

93 1.48998

94 1.08462

95 1.19235

96 1.19892

97 1.57522

98 1.99778

99 2.18948

100 2.65611

101 2.71761

102 2.88925

103 2.55467

104 2.50303

105 2.33137

106 2.48757

107 2.43989

108 2.43932

109 2.48513

110 2.53005

111 2.54814

112 2.61635

113 2.53315

114 2.60178

115 3.04104

116 2.77596

117 2.71163

118 2.63398

119 2.75911

120 2.81414

121 2.62973

122 2.71961

123 2.97642

124 2.99384

125 3.1579

126 3.19695

127 3.17869

128 2.97374

129 3.06497

130 4.562

131 4.57652

132 4.50281

133 4.35682

134 4.20858

135 4.30934

136 4.4426

137 4.48755

138 4.50254

139 4.38422

140 4.43525

141 4.46284

142 4.43546

143 4.14516

144 4.08644

145 4.11353

146 4.18704

147 4.15696

148 4.22617

149 4.27705

150 4.31291

151 4.23029

152 4.16852

153 4.21111

154 4.30296

155 4.34663

156 4.36472

157 4.372

158 4.45521

159 4.36461

160 5.12323

161 5.1118

