6 -0.00559765

7 0.0253562

8 0.0218299

9 0.0131311

10 0.0174862

11 -0.0816009

12 -0.0344114

13 -0.0521046

14 -0.0389775

15 0.0254606

16 0.0309009

17 -0.0403218

18 -0.0891421

19 -0.0228104

20 -0.0759174

21 -0.136736

22 -0.2231

23 -0.357043

24 -0.350548

25 -0.442037

26 -0.380197

27 -0.225651

28 -0.230576

29 -0.383032

30 -0.501782

31 -0.520062

32 -0.776986

33 -0.801243

34 -0.664374

35 -0.532098

36 -0.563862

37 -0.521219

38 -0.507474

39 -0.627439

40 -0.41828

41 -0.414379

42 -0.496286

43 -1.32376

44 -1.20221

45 -1.1862

46 -1.14813

47 -1.11265

48 -1.2017

49 -0.94771

50 -0.925957

51 -0.891262

52 -0.943842

53 -0.860906

54 -1.17938

55 -1.32648

56 -1.57835

57 -1.60614

58 -1.50637

59 -1.55021

60 -1.57615

61 -1.75349

62 -2.0969

63 -2.25162

64 -2.16616

65 -2.16554

66 -2.11796

67 -2.20767

68 -2.31222

69 -2.2828

70 -2.25547

71 -2.21465

72 -2.30314

73 -2.1787

74 -2.26786

75 -2.11149

76 -1.95101

77 -1.94626

78 -2.15688

79 -2.27491

80 -3.157

81 -3.08458

