5 -0.217841

6 -0.167651

7 -0.143124

8 -0.128505

9 -0.12742

10 -0.112507

11 -0.168336

12 -0.167139

13 -0.146032

14 -0.115626

15 -0.0869506

16 -0.0380111

17 -0.0689486

18 -0.0613627

19 -0.0307462

20 0.0228048

21 -0.642149

22 -0.789179

23 -0.92654

24 -0.78525

25 -0.374925

26 -0.468595

27 -0.26282

28 -0.285116

29 -0.380288

30 -0.690788

31 -0.360908

32 -0.338316

33 -0.557273

34 -0.304836

35 0.611726

36 0.562937

37 0.713217

38 0.680884

39 0.435936

40 0.215182

41 0.151326

42 0.129706

43 -0.33468

44 -1.04846

45 -1.0645

46 -1.36376

47 -0.94057

48 0.374364

49 0.512401

50 0.442688

51 0.470029

52 0.61816

53 0.637541

54 -0.251607

55 -0.440502

