6 0.00542572

7 0.0177349

8 0.0243712

9 0.0203506

10 -0.0511911

11 -0.168137

12 -0.0594358

13 -0.0635331

14 -0.0572583

15 -0.0583147

16 -0.0803053

17 0.00444285

18 0.0751502

19 0.103953

20 0.238584

21 0.32042

22 0.301075

23 0.356706

24 0.326251

25 0.150171

26 0.253384

27 0.236031

28 0.258059

29 0.25814

30 0.284498

31 0.237741

32 0.292772

33 0.852737

34 0.922035

35 0.862146

36 0.65262

37 0.472497

38 0.448051

39 0.308061

40 0.258845

41 0.238762

42 0.221305

43 0.22268

44 0.201317

45 0.0258217

46 0.115335

47 0.126049

48 0.137975

49 0.0224409

50 -0.0636191

51 -0.735088

52 -0.845193

53 -0.851694

54 -0.736898

55 -0.557934

56 -0.400376

