5 -0.0603099

6 -0.233

7 -0.287296

8 -0.331312

9 -0.276777

10 -0.444277

11 -0.673743

12 -0.983705

13 -1.06749

14 -1.08759

15 -1.09805

16 -1.29392

17 -1.30757

18 -0.472718

19 -0.412601

20 -0.366731

21 -0.325605

22 -0.322934

23 -1.11631

24 -0.737902

25 -0.500717

26 -0.264228

27 -1.09503

28 -0.873832

29 -1.07179

30 -1.17466

31 -1.05198

32 -1.18373

33 -1.39288

34 -1.43281

35 -2.00723

36 -1.82393

37 -1.56922

38 -1.65054

39 -2.52669

40 -2.44016

41 -2.3529

42 -2.37393

