6 -0.0234119

7 0.001817

8 0.177859

9 0.0224283

10 -0.566301

11 -0.56135

12 -0.625041

13 -0.572174

14 -0.498228

15 -0.405721

16 -0.256315

17 -0.363215

18 -0.371292

19 -0.419571

20 -0.437801

21 -0.474492

22 -0.455219

23 -0.528959

24 -0.526041

25 -0.582403

26 -0.646286

27 -0.652351

28 -0.601385

29 -0.41742

30 -0.408142

31 -0.490344

32 -1.33211

33 -1.29622

34 -1.38932

35 -1.3664

36 -1.4001

37 -1.39367

38 -1.35876

39 -1.42213

40 -1.39991

41 -1.39178

42 -1.42566

43 -1.37562

44 -1.31702

45 -1.28045

46 -1.23743

47 -1.2512

48 -1.17115

49 -1.23362

50 -1.22769

51 -1.26145

52 -1.2292

53 -0.520383

54 -0.478006

55 -0.525102

56 -0.515277

57 -0.504031

58 -0.488731

59 -0.48398

60 -0.322024

61 -0.294755

62 0.142444

63 0.0462485

64 0.0106254

65 -1.06151

66 -0.953826

67 -0.925048

68 -0.884016

69 -0.920827

70 -0.951766

71 -0.95591

72 -1.00226

73 -1.0011

74 -0.970556

75 -0.998347

76 -1.00637

77 -0.931955

78 -0.823804

79 -0.928075

80 -1.16619

81 -1.23461

82 -1.54442

83 -2.16624

84 -2.12237

85 -2.04827

86 -2.01066

87 -1.99326

88 -2.02452

89 -2.08958

90 -2.10064

91 -2.07079

92 -2.07789

93 -2.1871

94 -2.30525

