6 0.0463047

7 0.0603032

8 0.0462946

9 -0.40105

10 -0.462838

11 -0.473185

12 -0.468505

13 -0.450947

14 0.0196994

15 0.105676

16 0.14425

17 0.100282

18 0.0919402

19 0.153971

20 0.183001

21 0.189625

22 0.170067

23 0.154959

24 0.140246

25 0.181471

26 0.0737578

27 0.0400179

28 0.00581773

29 -0.00987925

30 -0.345469

31 -2.00817

32 -2.09689

33 -2.10704

34 -2.11539

35 -2.13742

36 -2.35929

37 -2.34015

38 -2.36941

39 -2.39469

40 -2.33121

41 -2.2587

42 -2.12632

43 -2.00738

44 -1.93593

45 -2.05684

46 -2.09536

47 -2.11914

48 -2.15246

49 -1.95266

50 -1.78114

51 -1.65325

52 -1.71604

53 -1.75035

54 -1.77931

55 -1.71272

56 -1.7362

57 -1.71567

58 -1.71672

59 -1.68617

60 -1.72145

61 -1.65742

62 -1.4322

63 -1.42757

64 -1.26595

65 -1.25019

66 -1.3235

67 -1.31221

68 -1.30735

69 -1.28841

70 -1.23937

71 -1.15917

72 -1.15025

73 -1.10238

74 -0.977431

75 -0.975196

76 -0.960319

77 -0.881486

78 -0.913544

79 -0.888966

80 -0.83407

81 -0.747227

82 -0.952561

83 -0.938114

84 -1.17131

85 -0.994487

86 -0.992459

87 -0.896258

88 -0.879074

89 -0.813872

90 -0.803129

91 -0.807518

92 -0.856298

93 -0.87716

