5 -0.0236961

6 -0.0411331

7 0.763653

8 0.696348

9 0.868494

10 0.929751

11 0.956614

12 1.05265

13 1.30747

14 1.50348

15 1.45076

16 1.81536

17 2.16336

18 2.01165

19 1.97449

20 1.88702

21 1.66325

22 1.6072

23 1.74974

24 1.91006

25 2.38542

26 2.34182

27 2.377

28 2.41598

29 2.41348

30 2.41309

31 2.27265

32 2.46852

33 2.7652

34 2.80462

35 2.83723

36 2.83068

37 2.62176

38 2.62538

39 1.4916

40 1.02284

41 0.950897

42 1.07031

43 0.985634

44 1.16606

45 1.41445

46 1.83984

47 2.09621

48 2.04114

49 1.67863

