6 0.33047

7 0.346063

8 0.32131

9 0.345522

10 0.442515

11 0.443207

12 0.432828

13 0.302656

14 -0.303899

15 -0.471082

16 -0.424227

17 -0.35782

18 -0.246058

19 -0.371003

20 -0.364241

21 -0.338419

22 -0.236841

23 -0.231189

24 -0.251052

25 -0.31062

26 -0.305754

27 -0.280184

28 -0.286353

29 -0.508936

30 -0.420601

31 -0.290985

32 -0.439773

33 -0.492204

34 -0.505529

35 -0.546133

36 -0.468384

37 -0.206927

38 -0.078719

39 -0.0187138

40 0.0422644

41 0.0443903

42 -0.0339196

43 -0.0313956

44 0.0951757

45 0.0466179

46 -0.0493077

47 -0.0156223

48 -0.09938

49 -0.0657916

50 -0.104961

51 -0.10256

52 0.0571319

53 -0.00468323

54 -0.140148

55 -0.162288

56 -0.162413

57 -0.0724008

58 -0.199771

59 -0.0843443

60 -0.301796

61 -0.347215

62 -0.309805

63 -0.396978

64 -0.89163

65 -0.900657

66 -0.764465

67 -0.816347

68 -0.832248

69 -0.913918

70 -0.865264

71 -0.800363

72 -0.664515

73 -0.473912

74 -0.4047

75 -0.335176

76 -0.390473

77 -0.316051

78 -0.372967

79 -0.418316

80 -0.441295

81 -0.498117

82 -0.775369

83 -0.824444

84 -0.765832

85 -0.807054

86 -1.5502

87 -1.70385

88 -1.6766

89 -1.58976

90 -1.57853

91 -1.49336

92 0.142275

93 -0.0441877

94 -0.043865

95 -0.003816

96 -0.043484

97 -0.0266204

98 0.0233963

99 0.0496193

100 0.0837925

101 0.1095

102 0.0699615

103 -0.0608006

104 0.00390605

105 0.0497143

106 -0.0934912

107 -0.253681

108 -0.46762

109 -0.425756

110 -0.8573

111 -0.971316

112 -0.970423

