6 -0.097206

7 -0.167723

8 -0.112826

9 -0.207498

10 -0.251658

11 -0.265067

12 -0.269244

13 -0.354815

14 -0.182211

15 -0.190954

16 -0.173284

17 -0.0251885

18 0.161211

19 0.181538

20 0.188814

21 0.377272

22 0.844055

23 0.882816

24 0.926149

25 0.855272

26 0.794634

27 0.828562

28 0.638339

29 0.524306

30 0.523117

31 0.570458

32 0.709258

33 0.67352

34 0.487765

35 0.68844

36 0.565296

37 1.12184

38 1.31568

39 1.53805

40 1.48358

41 1.32804

42 1.29546

43 1.12444

44 1.07603

45 1.01109

46 1.02723

47 1.01459

48 2.71405

49 2.76496

50 2.83423

51 2.84686

52 2.65997

53 2.57676

54 2.68712

55 2.56666

56 2.88285

57 3.01391

58 3.21038

59 3.3213

60 3.59879

61 3.60892

62 3.58278

63 3.53611

64 3.54432

65 3.50514

66 3.6342

67 3.82389

68 3.91703

69 3.89307

70 4.02794

71 4.15062

72 4.11686

73 3.86294

74 3.30836

75 3.11934

76 3.04883

77 2.79868

78 2.95496

79 2.73161

80 3.0136

81 3.35419

82 3.50231

83 3.65214

84 3.64067

85 3.53419

86 3.36398

87 3.35434

88 3.35095

89 3.40581

90 3.20464

91 3.12667

92 2.85224

93 2.95617

94 2.94468

95 3.06967

