6 -0.0545904

7 -0.0648219

8 -0.124116

9 -0.102517

10 -0.0337647

11 0.0528899

12 0.10007

13 0.0897435

14 0.191389

15 0.209907

16 0.382383

17 0.400178

18 0.536052

19 0.517142

20 0.603712

21 0.667406

22 0.699536

23 0.772495

24 0.768005

25 0.903374

26 1.01246

27 1.18664

28 1.18286

29 1.29571

30 1.24848

31 1.34367

32 1.3932

33 1.42144

34 1.50294

35 1.49712

36 1.65207

37 1.79802

38 1.95672

39 1.93948

40 2.04615

41 1.99112

42 2.09454

43 2.14229

44 2.16641

45 2.2453

46 2.25224

47 2.40141

48 2.55955

49 2.71942

50 2.70423

51 2.80661

52 2.75149

53 2.85141

54 2.89194

55 2.92166

56 2.99824

57 3.00353

58 3.16614

59 3.30075

60 3.47854

61 3.55584

62 3.63258

63 3.7393

64 3.70965

65 3.7513

66 3.74064

67 4.11658

68 4.1301

