6 -0.132785

7 -0.0512472

8 -0.121083

9 -0.0388079

10 -0.0318892

11 -0.0790587

12 0.0435425

13 0.206211

14 0.29819

15 0.321536

16 0.287442

17 0.341594

18 0.441568

19 0.539209

20 0.533569

21 0.556382

22 0.628099

23 0.782392

24 0.638662

25 0.557057

26 0.427793

27 0.392242

28 0.315967

29 0.356726

30 0.346732

31 0.31016

32 0.37049

33 0.329683

34 -0.244868

35 -0.293569

36 -0.349477

37 -0.482055

38 -0.676503

39 -0.692597

40 -0.484254

41 -0.447688

42 -0.488104

43 -1.56381

44 -1.58815

45 -1.60223

46 -1.68251

47 -1.67755

48 -1.49042

49 -1.68346

50 -1.6687

51 -1.98797

52 -1.99671

53 -1.97015

54 -2.01341

55 -2.02668

