6 0.0584956

7 0.159826

8 0.290198

9 0.287664

10 0.286652

11 0.283103

12 0.321113

13 0.306251

14 0.145323

15 0.164213

16 0.265516

17 0.263566

18 0.192241

19 0.223205

20 0.187717

21 0.141024

22 0.679185

23 0.726486

24 0.757707

25 0.779607

26 0.846751

27 0.979788

28 0.863186

29 0.763008

30 0.696269

31 0.171579

32 0.248179

33 0.213671

34 0.0522857

35 -0.20304

36 -0.199248

37 -0.180638

38 -0.310426

39 -0.896383

40 -1.20984

41 -1.19558

42 -1.19102

43 -1.24897

44 -1.38216

45 -1.29303

46 -1.12204

47 -1.06047

48 -1.12974

49 -1.21973

50 -1.69019

51 -1.74948

52 -1.72917

53 -1.64263

54 -1.54943

55 -1.59226

56 -1.55517

57 -1.4765

58 -1.39644

59 -1.42566

60 -1.46885

61 -1.46362

62 -1.40764

63 -1.33802

64 -1.2842

65 -1.28213

66 -1.46974

67 -1.58146

68 -1.67144

