6 -0.0565838

7 -0.0950641

8 -0.0812193

9 -0.0529233

10 -0.0696985

11 -0.0952939

12 -0.0891579

13 -0.0328072

14 0.0214838

15 0.0523715

16 0.0318327

17 0.0221455

18 0.0443366

19 -0.000593773

20 0.0427079

21 0.120752

22 0.144883

23 -0.0267427

24 -0.0736232

25 1.34037

26 1.27489

27 1.28793

28 1.3182

29 1.48189

30 1.27272

31 1.32236

32 1.92037

33 1.94937

34 1.9757

35 1.98365

36 2.06083

37 2.05147

38 1.82096

39 1.93642

40 1.81093

41 1.44336

42 1.61602

43 1.90518

44 1.4444

45 1.81877

46 1.4767

47 1.35291

48 1.26129

49 1.24507

50 1.29637

