6 0.0309482

7 0.0662973

8 0.161079

9 0.161817

10 0.157669

11 0.0361836

12 -0.586327

13 -0.74156

14 -0.736549

15 -0.69007

16 -0.865854

17 -0.85104

18 -0.86973

19 -0.848546

20 -0.776619

21 -0.851216

22 -0.881485

23 -0.963964

24 -1.09407

25 -1.11618

26 -1.0995

27 -1.12719

28 -1.2254

29 -1.26551

30 -1.37753

31 -1.4418

32 -1.44321

33 -1.38754

34 -1.4244

35 -1.35463

36 -1.04672

37 -0.89131

38 -0.887959

39 -0.840281

40 -0.847287

41 -0.913218

42 -0.885197

43 -0.760331

44 -0.786794

45 -0.87665

46 -0.827048

47 -0.916762

48 -0.871429

49 -0.910844

50 -0.910668

51 -0.772874

52 -0.760005

53 -0.910836

54 -0.937228

55 -0.931389

56 -0.837095

57 -0.957537

58 -0.835973

59 -1.08882

60 -1.13483

61 -1.13475

62 -1.22823

63 -1.60823

64 -1.60598

65 -1.46258

66 -1.51126

67 -1.51855

68 -1.60687

69 -1.56478

70 -1.50342

71 -1.36374

72 -1.16311

73 -1.09672

74 -1.04376

75 -1.10314

76 -1.02095

77 -1.07477

78 -1.13333

79 -1.1686

80 -1.23055

81 -1.48291

82 -1.52277

83 -1.46627

84 -1.55226

85 -2.25076

86 -2.40097

87 -2.40521

88 -2.35401

89 -2.40695

90 -2.28351

91 -0.582198

92 -0.759167

93 -0.770186

94 -0.726067

95 -0.7893

96 -0.86429

97 -0.860231

98 -0.758724

99 -0.7123

100 -0.659337

101 -0.618934

102 -0.661294

103 -0.747877

104 -0.786551

105 -0.991687

106 -1.03648

107 -1.43437

