6 -0.166015

7 -0.439583

8 -0.476488

9 -0.479429

10 -0.542502

11 -0.501181

12 -0.337617

13 -0.228087

14 -0.224274

15 -0.239002

16 -0.257114

17 -0.382744

18 -0.414004

19 -0.723413

20 -0.904108

21 -1.26931

22 -1.4824

23 -1.55007

24 -1.68115

25 -1.79762

26 -1.80603

27 -1.8574

28 -1.90658

29 -1.89372

30 -1.83262

31 -1.8278

32 -2.08008

33 -2.15385

34 -2.21873

35 -2.29852

36 -2.21231

37 -2.14361

38 -2.17291

39 -0.97186

40 -1.0063

41 -1.04686

42 -1.07452

43 -1.00189

44 -1.20759

45 -1.17965

46 -2.12795

47 -2.23023

48 -2.15276

49 -2.04191

50 -2.15813

51 -2.03706

52 -2.17536

53 -2.16522

54 -2.27478

55 -2.28068

56 -2.23108

57 -2.0911

58 -1.97578

59 -1.94588

60 -1.99824

61 -2.19017

62 -2.23318

63 -2.18765

64 -2.13047

65 -2.04767

66 -2.03139

67 -1.776

68 -1.73161

69 -1.92635

