6 0.0558231

7 0.00911889

8 0.129173

9 -0.137059

10 -0.747081

11 -0.854842

12 -0.940146

13 -0.938442

14 -0.835359

15 -0.872801

16 -0.944727

17 -0.939229

18 -0.938166

19 -0.985922

20 -0.974975

21 -1.02549

22 -1.04696

23 -0.949342

24 -0.388241

25 -0.32755

26 -0.260127

27 -0.245696

28 -0.142974

29 -0.395184

30 -0.568427

31 0.499815

32 0.466402

33 0.193096

34 -0.0514409

35 -0.117563

36 -0.207642

37 -0.108776

38 0.120054

39 0.221861

40 0.149523

41 0.156453

42 -0.28744

43 -0.142968

44 -0.0204509

45 -0.31599

46 -0.0854764

47 -0.417963

48 -0.808534

49 -0.948387

50 -1.20382

51 -1.33637

52 -1.35078

53 -1.21298

54 -1.20348

55 -1.28562

56 -1.21482

57 -0.984507

58 -0.796974

59 -0.69755

60 -0.705583

61 -0.624775

62 -0.538679

63 -0.515587

64 -0.48668

65 -0.473635

66 -0.404237

67 -0.442537

68 -0.470958

69 -0.479996

70 -0.494189

71 -0.448782

72 -0.67774

73 -0.591948

74 -0.544827

75 -0.589473

76 -1.48547

77 -1.53901

78 -1.63417

79 -1.6415

80 -1.69837

81 -1.66362

82 -1.58011

83 -1.98117

84 -1.91184

85 -1.9305

86 -1.95249

87 -1.94806

88 -1.8291

89 -2.02043

90 -1.99275

91 -2.10317

92 -2.31712

93 -2.31611

94 -2.23777

95 -2.23227

96 -2.04073

97 -2.0596

98 -2.08951

99 -2.26232

100 -2.20856

101 -2.238

102 -2.22492

103 -2.23678

104 -2.14099

105 -1.77364

106 -1.75062

107 -1.64658

108 -1.68514

109 -1.56936

110 -1.60524

111 -1.36709

112 -1.31811

113 -1.34383

