6 -0.0994783

7 -0.261757

8 -0.282976

9 -0.312663

10 -0.265235

11 -0.143653

12 -0.216713

13 -0.30136

14 -0.241665

15 -0.294548

16 -0.268786

17 -0.347237

18 -0.368629

19 -0.331827

20 -0.468127

21 -0.367393

22 -0.355777

23 -0.373716

24 -0.272829

25 -0.473964

26 -0.532829

27 -0.543594

28 -0.609826

29 -0.458532

30 -0.214564

31 -0.297536

32 -0.236877

33 -0.11937

34 -0.0442315

35 -0.0890343

36 0.189829

37 0.296855

38 0.414085

39 0.488485

40 0.434823

41 0.496785

42 0.194131

43 0.211721

44 0.155435

45 0.252008

46 0.255917

47 0.428972

48 0.403958

49 0.379059

50 0.426783

51 0.521714

52 0.545078

53 0.412686

54 0.40056

55 0.595163

56 0.622691

57 0.514949

58 0.749538

59 1.21533

60 1.26751

61 1.35154

62 1.34753

63 1.50173

64 1.44068

65 1.48362

