6 -0.0196055

7 -0.0198699

8 -0.0371538

9 -0.048931

10 0.122093

11 0.215672

12 0.181786

13 -0.0521974

14 -0.193175

15 -0.433798

16 -0.558278

17 -0.635781

18 -0.690662

19 -0.723863

20 -0.633167

21 -0.586113

22 -0.551492

23 -0.577338

24 -0.582219

25 -0.624077

26 -0.608178

27 -0.74993

28 -0.788767

29 -0.873676

30 -0.885921

31 -0.870872

32 -0.881328

33 -0.863183

34 -0.776417

35 -0.762706

36 -0.728773

37 -0.706934

38 -0.634016

39 -0.695512

40 -0.646843

41 -0.667376

42 -0.704564

43 -0.686517

44 -0.618879

45 -0.741015

46 -0.817159

47 -1.52961

48 -1.51111

49 -1.63621

50 -1.68651

51 -1.60337

52 -1.76544

53 -1.76249

54 -1.50629

55 -1.60322

56 -1.756

57 -1.94304

58 -2.31621

59 -2.25896

60 -2.26845

61 -2.38387

62 -2.35063

63 -2.52513

64 -2.53463

65 -2.50876

66 -2.51573

67 -2.52423

68 -2.51528

69 -2.54151

70 -2.62979

71 -2.58923

72 -2.73722

73 -3.13707

74 -3.20752

75 -3.27571

76 -3.29191

77 -3.32728

78 -3.34033

79 -3.38342

80 -3.42046

81 -3.45104

82 -3.44973

83 -3.45016

84 -3.4576

85 -3.48223

86 -3.58879

87 -4.12601

88 -4.01373

89 -3.99873

90 -4.04917

91 -4.03186

92 -3.99624

93 -3.94387

94 -3.93831

95 -3.98534

96 -4.21589

97 -4.29569

98 -4.51851

99 -4.51871

100 -4.56372

101 -4.572

102 -4.52926

103 -4.4573

104 -4.45499

105 -4.42545

106 -4.40968

107 -4.4925

108 -4.5506

109 -4.57103

110 -4.62322

111 -4.66419

112 -4.73026

113 -4.59107

114 -4.72858

115 -4.7705

116 -5.69249

117 -5.79271

118 -5.82068

119 -5.85318

120 -5.71428

121 -5.8359

122 -5.81401

123 -5.90177

124 -5.8886

125 -5.87856

126 -5.78329

127 -5.60722

128 -5.44516

129 -5.51254

130 -5.63917

131 -5.82927

132 -5.90754

133 -5.94675

134 -5.94865

135 -5.82496

136 -5.79143

