6 0.0749205

7 0.0787817

8 -0.135392

9 -0.118173

10 -0.127303

11 -0.0650833

12 -0.209407

13 -0.331275

14 -0.293203

15 -0.138892

16 -0.148248

17 -0.12796

18 -0.0547058

19 0.192712

20 0.202604

21 0.203048

22 -0.0520565

23 -0.578002

24 -0.788044

25 -0.794927

26 -0.880929

27 -0.918189

28 -0.942317

29 -0.922974

30 -1.07989

31 -0.914595

32 -0.895929

33 -0.805921

34 -0.826478

35 -0.635648

36 -0.300769

37 -0.273171

38 -0.275173

39 -0.247871

40 -0.100934

41 -0.270009

42 -0.784717

43 -0.874821

44 -0.857667

45 -0.93153

46 -1.01414

47 -0.999671

48 -0.856321

49 -0.761594

50 -0.0665274

51 -0.0150689

52 0.0735915

53 0.085021

54 -0.0385363

55 -0.288784

56 -0.427082

57 -1.53694

58 -1.63514

59 -1.74496

60 -1.81768

61 -1.91615

62 -2.0867

63 -2.16588

64 -2.06206

65 -2.02383

66 -2.02169

67 -1.94827

68 -1.88737

69 -1.91413

70 -1.76717

