6 0.00552506

7 0.0975505

8 0.133996

9 0.141249

10 0.201375

11 0.174671

12 0.175285

13 0.171842

14 0.141263

15 0.123112

16 0.134436

17 0.128275

18 -0.0117514

19 0.183873

20 0.121795

21 0.437505

22 0.194242

23 0.481837

24 0.473126

25 0.667601

26 0.718948

27 0.779166

28 0.862354

29 0.767591

30 0.798569

31 0.754087

32 1.03829

33 1.30544

34 1.56602

35 1.89003

36 1.83203

37 1.69584

38 1.67993

39 1.62362

40 1.49308

41 1.4541

42 1.46711

43 1.45976

44 1.48176

45 1.5309

46 1.79636

47 1.83315

48 1.78714

49 2.05111

50 2.41028

51 2.59989

52 2.85561

53 2.41367

54 2.45568

55 2.26469

56 2.24701

57 2.06634

58 1.93973

59 1.98444

60 1.70109

61 1.51896

62 1.22353

63 1.25587

64 1.31291

65 1.38281

66 1.34051

67 1.22209

