6 -0.0504547

7 -0.179715

8 0.799931

9 0.753082

10 0.678501

11 0.631135

12 0.618105

13 0.58817

14 0.554075

15 0.526591

16 0.549881

17 0.58816

18 0.62368

19 0.654569

20 0.413572

21 0.616794

22 0.710535

23 0.860186

24 0.89703

25 0.761129

26 0.846329

27 1.17266

28 1.09778

29 1.18681

30 1.25168

31 1.26808

32 1.17083

33 1.17347

34 0.900279

35 0.785665

36 0.639605

37 0.618881

38 0.518619

39 0.499927

40 0.530418

41 0.601652

42 0.651535

43 0.652181

44 0.433853

45 0.423171

46 0.451225

