6 0.0127514

7 0.119567

8 -0.0569963

9 -0.0259957

10 -0.0349644

11 -0.237767

12 -0.0566767

13 0.169478

14 0.209634

15 0.272446

16 0.215575

17 0.0982554

18 -0.691935

19 -0.711484

20 -0.68576

21 -0.738591

22 -0.238374

23 -0.102674

24 -0.0664354

25 -0.0658446

26 -0.0793134

27 -0.0714943

28 0.0798809

29 -0.00401027

30 0.102032

31 0.0832427

32 0.118508

33 0.317235

34 0.298062

35 0.256378

36 0.198775

37 0.227793

38 0.38301

39 0.231232

40 0.2423

41 0.254293

42 0.337212

43 0.48985

44 0.591574

45 0.578882

46 0.521048

47 0.560132

48 0.570957

49 0.594307

50 0.593143

51 0.37676

52 0.334761

53 0.162849

54 0.111902

55 0.106578

56 0.129808

57 0.121614

58 0.238658

59 0.442161

60 0.278763

61 -0.801943

62 -0.895071

63 -0.955756

64 -1.0016

65 -0.840469

66 -1.12655

67 -0.891252

68 -0.46723

69 -0.479395

70 -0.388684

71 -0.33085

72 -0.097569

73 0.110051

74 0.180284

75 0.204639

76 0.194036

77 0.196685

78 0.24792

79 0.279816

80 0.218441

81 0.253094

82 0.1534

83 0.316461

84 0.117102

85 0.0986077

86 -1.20962

87 -1.2802

88 -1.33701

89 -1.35406

90 -1.2781

91 -1.52134

92 -1.52004

93 -1.37895

94 -1.34835

95 -1.19197

96 -1.19074

97 -1.09496

98 -1.08652

99 -1.13787

100 -1.07568

101 -1.02715

102 -1.00199

103 -1.00743

104 -0.998854

105 -0.954051

106 -1.01221

107 -1.19862

108 -1.12823

109 -0.956936

110 -1.11876

111 -1.21354

112 -0.989098

113 -0.806531

114 -0.838432

115 -0.835087

116 -0.771599

117 -0.768074

118 -0.812065

119 -0.800553

120 -0.865148

121 -0.781414

122 -0.86199

123 -0.836075

124 -1.02918

125 -0.782504

126 -0.609807

127 -0.47401

128 -0.402126

129 -0.338568

130 -0.309113

131 -0.531823

132 -0.499116

133 -0.424861

134 -0.45148

135 -0.358272

136 -0.508327

137 -0.463451

138 -0.451442

139 -0.577712

140 -0.535874

141 -0.648633

142 -0.525911

143 -0.771082

