5 -0.00499712

8 -0.00884751

11 -0.034706

14 -0.0893382

17 0.199216

20 0.195223

23 0.173303

26 0.410801

29 0.419508

32 0.776415

35 0.61827

38 1.13901

41 0.922082

44 0.809273

47 1.01922

50 1.23114

53 1.27288

56 1.47186

59 1.77713

62 1.73435

65 1.88091

68 2.08219

71 2.41987

74 2.82211

77 2.76544

80 2.43646

83 2.47238

86 2.82504

89 3.04176

92 3.30415

95 3.30221

98 3.66515

101 3.80548

104 4.00247

107 4.23744

110 4.71317

113 4.47797

116 4.84867

119 5.53967

122 6.06331

125 6.31943

