5 0.0558529

6 -0.0474011

7 -0.166884

8 -0.284816

9 -0.319678

10 -0.21556

11 -0.161348

12 -0.0792975

13 0.430828

14 0.694172

15 1.066

16 1.23521

17 1.81604

18 1.64639

19 1.27128

20 1.59909

21 2.16289

22 2.03141

23 2.0305

24 1.97661

25 1.90821

26 2.13754

27 2.59706

28 2.703

29 2.60972

30 2.26557

31 1.83317

32 2.88467

33 3.66507

34 3.60755

35 3.45002

36 3.43705

37 3.42722

38 3.67322

39 4.76003

40 4.74162

41 4.68789

42 4.75615

43 4.24868

44 4.10365

45 2.22387

46 2.27552

47 1.97204

48 1.954

49 1.94665

50 1.89483

51 1.92779

52 1.80835

53 1.65053

54 0.869515

