6 -0.0115384

7 -0.0280703

8 -0.0313491

9 0.142598

10 0.187613

11 0.137187

12 -0.0964325

13 -0.228662

14 -0.453216

15 -0.589777

16 -0.62159

17 -0.643702

18 -0.684679

19 -0.598294

20 -0.529421

21 -0.482665

22 -0.495673

23 -0.450965

24 -0.509669

25 -0.498315

26 -0.639337

27 -0.678648

28 -0.776589

29 -0.786916

30 -0.779065

31 -0.797458

32 -0.721757

33 -0.700879

34 -0.624989

35 -0.516384

36 -0.493796

37 -0.497667

38 -0.476013

39 -0.400839

40 -0.463659

41 -0.418135

42 -0.439373

43 -0.460542

44 -0.427368

45 -0.359468

46 -0.485149

47 -0.563885

48 -1.33022

49 -1.33996

50 -1.40368

51 -1.44908

52 -1.33304

53 -1.49697

54 -1.54308

55 -1.27908

56 -1.37776

57 -1.53692

58 -1.72516

59 -2.12148

60 -2.0676

61 -2.08012

62 -2.20027

63 -2.17239

64 -2.34607

65 -2.3494

66 -2.3253

67 -2.33989

68 -2.34143

69 -2.33808

70 -2.36719

71 -2.45987

72 -2.42045

73 -2.56021

74 -2.47873

75 -2.51511

76 -2.4791

77 -2.53786

78 -2.57834

79 -2.60269

80 -2.60849

81 -2.65233

82 -2.65982

83 -2.70084

84 -2.74228

85 -2.76955

86 -2.77098

87 -2.75344

88 -2.75536

89 -2.82415

90 -2.83814

91 -3.29173

92 -3.15664

93 -3.13287

94 -3.17093

95 -3.15988

96 -3.12612

97 -3.06454

98 -3.05554

99 -3.10913

100 -3.32687

101 -3.37176

102 -3.62192

103 -3.60981

104 -3.60334

105 -3.59281

106 -3.52041

107 -3.43291

108 -3.42524

109 -3.40946

110 -3.39097

111 -3.47195

112 -3.53633

113 -3.55796

114 -3.6103

115 -3.65843

116 -3.71973

117 -3.57047

118 -3.71728

119 -3.75207

120 -4.71222

121 -4.82238

122 -4.81908

123 -4.85065

124 -4.71654

125 -4.828

126 -4.8158

127 -4.84714

128 -4.86459

129 -4.85698

130 -4.74724

131 -4.59

132 -4.42723

133 -4.47337

134 -4.55867

135 -4.76001

136 -4.89638

137 -4.91555

138 -4.90853

