6 -0.0824714

7 -0.0809707

8 -0.0785347

9 -0.0893352

10 -0.108111

11 -0.0648331

12 -0.0380304

13 -0.0336055

14 -0.126101

15 -0.174105

16 -0.14217

17 -0.0572339

18 -0.0711697

19 -0.0684354

20 -0.0757283

21 0.0229349

22 -0.0372036

23 0.187398

24 0.327971

25 0.302219

26 0.48689

27 0.564946

28 0.308018

29 0.168523

30 0.316348

31 0.140926

32 0.362191

33 0.114497

34 0.123451

35 1.15784

36 1.35155

37 1.39949

38 1.38146

39 1.42363

40 1.41223

41 1.35968

42 1.33117

43 1.2919

44 1.2972

45 1.30866

46 1.40702

47 1.39379

48 1.36813

49 1.56478

50 1.70369

51 1.96631

52 1.86987

53 1.78153

54 1.91615

55 1.80715

56 2.13668

57 2.25125

58 2.97773

59 3.13505

60 3.21472

61 3.2887

62 3.31821

63 3.32676

64 3.45066

65 3.36692

66 3.49021

67 3.50245

68 3.0998

69 2.96775

70 3.06297

71 2.89252

72 3.21181

73 4.06286

74 4.19627

75 4.25483

76 4.29808

77 4.32137

78 4.27677

79 4.21908

80 4.30412

81 4.15401

82 4.30238

83 3.83407

84 3.87457

85 3.86803

86 3.88396

87 4.0036

88 4.04493

89 3.92038

90 3.79949

91 3.92183

92 4.91733

93 5.12276

94 5.14027

95 5.2177

96 5.18114

97 5.37831

98 5.2922

99 5.29613

100 5.29102

101 4.44675

102 4.54608

103 4.56054

104 4.29731

105 4.21627

106 4.48887

107 5.03233

108 5.24382

109 5.29127

110 5.60235

111 5.70429

112 5.85436

113 5.91582

114 5.77604

115 5.75508

116 6.00558

117 5.84604

118 5.83219

119 5.72312

120 5.72176

121 5.41942

122 5.48267

123 5.88447

124 6.3049

125 7.02707

126 7.23255

127 7.40567

128 7.81375

129 7.58895

130 7.58447

131 7.38176

132 7.67668

133 7.5232

134 7.23677

135 7.32595

