6 -0.0882893

7 0.0161005

8 0.0355749

9 0.040532

10 0.0926345

11 0.170427

12 0.18407

13 0.0650304

14 0.0439899

15 0.0425763

16 0.0182661

17 0.0141173

18 -0.0628762

19 -0.101091

20 -0.093757

21 -0.111022

22 -0.0661034

23 -0.255221

24 -0.170116

25 -0.108951

26 -0.137591

27 -0.0527521

28 -0.0503348

29 -0.0311258

30 0.0218495

31 0.0127359

32 0.0350747

33 0.00468908

34 0.0490628

35 -0.175633

36 -0.0875126

37 -0.0305762

38 -0.0496708

39 0.0297552

40 0.0306668

41 0.0479543

42 0.0966725

43 0.0880594

44 0.11597

45 0.0826665

46 0.127717

47 -0.109128

48 -0.0195908

49 0.00831216

50 -0.00177418

51 0.0775774

52 0.0632445

53 0.0720979

54 0.103755

55 0.0958626

56 0.000302059

57 0.0509607

58 0.0302378

59 -0.00715842

60 -0.0316706

61 -0.0527975

62 -0.0482392

63 -0.0775527

64 -0.0876724

65 -0.101985

66 -0.151401

67 -0.143843

68 -0.171465

69 -0.121838

70 0.0919365

71 0.135719

72 0.425721

73 0.559641

74 0.607609

75 0.58577

76 0.562542

77 0.544506

78 0.514951

79 0.470599

80 0.469489

81 0.450051

82 0.404076

83 0.369591

84 0.381625

85 0.397795

86 0.38888

87 0.42026

88 0.208119

89 0.237198

90 0.373563

91 0.441004

92 0.554088

93 0.644213

