6 0.0444716

7 0.031538

8 0.0223115

9 0.0212999

10 0.00172039

11 -0.0042224

12 0.0481991

13 -0.7448

14 -0.812689

15 -0.834391

16 -0.856589

17 -0.832605

18 -0.794346

19 -0.886108

20 -0.906809

21 -0.908588

22 -0.91123

23 -0.915832

24 -0.942209

25 -0.84076

26 -0.932692

27 -1.30549

28 -1.36493

29 -1.47918

30 -1.43338

31 -1.20279

32 -1.33554

33 -1.26066

34 -1.39648

35 -1.30115

36 -0.95624

37 -0.29544

38 0.017375

39 0.0837101

40 0.185281

41 0.242269

42 0.184967

43 0.118417

44 0.212758

45 0.381764

46 0.448507

47 0.666281

48 0.747872

49 0.80993

50 0.846253

51 0.839843

52 0.801275

53 0.813542

54 0.759813

55 0.741318

56 0.751715

57 0.340213

58 0.30514

59 0.423927

60 0.416534

61 0.574524

62 0.583492

63 0.621872

64 0.985823

65 0.909057

66 0.744448

67 1.10653

68 1.06985

69 1.21612

70 1.20607

71 1.13067

72 1.38182

73 2.03329

74 2.06289

75 1.99584

76 2.06911

77 2.01658

78 1.96439

79 1.99148

80 2.00334

81 2.11518

82 2.13092

83 2.15492

84 2.14753

85 2.22331

86 2.41061

87 2.45544

88 2.55981

89 2.51855

90 2.64078

91 2.78663

92 2.86844

93 2.88824

94 2.87515

95 2.7075

96 2.79751

97 2.78541

98 2.83674

99 2.89104

100 2.70046

101 2.68274

102 2.63739

103 2.62039

104 2.68929

105 2.53872

106 2.64166

107 2.65637

108 2.67155

109 2.38818

110 2.51372

111 2.57622

112 2.6103

113 2.53857

114 2.65831

115 2.85554

116 2.98163

117 3.23932

118 3.24156

119 3.30753

120 3.42759

121 3.514

122 3.51618

123 3.6018

124 3.48866

125 3.53353

126 3.56284

127 3.73768

128 3.69193

129 4.31264

130 4.23718

131 4.25229

132 4.36884

133 4.46674

134 4.44701

135 4.54369

136 4.46761

137 4.47047

138 4.30225

139 4.08809

140 4.02583

141 3.81699

142 4.03357

143 4.45711

144 4.50201

145 4.49305

146 5.28758

147 5.36512

148 5.55558

149 5.79909

150 5.95426

151 5.87968

152 5.66935

153 5.32088

154 5.18229

155 5.27951

156 4.7127

157 4.56692

