6 -0.0462649

7 -0.0421739

8 0.00147845

9 0.0199815

10 0.0213074

11 0.0787346

12 0.246526

13 0.309101

14 0.504773

15 0.523587

16 0.827611

17 0.868065

18 0.855466

19 0.745145

20 0.606081

21 0.542702

22 0.656705

23 0.726368

24 0.61796

25 0.734977

26 0.705196

27 0.860479

28 0.681543

29 0.694676

30 1.50761

31 1.66654

32 1.79455

33 1.81117

34 1.73466

35 1.77134

36 1.91332

37 1.99215

38 1.86406

39 1.86701

40 2.04198

41 2.21424

42 2.441

43 2.66316

44 2.79305

45 2.62424

46 2.5445

47 2.50363

48 2.53328

49 2.4109

50 2.46491

51 2.39997

52 2.64963

53 2.74952

54 3.18472

55 3.26393

56 3.24648

57 3.22702

58 3.34854

59 3.46023

60 3.40932

61 3.56123

62 3.63053

63 3.63751

64 3.62813

65 3.60549

66 3.70561

67 3.81688

68 3.83164

69 3.83144

70 3.72281

71 3.82004

72 3.67059

73 3.98895

74 4.98684

75 5.07512

76 5.10182

77 4.98491

78 4.9539

79 4.8766

80 4.88862

81 4.80053

82 4.93322

83 4.7988

84 4.80206

85 4.67506

86 4.47686

87 4.3757

88 4.22803

89 4.18538

90 4.25947

91 4.36244

92 4.54468

93 4.52476

94 4.67153

95 4.78085

96 4.93655

97 5.45806

98 5.98691

99 5.91547

100 5.77184

101 5.61926

102 5.53198

103 5.46084

104 5.5317

105 5.40996

106 5.45199

107 5.42224

108 5.15609

109 5.21615

110 5.00037

111 4.50266

112 4.03593

113 3.78529

114 3.83998

115 3.76429

116 3.66222

117 3.62587

118 3.58616

119 3.4509

120 3.31497

