6 -0.0376367

7 -0.0465045

8 -0.0464916

9 -0.0592411

10 -0.0774933

11 -0.0280396

12 -0.00797989

13 0.013903

14 0.0816524

15 0.0973354

16 -0.276923

17 -0.167059

18 -0.105798

19 -0.0702433

20 0.048802

21 0.157463

22 0.267996

23 0.266904

24 0.209187

25 0.153798

26 0.17822

27 0.16165

28 0.149764

29 0.19493

30 0.12303

31 0.17652

32 0.0634263

33 0.0686592

34 -0.0685453

35 0.145844

36 1.0684

37 1.2227

38 1.29978

39 1.23341

40 1.27362

41 0.880032

42 0.554598

43 0.490943

44 0.384019

45 0.441426

46 0.221815

47 0.14557

48 -0.00270403

