6 -0.0695481

7 -0.00605907

8 0.0247002

9 0.0653832

10 0.123896

11 0.198528

12 0.196362

13 0.251819

14 0.335883

15 0.312507

16 0.237816

17 0.456993

18 0.469168

19 0.42486

20 0.528362

21 0.489319

22 0.643853

23 0.664486

24 0.764349

25 0.74443

26 0.767169

27 0.667138

28 0.438227

29 0.849356

30 0.873698

31 0.940068

32 1.02536

33 0.990065

34 1.02131

35 1.07005

36 1.12204

37 1.20077

38 1.23183

39 1.37061

40 1.31013

41 1.45233

42 1.48901

43 1.56485

44 1.60102

45 1.62221

46 1.62107

47 1.68355

48 1.45473

49 1.36958

50 1.06205

51 0.865506

52 0.645662

53 0.712558

54 0.864689

55 0.838139

56 0.953665

57 0.915568

58 1.0082

59 1.4731

60 1.50968

61 1.6581

62 1.52888

63 1.62172

64 1.44111

65 1.77109

66 1.72995

67 1.81322

68 1.7739

69 1.93275

70 1.99486

71 2.00366

