6 0.156927

7 0.161615

8 0.177257

9 0.172488

10 0.200774

11 0.292943

12 0.451506

13 0.459126

14 0.409444

15 0.419929

16 0.495282

17 0.752599

18 0.991842

19 1.10187

20 1.04474

21 1.03889

22 1.29851

23 1.25979

24 2.1364

25 2.16667

26 2.08666

27 1.93728

28 1.78247

29 1.69324

30 1.77818

31 2.00024

32 1.92319

33 2.07618

34 2.09892

35 1.99066

36 2.0821

37 2.17097

38 2.27629

39 2.27747

40 2.25016

41 2.28473

42 2.39914

43 2.42782

44 2.55469

45 2.51047

46 2.27486

47 2.17705

48 1.94485

49 1.94411

50 1.99668

51 1.99491

52 2.05266

53 1.89261

54 -0.408462

55 -0.381908

56 -0.418606

57 -0.441778

58 -0.40894

59 -0.495906

60 -0.376393

61 -0.411124

62 -0.440685

63 -0.473591

64 -0.586694

65 -0.59717

66 -0.50633

67 -0.516786

68 -0.524658

69 -0.476057

70 -0.549848

71 -0.443158

72 -0.488954

73 -0.562355

74 0.128934

75 0.328883

76 0.465179

77 0.536868

78 0.43354

79 0.277767

80 -0.0388283

81 -0.470862

82 -1.03034

83 -1.26458

84 -1.5779

85 -1.63125

86 -1.63158

87 -1.68983

88 -1.51258

89 -1.53064

90 -1.55105

91 -1.63656

92 -1.68609

93 -1.73121

94 -2.8719

95 -2.7152

96 -2.64885

97 -2.64421

98 -2.73115

