6 0.0349593

7 0.0447261

8 0.065935

9 0.0710804

10 0.0835821

11 0.0975791

12 0.0293176

13 0.085661

14 0.167385

15 0.160683

16 0.139776

17 0.181022

18 0.159304

19 -0.100083

20 -0.10775

21 -0.116764

22 -0.0736495

23 -0.116035

24 -0.0588073

25 0.0996869

26 -0.0596074

27 0.0326502

28 0.150964

29 0.176009

30 0.172991

31 0.242549

32 0.331121

33 0.344029

34 0.368574

35 0.396702

36 0.284143

37 0.26612

38 0.126818

39 0.0561051

40 -0.0307777

41 0.0780247

42 0.0454098

43 -0.25225

44 -0.339646

45 -0.293062

46 -0.291034

47 -0.329005

48 -0.271705

49 -0.278514

50 -0.417329

51 -0.371817

52 -0.265015

53 -0.193856

54 -0.193787

55 -0.156685

56 -0.0458284

57 -0.303994

58 -0.995997

59 -0.967148

60 -0.92283

61 -0.927398

62 -0.88646

63 -0.696588

64 -0.623521

65 -0.70228

66 -0.583783

67 0.219279

68 0.254529

69 0.249141

70 0.114819

71 -1.9868

72 -2.1067

73 -2.17049

74 -2.22314

75 -2.2597

76 -2.24479

77 -2.17263

78 -2.18875

79 -2.75425

80 -2.77357

81 -2.70485

