6 -0.132855

7 -0.0976748

8 -0.0952287

9 -0.343977

10 -0.358744

11 -0.373489

12 -0.449837

13 -0.391194

14 -0.445564

15 -0.444654

16 -0.491113

17 -0.443601

18 -0.364644

19 -0.337503

20 -0.251797

21 -0.164243

22 -0.188578

23 -0.0831217

24 0.0395852

25 0.0320299

26 -0.020747

27 -0.00345492

28 -0.201644

29 -0.189755

30 -0.312193

31 -0.253258

32 -0.237621

33 -0.242341

34 -0.208058

35 -0.0253258

36 0.128823

37 0.23242

38 0.231042

39 -0.16

40 -0.11745

41 -0.0287133

42 -0.0269009

43 0.0199429

44 -0.0186672

45 0.0583959

46 -0.00281538

47 0.00414718

48 -0.569456

49 -0.532394

50 -0.446422

51 -0.364211

52 -0.313865

53 -0.382949

54 -0.374333

55 -0.292839

56 -0.271482

