6 0.029876

7 -0.00895137

8 -0.139505

9 -0.153243

10 -0.164854

11 -0.146123

12 -0.882901

13 -1.05551

14 -1.0593

15 -1.01491

16 -1.06234

17 -1.02282

18 -1.08566

19 -1.09815

20 -1.02168

21 -1.11104

22 -1.29658

23 -1.30387

24 -1.3203

25 -1.3173

26 -1.23663

27 -1.36199

28 -1.56877

29 -1.58401

30 -1.86544

31 -2.02268

32 -2.06208

33 -2.02729

34 -1.95346

35 -1.92595

36 -2.16129

37 -2.19258

38 -2.20567

39 -2.17732

40 -2.18355

41 -2.24489

42 -2.54411

43 -2.79046

44 -3.02532

45 -3.03057

46 -3.11252

47 -3.11417

48 -3.14401

49 -3.27583

50 -3.24312

51 -3.20965

52 -3.12955

53 -3.35635

54 -3.38754

55 -3.44236

56 -3.29732

57 -3.30643

58 -3.19332

59 -3.10742

60 -3.11865

61 -3.08127

62 -3.15337

63 -3.23744

64 -3.27377

65 -3.45833

66 -3.40099

67 -3.39341

68 -3.37024

69 -3.36035

70 -3.24424

71 -3.4218

72 -3.63962

73 -3.67743

74 -4.00195

75 -4.13031

76 -4.09347

77 -4.05376

78 -3.98295

79 -3.99034

80 -4.12025

81 -4.27338

