5 0.0311225

6 -0.00635042

7 -0.295905

8 -0.190259

9 -0.203132

10 -0.191657

11 -0.188

12 -0.19959

13 -0.310701

14 -0.247883

15 -0.178332

16 -0.180383

17 -0.736632

18 -0.257564

19 0.371249

20 0.497795

21 0.501424

22 0.292789

23 0.754909

24 0.958946

25 0.959065

26 1.60342

27 1.7579

28 1.87943

29 1.18233

30 -0.0819353

31 -0.159179

32 -1.49836

33 -1.15057

34 -1.0819

35 -1.05512

36 -2.57267

37 -2.21199

38 -1.38013

39 -1.07425

40 -0.896361

41 -1.88081

42 -0.533198

43 -0.166155

