6 0.0136372

7 0.00942612

8 -0.0210692

9 -0.0012392

10 -0.155329

11 -0.198449

12 -0.175825

13 -0.45367

14 -0.588998

15 -0.594885

16 -0.585233

17 -0.591836

18 -0.700972

19 -0.669908

20 -0.752796

21 -0.679242

22 -0.768357

23 -1.56777

24 -1.46495

25 -1.49957

26 -1.56078

27 -1.5381

28 -1.37667

29 -1.53783

30 -1.42802

31 -1.47007

32 -1.52649

33 -1.60445

34 -1.52023

35 -1.49683

36 -1.33399

37 -1.30438

38 -1.19148

39 -1.20791

40 -1.5535

41 -1.52898

42 -1.43864

43 -1.45248

44 -1.37537

45 -1.38067

46 -1.53754

47 -1.56014

48 -1.41898

49 -1.33822

50 -1.33245

51 -1.25143

52 -1.40569

53 -1.57618

54 -1.61808

55 -1.70975

56 -1.75208

57 -1.76823

58 -1.77668

59 -1.74816

60 -1.74235

61 -1.67337

62 -1.73143

63 -1.15987

64 -1.10447

65 -1.17508

66 -1.0986

67 -1.07651

68 -1.08021

69 -1.18935

70 -1.21912

71 -1.27462

72 -1.26453

73 -1.27518

74 -1.25015

75 -1.29692

76 -1.28496

77 -1.3716

78 -1.297

79 -1.06403

80 -0.896794

81 -0.79742

82 -0.922815

83 -0.998435

84 -1.01671

85 -1.09726

86 -1.15934

87 -1.10865

88 -1.09869

89 -1.11228

90 -0.934721

91 -1.04311

92 -1.09379

93 -1.10572

94 -1.14536

95 -1.01903

96 -0.774595

97 -0.664965

98 -0.606725

99 -0.499187

100 -0.438588

101 -0.365309

102 -0.393902

103 -1.33151

