6 -0.103457

7 -0.0777917

8 -0.0984208

9 -0.095616

10 -0.048215

11 -0.0547292

12 0.0224216

13 -0.0685992

14 0.0514814

15 -0.149881

16 0.0399736

17 0.246123

18 0.295006

19 0.249606

20 0.325178

21 0.376673

22 0.433908

23 0.551312

24 0.475758

25 0.612983

26 0.736733

27 0.832876

28 0.932042

29 0.949026

30 0.981264

31 1.11033

32 1.21327

33 1.29356

34 1.41203

35 1.33191

36 1.46523

37 1.5788

38 1.59793

39 1.58269

40 1.63306

41 1.44975

42 1.29468

43 1.32059

44 1.52996

45 1.52186

46 1.47988

47 1.43107

48 1.42804

49 1.37049

50 1.33688

51 1.31375

52 1.28862

53 1.25335

54 1.21398

55 1.17717

56 1.19119

57 1.23247

58 1.21595

59 1.05668

