6 -0.0395791

7 -0.0781601

8 -0.156289

9 -0.171379

10 -0.16529

11 -0.198485

12 -0.165034

13 -0.202364

14 -0.111175

15 -0.0983227

16 -0.0986099

17 -0.163915

18 -0.174916

19 -0.136397

20 -0.0602441

21 0.0932694

22 0.0542674

23 0.024357

24 0.0414809

25 0.206465

26 0.314969

27 0.318722

28 0.333534

29 0.311166

30 0.274561

31 0.277686

32 0.31013

33 0.30387

34 0.360192

35 0.554332

36 0.4

37 0.100053

38 0.0317317

39 0.0455568

40 -0.12607

41 -0.173093

42 -0.291103

43 -0.360489

44 -0.392822

45 -0.478892

46 -0.609325

47 -0.424075

48 -0.662943

49 -0.775876

50 -0.878994

51 -0.868756

52 -1.28645

53 -1.31368

54 -1.23373

55 -1.22992

56 -1.04659

57 -0.859795

58 -1.32855

59 -1.1863

60 -0.862367

61 -0.65118

62 0.0262075

63 0.23052

64 0.331467

65 0.263713

66 0.387857

67 0.41771

68 0.311407

69 0.268074

70 0.364381

71 0.383154

72 0.26708

73 0.438097

74 0.344784

75 0.546943

76 0.552746

77 0.352788

78 -0.212934

79 -0.278131

80 -0.256364

81 -0.246125

82 -0.171384

83 -0.162493

84 -0.205971

85 -0.0919942

86 -0.0724719

87 -0.279908

88 -0.810951

89 -0.827883

90 -0.730985

91 -0.853823

92 -0.768431

93 -0.730821

94 -0.734856

95 -0.739641

96 -0.609485

97 -0.5666

98 -0.557489

99 -0.520708

100 -0.607235

101 -0.455062

102 -0.556838

103 -0.45898

104 -0.336425

105 -0.277722

