6 0.154683

7 0.155671

8 0.183523

9 0.060009

10 -0.714717

11 -0.77219

12 -0.81176

13 -0.907453

14 -1.13169

15 -1.16228

16 -1.13383

17 -1.14115

18 -1.29511

19 -1.36711

20 -1.21841

21 -1.19602

22 -0.865949

23 -0.758075

24 -0.502081

25 -0.464721

26 -0.465406

27 -0.348663

28 -0.178921

29 -0.0949107

30 -0.103404

31 -0.0398759

32 -0.117435

33 -0.0201324

34 -0.0398742

35 -0.237774

36 -0.317307

37 -0.598578

38 -0.626626

39 -0.455735

40 -0.581932

41 -0.320058

42 -0.404122

43 -0.0674572

44 -0.151497

45 -0.364411

46 0.0665692

47 0.255845

48 0.330492

49 0.344013

50 0.095702

51 -0.0374447

52 -0.0188564

53 -0.0986369

54 0.248284

55 0.40445

56 0.385148

57 0.591176

58 0.713876

59 0.906291

60 0.98995

61 1.0989

62 1.06524

63 1.15886

64 1.10129

65 0.969811

