6 0.038614

7 0.0275014

8 0.0370917

9 0.158912

10 0.231261

11 0.153211

12 0.11875

13 0.124738

14 0.130286

15 0.158254

16 0.163227

17 0.159541

18 0.0399431

19 -0.497975

20 -0.655128

21 -0.670465

22 -0.668955

23 -0.684745

24 -0.689635

25 -0.643637

26 -0.89686

27 -0.915603

28 -0.932566

29 -0.98788

30 -1.02966

31 -1.06472

32 -1.05878

33 -1.02619

34 -1.02502

35 -0.873097

36 -0.881158

37 -0.784994

38 -0.808324

39 -0.700749

40 -0.668778

41 -0.722467

42 -0.682525

43 -0.510428

44 -0.553067

45 -0.001872

46 0.103953

47 0.0221287

48 0.0487877

49 -0.0492307

50 -0.289059

51 -0.223395

52 -0.173722

53 -0.0912443

54 -0.145771

55 -0.246634

56 -0.209032

57 -0.219719

58 0.00753489

59 0.299569

60 0.450333

61 0.312067

62 0.388345

63 0.249176

64 0.558237

65 0.394608

66 0.854201

67 1.18318

68 1.28018

69 1.37536

70 1.5333

71 1.38318

72 1.85155

73 2.04718

74 2.00323

75 2.03114

76 2.18406

77 2.158

78 2.19073

79 2.24207

80 2.30928

81 2.1514

82 2.04908

83 2.03774

84 2.15616

85 1.6583

86 1.76291

87 1.71268

88 1.77669

89 1.74187

90 1.47672

91 1.36706

92 1.32033

93 1.27536

94 1.18366

95 1.23738

96 1.42388

97 1.40706

98 1.32246

99 1.39235

100 0.920742

