6 -0.0623159

7 -0.0656952

8 -0.0641998

9 -0.0766507

10 -0.0142685

11 -0.138739

12 -0.164136

13 -0.00566293

14 -0.100208

15 -0.0968842

16 -0.073382

17 0.0186275

18 0.238001

19 0.283747

20 0.403961

21 0.419614

22 0.508413

23 0.577529

24 0.530849

25 0.46839

26 0.484869

27 0.304472

28 0.289227

29 0.0894697

30 0.148349

31 0.136434

32 0.178543

33 0.231272

34 0.20263

35 0.205514

36 0.205944

37 0.186893

38 0.172438

39 0.282345

40 0.31961

41 0.153794

42 0.136148

43 -0.122242

44 -0.323025

45 -1.31717

46 -1.50426

47 -1.69362

48 -1.79136

49 -1.83978

50 -1.87918

51 -1.91553

52 -1.8738

53 -1.7881

54 -1.93333

55 -1.85651

56 -1.866

57 -2.02052

58 -2.02076

59 -2.13838

60 -2.15166

61 -2.05936

62 -2.04139

63 -2.23466

64 -2.2327

65 -2.25622

66 -2.23251

67 -1.80463

68 -1.639

69 -1.49595

70 -1.53171

71 -1.46569

72 -1.40224

73 -1.39041

74 -1.42028

75 -1.48119

76 -1.39869

77 -1.58933

78 -1.62365

79 -1.80213

80 -1.7498

81 -1.72528

82 -1.76815

83 -1.85456

84 -1.51007

85 -1.6505

86 -1.66656

87 -1.63275

88 -1.56483

89 -1.64898

90 -1.72034

91 -1.95466

92 -1.97956

93 -2.09364

94 -2.08482

95 -1.97842

96 -2.06427

97 -2.11855

98 -2.06123

99 -2.12423

100 -2.01377

101 -1.2363

102 -1.33297

103 -1.28476

104 -1.42955

105 -1.09045

106 -0.972256

107 -0.980901

108 -1.07322

109 -0.97194

110 -0.856441

