6 -0.00525123

7 -0.0223474

8 -0.00147962

9 0.0645462

10 0.313471

11 0.429151

12 0.514707

13 0.496511

14 0.411911

15 0.413559

16 0.454431

17 0.465991

18 0.503731

19 0.626535

20 0.590465

21 0.713503

22 0.695833

23 0.100641

24 0.130656

25 0.0878201

26 0.0322886

27 0.0400181

28 0.0489866

29 -0.0516435

30 -0.0228643

31 0.0246527

32 -0.408887

33 -0.419584

34 -0.433829

35 -0.399354

36 -0.380085

37 -0.492894

38 -0.485858

39 -0.561389

40 -0.478884

41 -0.90795

42 -0.820464

43 -0.925535

44 -1.00608

45 -1.19502

46 -1.18146

47 -1.23761

48 -1.17085

49 -1.07384

50 -0.967727

51 -0.918419

52 -0.957512

53 -0.833467

54 -0.558574

55 -0.264699

56 -0.332859

57 -0.379832

58 -0.273691

59 -0.239512

60 -0.526949

61 -0.620887

62 -0.41188

63 -0.575478

64 -0.34533

65 -0.439575

66 -0.389005

67 -0.101389

68 0.0165151

69 0.136925

70 0.308644

71 0.439519

72 0.443736

73 0.268801

74 0.205738

75 0.373013

76 0.418654

77 0.350759

78 0.426946

79 0.0484997

80 0.0917036

81 0.107351

82 0.237281

83 0.274135

84 0.15452

85 0.408798

86 0.921958

87 0.888097

88 0.755968

89 0.840294

90 0.638325

91 0.563413

92 0.534228

93 0.789935

94 0.994701

95 1.58237

96 1.58132

97 1.66924

98 1.63758

99 1.63164

100 1.48844

101 1.51035

102 1.66364

103 1.45063

104 1.40228

105 1.64545

106 1.83303

107 2.14426

108 2.28739

109 2.47957

110 2.64485

111 2.42684

112 2.0675

