5 0.00513044

6 0.298423

7 0.61727

8 0.730099

9 0.550685

10 0.6882

11 1.18383

12 1.54759

13 1.29801

14 2.12164

15 2.24072

16 2.16457

17 2.16581

18 2.02052

19 2.12319

20 2.38092

21 2.60009

22 2.818

23 2.81141

24 2.55324

25 2.29194

26 2.21941

27 2.65403

28 2.50015

29 3.80315

30 3.90605

31 3.92979

32 4.13643

33 4.1671

34 4.13638

35 4.07064

36 4.28103

37 4.38982

38 4.75919

39 4.36538

40 4.21743

41 3.9875

42 3.64028

43 4.01518

44 3.51858

45 3.28563

46 3.51752

