6 -0.0465167

7 0.048494

8 0.0695315

9 -0.209509

10 -0.219178

11 -0.432216

12 -0.481337

13 -0.539554

14 -0.57486

15 -0.564657

16 -0.509396

17 -0.515583

18 -0.563571

19 -0.582552

20 -0.633609

21 -0.552205

22 -0.589569

23 -0.544842

24 -0.308202

25 -0.101434

26 -0.150813

27 0.0761848

28 0.119059

29 0.145222

30 0.211577

31 0.171697

32 0.274497

33 0.497219

34 0.668603

35 0.59537

36 0.408005

37 0.380023

38 0.414279

39 0.423556

40 0.305471

41 0.183299

42 -0.0917827

43 -0.18248

44 -0.118392

45 -0.0134138

46 0.0615508

47 0.0519863

48 0.0576505

49 0.0263601

50 -0.00141397

51 -0.149245

52 -0.258467

53 -0.231135

54 -0.24089

55 -0.524826

56 -0.539529

57 -0.620407

58 -0.654565

59 -0.593188

60 -0.594256

61 -0.617366

62 -0.649297

63 -0.916413

64 -0.945282

65 -1.12052

66 -1.19742

67 -1.21535

68 -1.3248

