6 0.00122878

7 -0.026192

8 -0.0613239

9 -0.0838012

10 -0.0830657

11 -0.0916436

12 -0.0512954

13 0.0954397

14 0.149536

15 0.16184

16 0.0870895

17 0.142381

18 0.0483289

19 -0.0948801

20 -0.118822

21 -0.249459

22 -0.333886

23 -0.332059

24 -0.37521

25 -0.371655

26 -0.333218

27 0.123322

28 0.220673

29 0.233919

30 0.175368

31 0.306296

32 0.360933

33 0.380221

34 0.471374

35 0.44655

36 0.228431

37 0.285933

38 0.199251

39 0.170708

40 -0.0624577

41 -0.0205077

42 -0.820445

43 -0.88479

44 -0.742083

45 -0.695214

46 -0.731848

47 -0.81146

