6 -0.0544779

7 -0.0808128

8 -0.085219

9 -0.14009

10 -0.174265

11 -0.193259

12 -0.238752

13 -0.200478

14 -0.0557607

15 0.193161

16 0.141377

17 0.19277

18 0.0364499

19 0.00355251

20 -0.0775285

21 -0.25716

22 -0.285252

23 -0.365166

24 -0.319861

25 -0.29861

26 -0.620755

27 -0.520607

28 -0.472113

29 -0.409802

30 -0.555355

31 -0.478094

32 -0.445666

33 -0.452682

34 -0.513943

35 -0.525938

36 -0.514077

37 -0.585018

38 -0.655113

39 -0.606195

40 -0.642977

41 -0.933187

42 -0.975017

43 -0.964414

44 -1.02896

45 -1.07783

46 -0.99044

