6 -0.0267912

7 -0.0277699

8 -0.18821

9 -0.264204

10 -0.40763

11 -0.415813

12 -0.451753

13 -0.548903

14 -0.539441

15 -0.606076

16 -0.587204

17 -0.584705

18 -0.528886

19 -0.507025

20 -0.541925

21 -0.628307

22 -0.561346

23 -0.397693

24 -0.444943

25 -0.339755

26 -0.317232

27 -0.337349

28 -0.116972

29 0.0384788

30 0.309526

31 0.0569911

32 0.0748643

33 0.156927

34 0.0722716

35 0.244522

36 0.400568

37 0.457242

38 0.448649

39 0.562821

40 0.733041

41 0.687397

42 0.790751

43 0.835537

44 0.904623

45 0.708741

46 0.543172

47 0.383478

48 0.364542

49 0.678199

50 0.700963

51 0.704464

52 0.712744

53 0.651071

54 0.563185

55 0.569762

56 0.466002

57 0.37841

58 0.135603

59 -0.0245031

60 -0.671919

61 -0.705458

62 -0.66999

63 -0.431422

64 -0.444521

65 -0.322815

66 -0.358698

67 -0.308296

68 -0.288454

69 -0.281156

70 -0.222526

71 -0.202023

72 -0.330543

73 -0.31913

74 -0.242221

75 -0.412124

76 -0.544613

77 -0.600651

78 -0.610393

79 -0.727972

80 -0.623846

81 -0.812733

82 -0.758594

83 -0.850817

84 -0.83692

85 -0.825961

86 -0.878948

87 -0.947381

88 -0.969352

89 -1.07203

90 -1.06147

91 -0.871364

92 -0.46412

93 -0.267457

94 0.0218732

95 0.0733796

96 0.220485

97 0.189486

98 0.00657936

99 0.249746

100 0.197406

101 0.276173

102 0.168452

103 0.238955

104 0.242722

105 0.092815

106 0.0633177

107 0.0528205

108 0.0963089

109 0.0971676

110 0.261394

111 0.285554

112 0.319268

113 0.20234

114 0.0120609

115 -0.454601

