5 -0.0678075

6 -0.0343667

7 0.270527

8 0.582054

9 0.634561

10 0.626222

11 0.669916

12 0.661348

13 0.623082

14 0.613676

15 0.561526

16 0.558945

17 0.561267

18 0.847241

19 1.00799

20 0.811049

21 0.570961

22 0.588821

23 0.430576

24 0.0974899

25 0.127114

26 -0.595309

27 -0.298141

28 -0.250097

29 0.119159

30 0.0968567

31 -0.361665

32 -0.737172

33 -0.962391

34 -0.915143

35 -0.95116

36 -0.947151

37 -0.772095

38 -0.696713

39 -0.761119

40 -2.30565

41 -2.18398

42 -1.36248

43 -1.36112

44 -2.59977

45 -2.56123

46 -2.17854

47 -2.23875

