6 -0.0511017

7 -0.0480904

8 -0.00389138

9 -0.0672092

10 -0.0790087

11 -0.0225459

12 0.0085425

13 0.0153166

14 -0.0117247

15 -0.0977669

16 -0.0289827

17 -0.0896079

18 -0.151597

19 -0.00512587

20 0.0510769

21 0.103278

22 0.146639

23 0.202207

24 0.264582

25 0.163413

26 0.19901

27 0.0687291

28 -0.402553

29 -0.663143

30 -0.694564

31 -0.547292

32 -0.313158

33 -0.506418

34 -0.412868

35 -0.35732

36 -0.380729

37 -0.312327

38 -0.359805

39 -0.367157

40 -0.368991

41 -0.403318

42 -0.478375

43 -0.356328

44 -0.335905

45 -0.271497

46 -0.344818

47 -0.332128

48 -0.380971

49 -0.584246

50 -0.591219

51 -0.560389

52 -0.644926

53 -0.474701

54 -0.50401

55 -0.437779

56 -0.380085

57 -0.412059

58 -0.314387

59 -0.351913

60 -0.304188

61 -0.260164

62 -0.224147

63 -0.233639

64 -0.373963

65 -0.242264

66 0.0563177

67 0.0777206

68 0.0879618

69 0.116443

70 0.0881964

71 0.056371

72 0.0820259

73 0.195612

74 0.262683

75 0.259669

76 0.317301

77 0.200584

78 0.131846

79 0.166543

80 0.151966

81 0.238274

82 0.130411

83 -0.0795324

84 -0.169819

85 -0.209622

86 -0.273124

87 -0.3288

88 -0.108715

89 0.032479

90 -0.166715

91 -0.00859501

92 -0.0239818

93 -0.0135791

94 0.0448502

95 0.0785622

96 0.0282448

97 0.0479503

98 0.145815

99 0.0854061

100 -1.25607

101 -1.28895

102 -1.24764

103 -1.39969

104 -1.2194

105 -0.861309

106 -0.774083

107 -0.759193

108 -0.815247

109 -0.852663

110 -0.833732

111 -0.820492

112 -1.02904

113 -1.15164

114 -1.3389

115 -1.35121

116 -1.27238

117 -1.3975

118 -1.21602

119 -1.03979

120 -1.01163

121 -1.00656

122 -1.07132

123 -1.17782

124 -1.39094

125 -1.23731

126 -1.1768

127 -1.52927

128 -1.70552

129 -1.58834

130 -1.52423

131 -1.49337

132 -1.53914

133 -1.47963

134 -1.54921

135 -2.26492

