6 -0.0275714

7 -0.0689811

8 0.00313992

9 0.0991262

10 0.0741565

11 -0.0007487

12 0.0387201

13 0.106615

14 0.0515349

15 -0.113087

16 -0.170393

17 -0.190727

18 -0.20944

19 -0.283778

20 -0.239842

21 -0.131052

22 -0.15648

23 -0.370515

24 -0.311106

25 -0.474182

26 -0.468464

27 -0.422138

28 -0.254678

29 -0.0934313

30 -0.0737977

31 0.427568

32 0.629411

33 0.575852

34 0.610519

35 0.751293

36 0.755613

37 0.748313

38 0.714096

39 0.902535

40 0.810657

41 0.87115

42 0.942343

43 1.37936

44 1.29565

45 1.19884

46 1.34259

47 1.34084

48 1.50812

49 1.50984

50 1.47308

51 1.67468

52 1.90256

53 1.96818

54 2.14396

55 2.1955

56 2.08264

57 2.19693

58 2.2047

59 2.28654

60 2.3287

61 2.05854

62 2.24247

63 2.24131

64 2.17403

65 2.47093

66 2.41088

67 2.98872

68 2.99796

69 3.0139

70 3.07388

71 3.14182

72 3.16454

73 3.2091

74 3.35568

75 3.27928

76 3.33659

77 3.4516

78 3.49661

79 3.54175

80 3.67318

81 3.4087

82 3.62276

83 3.54647

84 4.26534

85 4.31257

86 4.39246

87 4.47764

88 4.66031

89 4.77878

90 4.62522

91 4.4536

92 4.35418

93 4.37066

94 4.57005

95 4.20472

96 4.02842

97 4.04711

98 4.08428

99 3.95617

100 3.84456

101 3.81968

