6 -0.00778915

7 -0.0174058

8 0.021149

9 0.0511197

10 0.0426005

11 0.03867

12 0.06196

13 0.086387

14 0.130059

15 0.186155

16 0.141889

17 0.14772

18 0.136226

19 0.125371

20 0.155888

21 0.137491

22 0.148218

23 0.144827

24 -0.328571

25 -0.303167

26 -0.313142

27 -0.532371

28 -0.493627

29 -0.222426

30 0.865061

31 0.899117

32 0.66486

33 0.651136

34 0.860646

35 0.924763

36 1.04786

37 1.02218

38 1.05709

39 1.06676

40 0.980289

41 0.840143

42 1.4571

43 1.61156

44 1.73954

45 1.78533

46 1.64678

47 1.55315

48 0.346242

49 0.204667

50 0.0501943

51 0.322081

52 0.398726

53 0.55107

54 0.559671

55 0.679432

56 0.583985

57 0.533052

58 -1.29968

59 -1.61348

60 -1.90098

61 -1.97129

62 -2.0757

63 -2.14584

64 -2.2723

65 -1.34508

