5 -0.155375

6 -0.117375

7 0.167547

8 0.467741

9 0.512091

10 0.505139

11 0.562463

12 0.556864

13 0.559918

14 0.557753

15 0.537886

16 0.515816

17 0.532581

18 0.803853

19 1.04461

20 0.989461

21 0.415845

22 0.454181

23 0.318168

24 0.123124

25 0.12696

26 -0.377539

27 0.561369

28 0.563862

29 0.0435499

30 -0.289135

31 -0.54035

32 -0.506496

33 -0.5248

34 -0.488181

35 -0.306109

36 -0.183099

37 -0.260115

38 -1.8054

39 -1.6878

40 -0.906514

41 -0.930181

42 -2.12652

43 -2.11948

44 -1.92924

