6 0.0831524

7 0.0685956

8 0.139495

9 0.0877394

10 0.147045

11 0.0878449

12 -0.0956685

13 -0.114837

14 -0.0199028

15 -0.0469805

16 0.0143211

17 0.00332353

18 0.0999903

19 0.335258

20 0.384988

21 0.560427

22 0.56005

23 0.668295

24 0.781961

25 0.861029

26 0.826298

27 0.886733

28 0.865572

29 0.784491

30 0.895575

31 1.01942

32 1.20894

33 1.24099

34 1.31605

35 1.29012

36 1.22948

37 1.22305

38 1.30899

39 1.29489

40 1.41995

41 1.49686

42 1.51044

43 1.60871

44 1.64365

45 1.71991

46 1.76479

47 1.84448

48 1.86166

49 1.91168

50 1.88607

51 1.69364

52 1.57766

53 1.47792

54 1.4583

55 1.58114

56 1.75468

57 1.82163

58 1.81477

59 1.82451

60 1.83405

61 1.78638

62 1.91209

63 2.07224

64 2.13133

65 2.14687

66 2.15604

67 2.17064

68 2.25596

69 2.16644

70 2.24528

71 2.40281

72 2.44508

73 2.52087

74 2.54985

75 2.43644

76 2.59451

77 2.66938

78 2.72363

79 2.80041

80 3.28698

81 3.32174

82 3.44222

83 3.494

84 3.58411

85 3.67353

86 3.70646

87 3.84876

88 3.82332

89 4.01027

90 3.88497

91 4.05319

92 4.15332

93 4.1166

