6 0.055729

7 0.119663

8 0.132

9 0.151051

10 0.153249

11 0.266287

12 0.35691

13 0.376139

14 0.341257

15 0.312577

16 0.397827

17 0.338266

18 0.447388

19 0.449463

20 0.374857

21 0.406001

22 0.215755

23 0.11309

24 -0.0225302

25 -0.0214989

26 -0.00870082

27 -0.098288

28 -0.0549812

29 0.0436745

30 0.215049

31 0.259429

32 0.241682

33 0.213185

34 0.241179

35 0.228489

36 0.229135

37 0.287155

38 0.258682

39 0.226817

40 0.100499

41 0.00692849

42 -0.0428421

43 0.0800585

44 0.0762665

45 0.0953417

46 0.0576917

47 0.10091

48 0.0477836

49 -0.043826

50 0.131749

51 0.328095

52 0.307604

53 0.193126

54 0.161482

55 0.240106

56 0.424317

57 0.3215

58 0.136784

59 0.0588439

60 0.107427

61 0.166207

62 0.227183

63 0.236864

64 0.24517

65 0.26406

66 0.167163

67 0.0245387

68 -0.102543

69 -0.357705

70 -0.403968

71 -0.475517

72 -0.458149

73 -0.582359

74 -1.1004

75 -1.11448

76 -1.08159

77 -1.03584

78 -1.18284

79 -1.18945

80 -1.31449

81 -1.25353

82 -1.26127

83 -1.1457

84 -1.20598

85 -1.7484

86 -1.77443

87 -1.68702

88 -1.79855

89 -2.25182

90 -2.33819

91 -2.47267

92 -2.61254

93 -2.53816

94 -2.73508

95 -2.64221

96 -2.44765

97 -2.4743

98 -2.49479

99 -2.54196

100 -2.58722

101 -2.64607

102 -2.66128

103 -2.7062

104 -2.70476

105 -2.73061

