5 -0.00571909

6 -0.00610279

7 -0.106312

8 -0.0243709

9 -0.057134

10 -0.0124792

11 0.0295734

12 0.0145483

13 -0.557815

14 -0.447638

15 -0.373695

16 -0.366306

17 -0.445408

18 -0.597335

19 -0.216297

20 -0.319093

21 -0.453603

22 -0.887619

23 -0.862396

24 -0.915325

25 -0.97332

26 -1.31909

27 -1.23451

28 -1.53826

29 -1.65716

30 -1.09492

31 -0.963487

32 -0.976096

33 -1.04082

34 -1.05497

35 -1.05637

36 -0.887508

37 -0.831273

38 -0.792429

39 -0.734859

40 -0.868832

41 -0.77913

42 -0.908438

43 -0.762874

44 -0.789094

45 -0.997712

46 -0.79221

47 0.249465

48 0.268972

49 0.112665

50 0.271769

51 0.226428

52 0.119554

53 0.540642

