5 -0.0101698

6 -0.00347141

7 -0.0166311

8 0.15298

9 0.121124

10 -0.314606

11 -0.238319

12 0.0603534

13 0.106886

14 -0.353205

15 -0.474452

16 -0.463986

17 -0.324456

18 0.663322

19 0.363601

20 -0.827845

21 -0.789144

22 -0.812756

23 -0.898743

24 -0.909667

25 -0.878919

26 -0.193049

27 0.0407117

28 0.149302

29 -0.0867951

30 -0.834521

31 -0.944358

32 -0.790119

33 -0.568214

34 -0.726697

35 -0.674213

36 -0.673811

37 -0.640056

38 -0.724668

39 -0.700548

40 -0.672213

41 -0.652718

42 -1.24393

43 -1.37342

44 -1.49116

45 -1.43211

46 -1.4064

47 -1.84902

48 -2.48423

49 -2.38266

50 -2.50428

51 -2.74159

52 -2.32205

53 -2.09686

54 -2.24523

55 -2.29048

56 -2.44902

57 -2.53935

