6 -0.0287876

7 -0.114538

8 -0.0193551

9 -0.0150164

10 -0.0423569

11 0.0186183

12 0.0185762

13 -0.019155

14 0.0150122

15 0.119274

16 -0.0262105

17 -0.0432636

18 -0.303173

19 -0.138355

20 -0.0846677

21 -0.0456358

22 -0.0388233

23 0.0417127

24 -0.0759067

25 -0.311407

26 -0.39485

27 -0.488717

28 -0.487025

29 -0.431232

30 -0.322411

31 -0.2659

32 -0.334419

33 -0.417652

34 -0.380238

35 -0.128293

36 -0.0777508

37 -0.0559278

38 -0.0131568

39 0.085644

40 -0.115095

41 -0.10402

42 -0.244017

43 -0.315692

44 -0.280599

45 -0.249041

46 -0.376461

47 -0.431239

48 -0.40549

49 -0.480133

50 -0.431977

51 0.211705

52 0.11342

53 0.439255

54 0.796389

55 0.801972

56 0.737158

57 0.83146

58 0.925306

59 0.994439

60 1.18164

61 1.12004

62 0.972542

63 0.112685

