6 -0.00959785

7 -0.0166951

8 -0.0318435

9 -0.03398

10 -0.0478052

11 -0.0454955

12 -0.119506

13 -0.215837

14 -0.229841

15 -0.285759

16 -0.294735

17 -0.233713

18 -0.439447

19 -0.368319

20 -0.431225

21 -0.438006

22 -0.434244

23 -0.388298

24 -0.26518

25 -0.277486

26 -0.295749

27 -0.275914

28 -0.309684

29 -0.350495

30 -0.345755

31 -0.362643

32 -0.351452

33 -0.315061

34 -0.513954

35 -1.2346

36 -1.2238

37 -1.23225

38 -1.20455

39 -1.08005

40 -1.1924

41 -1.24515

42 -1.17238

43 -1.40592

44 -1.43153

45 -1.33981

46 -1.33722

47 -1.25147

48 -1.34224

49 -1.20136

50 -1.25291

51 -1.43376

52 -1.44118

53 -1.39885

54 -1.36742

55 -1.33363

56 -1.4921

57 -1.58335

58 -1.72557

59 -1.74038

60 -1.80096

61 -1.74088

62 -1.79445

63 -1.7347

64 -0.163453

65 -0.0891921

66 -0.0686858

67 -0.0702648

68 -0.126391

69 -0.0640908

70 -0.230639

71 -0.322809

72 -0.379354

73 -0.439654

74 -1.40633

75 -1.40792

76 -1.41722

77 -1.55118

78 0.244425

