6 -0.104649

7 -0.0983337

8 -0.142039

9 0.00173367

10 0.110011

11 0.14387

12 0.201306

13 0.203315

14 0.26609

15 0.364575

16 0.371734

17 0.444074

18 0.492913

19 0.501808

20 0.610267

21 0.733877

22 0.748288

23 0.766689

24 0.775717

25 0.892197

26 1.04908

27 1.21305

28 1.26467

29 1.30894

30 1.33945

31 1.37897

32 1.50628

33 1.63675

34 1.62724

35 1.20472

36 1.17199

37 1.18009

38 1.19223

39 1.02609

40 0.88356

41 0.797165

42 0.705885

43 0.579374

44 0.506715

45 0.585824

46 0.70949

47 0.724136

48 0.616205

