6 0.065927

7 0.0510075

8 -0.0260355

9 -0.0637739

10 -0.0921962

11 -0.073692

12 -0.0938271

13 -0.103113

14 -0.0954999

15 0.00390618

16 -0.155665

17 -0.135421

18 -0.426962

19 -0.645401

20 -0.61172

21 -0.658602

22 -0.512061

23 -0.499756

24 -0.569988

25 -0.551228

26 -0.647686

27 -1.1017

28 -1.12321

29 -1.13811

30 -1.19255

31 -1.13533

32 -1.14755

33 -1.15264

34 -0.588536

35 -0.595945

36 -0.504832

37 -0.412777

38 -0.400612

39 -0.500423

40 -0.485396

41 -0.255309

42 -0.111141

43 -0.00470457

44 -0.0265188

45 -0.0205188

46 -0.0231566

47 0.0114103

48 0.0956568

49 0.273189

50 0.233084

51 0.0176424

52 -0.0313919

53 -0.0763759

54 0.0507005

55 0.284388

56 0.204289

57 0.051443

58 0.505315

59 0.752697

60 0.960555

61 1.098

62 1.19364

63 1.24979

64 1.18805

65 1.44955

66 1.51234

67 1.51492

68 1.59974

69 1.58613

70 1.64764

71 1.65445

72 1.69866

73 1.45933

74 1.60315

75 1.93953

76 2.08338

77 2.08605

78 2.24303

79 2.22964

80 2.2981

81 2.33988

82 2.31788

83 2.13302

84 1.88953

85 1.22741

86 1.01967

87 0.970405

88 0.927094

89 1.15597

90 1.24049

91 1.30264

92 1.38687

93 1.40319

94 1.23723

95 1.26314

