6 -0.058884

7 -0.0771051

8 -0.0405982

9 -0.0864119

10 -0.294074

11 -0.289408

12 -0.18624

13 -0.222378

14 -0.203215

15 -0.371403

16 -0.359421

17 -0.487764

18 -0.532227

19 -0.507106

20 -0.444024

21 -0.453221

22 -0.345654

23 -0.296856

24 -0.329175

25 -0.324756

26 -0.287011

27 -0.0725188

28 -0.0102735

29 -0.53426

30 -0.672584

31 -0.671697

32 -0.609181

33 -0.543004

34 -0.542365

35 -0.742142

36 -0.740582

37 -0.7668

38 -0.817828

39 -0.831169

40 -0.830617

41 -0.91272

42 -0.86163

43 -0.734424

44 -0.705426

45 -0.717009

46 -0.788258

47 -0.739096

48 -0.757931

49 -0.911115

50 -0.966913

51 -1.16478

52 -1.13484

53 -1.1443

54 -1.13808

55 -1.19152

56 -1.24926

57 -1.4803

58 -1.47883

59 -1.54673

60 -1.60132

61 -1.50491

62 -1.66561

63 -1.62488

64 -2.05643

65 -2.09006

66 -2.3544

67 -2.506

68 -2.72989

69 -2.7839

70 -2.87012

71 -2.79765

72 -2.67452

