6 0.086891

7 0.0890526

8 0.0860265

9 0.0938563

10 0.132533

11 0.0445346

12 0.0145655

13 0.0298891

14 0.155635

15 0.231566

16 0.114011

17 0.135703

18 0.00664965

19 -0.0298919

20 -0.0828932

21 -0.206364

22 -0.263411

23 -0.299145

24 -0.344383

25 -0.316776

26 -0.221437

27 -0.325722

28 -0.529435

29 -0.58057

30 -0.71193

31 -0.751883

32 -0.818195

33 -0.891139

34 -0.92884

35 -0.955932

36 -1.08264

37 -0.891178

38 -1.22656

39 -1.52431

40 -1.57697

41 -1.52604

42 -1.47492

43 -1.47186

44 -1.71481

45 -1.63883

46 -1.75496

47 -1.88892

48 -1.98239

49 -2.04383

50 -2.3079

51 -2.35583

52 -2.4031

53 -2.23033

54 -2.49479

55 -2.45771

56 -2.64014

57 -2.70632

58 -2.67837

59 -2.7664

60 -2.81208

61 -2.80962

62 -2.93913

63 -2.87942

64 -3.10331

65 -3.10739

66 -3.23496

67 -3.29106

68 -3.29493

69 -3.35373

70 -3.24835

71 -3.06317

72 -3.06717

73 -3.15734

74 -3.52667

75 -3.56861

76 -3.60975

77 -3.62656

78 -3.51504

79 -3.55716

80 -3.73626

81 -3.69231

82 -4.15836

83 -4.19278

84 -4.11918

85 -4.06796

86 -4.04812

87 -3.9978

88 -3.98795

89 -4.04823

90 -4.05474

91 -3.83623

92 -4.04924

93 -4.5563

94 -4.67146

95 -4.6263

96 -4.64085

97 -4.65869

98 -4.76351

99 -5.14631

100 -5.19406

101 -5.17192

102 -5.12861

103 -4.98169

104 -5.39286

105 -5.45822

106 -5.4402

107 -5.38463

108 -5.48872

109 -5.57232

110 -5.63199

111 -5.64536

112 -5.67338

113 -5.67681

114 -5.49241

115 -5.75784

116 -5.79275

117 -6.05321

118 -6.15654

119 -6.07629

120 -5.97313

121 -6.03257

122 -6.24917

123 -6.94213

124 -6.99973

125 -6.92194

126 -7.01542

127 -7.0378

128 -7.03528

129 -7.18847

130 -7.2392

131 -7.15602

132 -7.32065

133 -7.37585

134 -7.42179

135 -7.67101

136 -7.69602

137 -7.69893

138 -7.63803

139 -7.46414

140 -7.58777

141 -7.88542

142 -7.97926

143 -7.86277

144 -7.92906

145 -7.92282

146 -8.20995

147 -8.24199

148 -8.37031

149 -8.64906

150 -8.82049

151 -8.96375

152 -9.03628

153 -8.93745

154 -8.70477

155 -8.70389

156 -8.79568

157 -8.86694

158 -8.84949

159 -8.99999

160 -8.99607

161 -8.99328

162 -9.08926

163 -9.18907

164 -9.19356

165 -9.25968

166 -9.23636

167 -9.37475

168 -9.50331

169 -9.34923

170 -9.4711

171 -9.35014

172 -9.42759

173 -9.51318

174 -9.80712

175 -10.6502

176 -10.925

177 -10.9763

178 -11.0479

179 -10.7632

180 -11.0674

181 -11.0367

182 -10.7856

183 -10.4247

184 -10.4928

185 -10.4756

186 -10.6782

187 -10.7224

188 -11.4004

189 -11.613

190 -11.796

191 -11.8588

192 -11.7689

193 -11.5559

194 -11.5152

195 -11.4701

196 -11.6049

197 -11.605

198 -11.7158

199 -11.708

200 -11.8093

201 -11.8127

202 -11.8379

203 -11.8928

204 -11.9271

205 -11.9587

206 -11.974

207 -12.0485

208 -12.0534

209 -12.0512

210 -11.9811

211 -11.9365

212 -11.9315

213 -11.953

214 -11.9774

215 -11.9803

216 -12.0165

