6 0.0963102

7 0.0717743

8 -0.000897277

9 -0.227289

10 -0.219123

11 -0.194245

12 -0.184604

13 -0.286028

14 -0.327312

15 -0.274876

16 -0.380623

17 -0.266041

18 -0.367725

19 -0.322527

20 -0.447924

21 -0.188769

22 0.069215

23 0.687299

24 0.669373

25 0.616823

26 0.641186

27 0.627133

28 0.624197

29 0.68435

30 0.75384

31 0.752087

32 0.598316

33 0.562237

34 0.565728

35 0.52652

36 0.59737

37 1.20503

38 1.25556

39 1.36427

40 1.5511

41 1.40521

42 1.54824

43 1.50656

44 1.45948

45 1.49739

46 1.36901

47 1.47601

48 1.37408

