6 0.00948124

7 -0.00503436

8 0.0588769

9 0.260526

10 0.256255

11 0.340247

12 0.274269

13 0.383046

14 0.382861

15 0.216086

16 0.137005

17 0.140181

18 0.163404

19 0.156794

20 0.265785

21 0.542904

22 0.720803

23 0.771029

24 0.886196

25 0.906629

26 1.00194

27 1.18253

28 1.18649

29 1.29689

30 1.31967

31 1.31774

32 1.27654

33 1.32379

34 1.43198

35 1.60158

36 1.65896

37 1.55314

38 1.65923

39 1.69813

40 1.71341

41 1.71596

42 1.76263

43 1.76261

44 1.73942

45 1.64334

46 1.47365

47 1.40963

48 1.25175

49 1.14671

50 1.11531

51 1.11384

