6 -0.155245

7 -0.175052

8 -0.207544

9 -0.167944

10 -0.344815

11 -0.687433

12 -0.750014

13 -0.702161

14 -0.631261

15 -0.614773

16 -0.62075

17 -0.591892

18 -0.685872

19 -0.758326

20 -0.713729

21 -0.823632

22 -0.950488

23 -0.943717

24 -0.96768

25 -1.08575

26 -1.25947

27 -1.34373

28 -1.44889

29 -1.57219

30 -1.56265

31 -1.574

32 -1.52812

33 -1.44128

34 -1.35035

35 -1.19607

36 -1.15254

37 -1.047

38 -1.04098

39 -1.07004

40 -1.02915

41 -0.918347

42 -1.04287

43 -1.02035

44 -1.67478

