6 0.0360629

7 0.0475536

8 0.00955683

9 -0.043867

10 0.00194386

11 0.0578792

12 0.110859

13 0.106555

14 0.0773096

15 -0.0211873

16 -0.432816

17 -0.708544

18 -0.747092

19 -0.730326

20 -0.788093

21 -0.874855

22 -0.876739

23 -0.848813

24 -0.724433

25 -0.789906

26 -1.82179

27 -1.95804

28 -2.06367

29 -2.13538

30 -2.16478

31 -2.12464

32 -2.10594

33 -2.15106

34 -2.15112

35 -2.09586

36 -1.97294

37 -2.13789

38 -2.07407

39 -2.61306

40 -2.8655

41 -2.70438

42 -2.76517

43 -3.70143

44 -3.71054

45 -3.70464

46 -3.53752

47 -3.64776

48 -3.3587

49 -3.01906

50 -3.05065

51 -2.9993

52 -2.96857

53 -2.87267

54 -2.6988

55 -2.57902

56 -2.56906

57 -2.48781

58 -2.41831

59 -2.49192

60 -3.40552

61 -3.70637

62 -3.60919

63 -3.57602

64 -3.5518

65 -3.56981

66 -3.59467

67 -3.55592

68 -3.47767

69 -3.43325

70 -3.43255

71 -3.44574

72 -3.58882

73 -2.76042

74 -2.74443

75 -2.80043

76 -2.81901

77 -2.70597

78 -2.55369

79 -2.52941

80 -1.77415

81 -1.60828

82 -1.55263

83 -1.5979

84 -1.7208

85 -2.11439

86 -2.78222

87 -2.87522

88 -3.0199

