6 0.00925138

7 0.0110505

8 -0.00760252

9 -0.00683102

10 0.0323955

11 0.0350807

12 0.0269536

13 0.219509

14 0.147347

15 0.269582

16 0.262357

17 0.597676

18 1.0451

19 1.11339

20 1.10047

21 1.06031

22 1.12834

23 0.89908

24 0.843928

25 0.94813

26 0.764917

27 0.955765

28 1.65564

29 1.84735

30 1.99412

31 2.02246

32 2.01207

33 2.03943

34 2.14816

35 1.78184

36 1.92603

37 1.95391

38 2.05434

39 2.23324

40 2.38644

41 2.4569

42 2.58584

43 2.52924

44 2.55539

45 2.58389

46 2.57969

47 2.56942

48 2.55732

49 2.5289

50 2.46762

51 2.47774

52 2.44313

53 2.27537

54 2.3444

55 2.38841

56 2.34823

57 2.54802

58 2.60317

59 2.49116

60 2.64559

61 2.63615

62 2.91482

63 2.99272

64 2.98441

65 3.28653

66 3.25661

67 3.33759

68 3.32516

69 3.38958

70 3.3075

71 3.1569

72 3.15194

73 3.14516

74 3.03914

75 3.0187

76 3.29987

77 3.76527

78 3.79562

79 3.594

80 4.63684

81 4.66611

82 4.72846

83 4.74919

84 4.76487

85 4.64865

86 4.69344

87 4.74876

88 4.84269

89 4.82229

90 4.73677

91 4.69464

92 5.01157

93 4.50659

94 4.4472

95 4.29538

96 4.16412

97 4.1649

98 4.07702

99 4.0565

100 3.96899

101 3.85375

102 3.95502

103 3.95662

104 4.45592

105 4.43294

106 4.42071

107 4.20334

