6 0.110474

7 0.149126

8 0.14887

9 0.222577

10 0.292423

11 -0.746799

12 -0.824664

13 -0.754104

14 -0.665443

15 -0.556449

16 -0.647903

17 -0.575106

18 -0.6613

19 -0.687689

20 -0.744243

21 -0.758184

22 -0.893021

23 -0.847325

24 -0.813825

25 -0.755657

26 -0.66355

27 -0.681219

28 -0.675032

29 -0.737041

30 -0.633864

31 -0.425112

32 -0.295179

33 -0.264681

34 0.406268

35 0.490857

36 0.513691

37 0.320803

38 -1.00142

39 -1.05159

40 -1.14548

41 -1.1685

42 -1.20746

43 -1.21703

44 -1.27382

45 -1.35327

46 -1.33292

47 -1.25293

48 -1.21248

49 -1.1448

50 -1.02222

51 -1.07285

52 -1.14216

53 -1.14681

54 -1.06245

55 -1.04086

56 -0.942417

57 -0.972575

58 -0.876454

59 -0.870316

60 -0.834338

61 -0.829215

62 -0.840775

63 -0.830816

64 -0.882613

65 -0.949563

66 -1.013

67 -1.48454

68 -1.71327

69 -1.85937

70 -1.88259

71 -1.68949

72 -1.76273

73 -1.50537

74 -1.33476

75 -1.41556

76 -1.37173

77 -1.3199

78 -1.47615

79 -1.46196

80 -1.61711

81 -1.71854

82 -1.79758

83 -1.90423

84 -1.93959

85 -1.98304

86 -2.01708

87 -2.14922

88 -2.14358

89 -2.02929

90 -2.20267

91 -2.15766

92 -2.27658

93 -2.25894

94 -2.24135

95 -2.29052

96 -2.29556

97 -2.10093

98 -2.00938

99 -1.92334

100 -1.94005

101 -1.92195

102 -1.87297

103 -1.97412

104 -1.89723

105 -1.9737

106 -2.01815

107 -2.11934

108 -2.29408

109 -2.34732

110 -2.59464

111 -2.66554

112 -2.70373

113 -2.6763

114 -2.83296

115 -2.87657

116 -2.81441

117 -2.90551

118 -2.89709

119 -2.99726

120 -3.08046

121 -3.16351

122 -3.17894

123 -3.20827

124 -3.31509

125 -3.36907

126 -3.38935

127 -3.44973

128 -3.33389

129 -3.07567

130 -2.92981

131 -2.87059

132 -2.85534

133 -2.74235

134 -2.71039

135 -2.70897

136 -2.70845

137 -2.59158

138 -2.39845

139 -2.31829

140 -2.31687

141 -2.26941

142 -2.13339

143 -2.06465

144 -2.0709

145 -1.95471

146 -1.89289

147 -1.96772

148 -1.96302

149 -1.98138

150 -2.09999

151 -2.14825

152 -2.15678

153 -2.18971

154 -2.18637

155 -2.03883

156 -2.00317

157 -2.16772

158 -1.97098

159 -1.76632

160 -1.54016

161 -1.55621

162 -1.50883

163 -1.72068

164 -1.77603

165 -1.58846

166 -1.65449

167 -1.66987

168 -1.81669

169 -1.67124

170 -1.7141

171 -1.67629

172 -1.62955

173 -1.5607

174 -1.49924

175 -1.4407

176 -1.32341

177 -1.24886

178 -1.18034

179 -1.2669

180 -1.30956

181 -1.31756

182 -1.41906

