5 0.0507731

8 0.030579

11 0.0315216

14 -0.0687951

17 -0.37438

20 -0.340098

23 -0.562803

26 -0.687895

29 -0.912797

32 -0.883826

35 -1.28698

38 -1.42745

41 -1.62432

44 -1.92155

47 -2.06101

50 -2.17903

53 -2.35746

56 -2.28073

59 -2.78794

62 -2.90697

65 -3.06939

68 -2.96176

71 -3.40378

74 -3.63223

77 -3.88455

80 -3.88247

83 -4.1661

86 -4.44949

89 -4.70956

92 -4.7254

95 -5.00737

98 -5.34684

101 -5.58666

104 -5.52491

107 -5.7711

110 -6.37494

113 -6.48263

116 -6.2244

119 -7.40053

122 -7.58235

125 -7.16426

128 -7.17172

131 -7.66221

134 -7.57067

