6 0.0224605

7 0.00196821

8 -0.0206955

9 -0.054451

10 -0.053648

11 -0.0658609

12 0.0062516

13 -0.0418385

14 -0.146168

15 -0.136801

16 -0.145844

17 -0.171665

18 -0.0874404

19 -0.0387155

20 -0.264811

21 -0.266728

22 -0.559755

23 -0.773626

24 -0.912804

25 -0.701722

26 -0.710529

27 -0.573912

28 -0.441189

29 -0.466882

30 -0.381756

31 -0.215475

32 -0.217584

33 -0.0716248

34 -0.00195496

35 0.0323656

36 -0.142103

37 -0.267579

38 -0.234826

39 -0.329816

40 -0.245895

41 -0.136773

42 -0.116957

43 0.065776

44 0.133022

45 0.134549

46 0.0735029

47 0.199286

48 0.220586

49 0.193698

50 0.206076

51 0.200232

52 0.124052

53 0.153528

54 0.101873

55 0.091903

56 -0.0390279

57 0.80386

58 0.84619

59 0.823854

60 0.779695

61 0.630594

62 0.508315

63 0.10786

64 0.226383

65 0.416434

66 0.503269

67 0.538312

68 0.476156

69 0.36363

70 0.419485

71 0.393845

72 0.547948

73 0.721378

74 0.81789

75 0.781345

76 0.739501

77 0.897748

78 0.774703

79 0.861587

80 0.585465

81 0.49008

82 0.485659

83 0.58109

84 0.560031

85 0.538895

86 0.566511

87 0.573035

88 0.591292

89 0.703658

