6 0.0556394

7 0.118222

8 0.241234

9 0.223072

10 0.227848

11 0.229519

12 0.242369

13 0.237734

14 0.226397

15 0.283164

16 0.340054

17 0.367398

18 0.264319

19 0.218107

20 0.190118

21 0.143082

22 0.113613

23 0.183517

24 0.295507

25 0.291614

26 0.317332

27 0.319879

28 0.0905642

29 -0.234223

30 -0.387827

31 -0.587029

32 -0.640636

33 -0.681604

34 -0.819249

35 -0.867269

36 -0.91898

37 -0.956623

38 -0.79295

39 -0.704131

40 -1.01763

41 -0.945834

42 -0.67597

43 0.0537715

44 0.105434

45 0.189571

46 0.237233

47 0.075328

48 0.00130115

49 -0.000675134

50 -0.163376

51 -0.446741

52 -1.33327

53 -1.78502

54 -1.69098

55 -1.31868

56 -1.20555

57 -1.23338

58 -1.12349

59 -0.92493

60 -0.820746

61 -0.774598

62 -0.808039

63 -0.753311

64 -0.9863

65 -1.01986

66 -1.28283

67 -1.40163

68 -1.37072

69 -1.237

70 -1.23454

71 -1.39953

72 -1.18162

73 -0.87332

74 -0.831655

75 -0.954758

76 -0.731644

77 -0.752106

78 -0.692041

79 -0.690597

80 -0.744302

81 -0.72154

82 -0.793744

83 -0.849469

84 -0.855089

85 -0.863353

86 -0.920103

87 -1.05032

88 -1.13331

89 -1.40378

90 -1.40358

91 -1.40998

92 -1.43351

93 -1.46781

94 -1.50512

95 -1.40509

96 -1.4453

97 -1.37818

98 -1.3781

99 -1.45351

100 -1.53334

101 -1.46716

102 -1.44627

103 -1.43482

104 -1.50086

105 -1.49786

106 -0.293063

107 -0.195871

108 -0.108759

109 -0.109871

110 -0.13756

111 0.028206

112 0.0899431

113 0.100444

114 0.0486596

115 0.108975

116 0.257626

117 0.347792

118 0.209934

119 0.247483

120 -0.13798

121 -0.152091

122 -0.181751

123 -0.390084

124 -0.348093

125 -0.289176

126 -0.306789

127 -0.284079

128 -0.290708

129 -0.22683

130 -0.11018

131 -0.0548306

132 -0.0593228

133 -0.0943189

134 -0.114991

135 -0.149972

136 -0.172977

137 -0.0835528

138 -0.105124

139 -0.302958

140 -0.265103

141 -0.246701

142 -0.370671

143 -0.348519

144 -0.394337

145 -0.379668

146 -0.400075

147 -0.144065

148 -0.191216

149 -0.0218592

150 -0.0397267

151 -0.0929677

152 -0.135509

153 -0.11943

154 -0.259544

155 -0.208917

156 -0.00685695

157 0.023971

158 0.197688

159 0.310426

160 0.402536

161 0.469575

162 0.516405

163 0.483725

164 0.414587

165 0.525461

166 0.67097

167 0.694679

168 0.461447

169 0.444725

170 0.566971

171 0.648446

