6 0.0985845

7 0.114681

8 0.110278

9 0.0453822

10 0.0514279

11 0.212828

12 0.218752

13 0.255917

14 0.322774

15 0.466408

16 0.538227

17 0.547977

18 0.526824

19 0.602604

20 0.458122

21 0.56514

22 0.687081

23 0.72952

24 0.631392

25 0.540709

26 0.645153

27 0.52554

28 0.459868

29 0.153844

30 0.25074

31 0.275139

32 0.346788

33 0.209149

34 0.137354

35 0.0489328

36 -0.567189

37 -0.6542

38 -0.886388

39 -0.904397

40 -0.803451

41 -0.949226

42 -0.88171

43 -0.755358

44 -0.763831

45 -0.78211

46 -0.686046

47 -0.628553

48 -0.601033

49 -0.644373

50 -0.544515

51 -0.586379

52 -0.529355

53 -0.386434

54 -0.349891

55 -0.294593

56 -0.198091

57 -0.154457

58 -0.0994181

59 0.00362093

60 0.0894754

61 0.169038

62 0.139278

63 0.190989

64 0.220927

65 0.136262

66 0.231355

67 0.105901

68 -0.748879

69 -0.891409

70 -0.919478

71 -0.943035

72 -0.756656

73 -0.685918

74 -0.683229

75 -0.512811

76 -0.650369

77 -0.395568

78 -0.381814

79 -0.279296

80 -0.285655

81 -0.164301

82 -0.0992703

83 -0.109615

84 -0.128518

85 -0.203304

86 -0.188498

87 -0.140395

88 -0.161001

89 0.0150304

90 -0.0237739

91 0.199606

92 0.392251

93 0.419552

94 0.341226

95 0.429742

96 0.469033

97 0.457451

98 0.424614

99 0.386615

100 0.467688

101 0.245032

102 0.177729

103 -0.035311

104 0.0581756

105 0.137108

106 0.108347

107 0.129392

108 0.192997

109 0.182486

110 0.0892595

111 0.268362

112 0.00931559

113 -1.15674

114 -1.31891

