6 -0.0667381

7 -0.113585

8 -0.111059

9 -0.160694

10 -0.171983

11 -0.156149

12 -0.203133

13 -0.205786

14 -0.247537

15 -0.252793

16 -0.188905

17 -0.410578

18 -0.431502

19 -0.541378

20 -0.511867

21 -0.45704

22 -0.500474

23 -0.429382

24 -0.416175

25 -0.396837

26 -0.330299

27 -0.328536

28 -0.348758

29 -0.428972

30 -1.21749

31 -1.1559

32 -1.15684

33 -1.12206

34 -1.14198

35 -1.12716

36 -0.972689

37 -0.939922

38 -0.888401

39 -0.860946

40 -0.904503

41 -1.05994

42 -1.07068

43 -1.26053

44 -1.58175

45 -1.53327

46 -1.49393

47 -1.46928

48 -1.4631

49 -1.35449

50 -1.43287

51 -1.84397

52 -1.91926

53 -1.80987

54 -1.75341

55 -1.768

56 -1.77205

57 -1.80504

58 -1.77385

59 -1.77526

60 -1.66638

61 -1.57975

62 -1.54577

63 -1.58648

64 -1.5816

65 -1.61448

66 -1.89223

67 -1.97206

68 -2.07847

69 -2.08546

70 -2.07013

71 -1.93735

72 -1.94488

73 -2.15367

74 -2.29716

75 -2.39632

76 -2.30816

77 -2.06191

78 -1.94503

79 -1.81542

