6 0.0120993

7 0.00434248

8 0.0232454

9 0.00361219

10 -0.00329742

11 -0.00849457

12 -0.0482622

13 0.0387799

14 0.258453

15 0.225224

16 0.302343

17 0.372452

18 0.403114

19 0.480691

20 0.393542

21 0.275916

22 0.291515

23 0.0672366

24 -0.0274232

25 -0.264114

26 -0.346925

27 -0.191033

28 -0.185305

29 -0.192852

30 -0.2266

31 -0.25779

32 -0.255241

33 -0.217638

34 -0.160872

35 -0.210446

36 -0.15309

37 -0.297225

38 -0.168528

39 -0.107535

40 -0.200819

41 -0.355036

42 -0.317471

43 -0.606088

44 -1.06691

45 -1.16159

46 -1.18036

47 -1.23133

48 -1.28848

49 -1.20556

50 -1.41027

51 -1.41027

52 -1.65035

53 -1.65563

54 -1.55081

55 -1.56143

56 -1.59687

57 -1.60588

58 -1.69287

59 -1.70607

60 -1.72229

61 -1.59566

62 -1.35544

63 -1.31946

64 -1.31726

65 -1.21437

66 -1.25379

67 -1.1923

68 -1.17777

69 -1.05306

70 -1.02036

71 -0.955457

72 -0.893503

73 -0.89381

74 -0.903168

75 -0.901018

76 -0.886015

77 -0.86513

78 -1.00101

79 -0.965707

80 -1.15953

81 -1.04402

82 -0.933743

83 -0.871007

84 -0.977453

85 -0.824653

86 -0.687119

87 -0.63789

88 -0.603698

89 -0.605243

90 -0.673872

91 -0.536213

92 -0.628018

93 -0.555179

94 -0.469593

95 -0.458736

96 -0.569633

97 -0.116579

98 -0.0816276

99 -0.187834

100 -0.269959

101 -1.33188

102 -1.30174

103 -1.31459

104 -1.41649

105 -1.07992

106 -1.05172

107 -0.937845

108 -0.860081

109 -0.702257

110 -0.646499

111 -0.743622

112 -0.831945

113 -0.854946

114 -0.906496

115 -1.0984

116 -1.1257

117 -1.08153

118 -1.3564

119 -1.41613

120 -1.45333

121 -1.48687

122 -1.38734

123 -1.4

124 -1.18664

125 -1.06388

126 -0.499611

127 -0.334731

128 -0.133175

129 -0.189806

130 -0.399018

131 -0.711674

132 -0.920717

133 -1.27053

134 -1.27775

135 -1.24656

136 -1.24617

137 -1.34833

138 -1.36311

139 -1.41425

140 -1.31694

141 -1.27841

142 -1.17517

143 -1.35741

144 -1.07104

145 -0.82482

146 -0.792132

147 -1.14747

148 -0.949495

149 -0.676491

150 -0.603036

151 -0.571098

152 -1.06582

