6 -0.0511235

7 -0.09291

8 -0.0343917

9 -0.0797376

10 0.00235356

11 -0.109665

12 -0.0233556

13 -0.022737

14 0.0412693

15 -0.0608295

16 0.0275632

17 -0.0258449

18 -0.0593592

19 -0.0583505

20 -0.0417199

21 0.019976

22 -0.0279846

23 -0.015953

24 0.0235709

25 -0.0657654

26 -0.0762787

27 -0.0407173

28 -0.03595

29 -0.0207006

30 0.0838675

31 0.0308562

32 0.130662

33 0.401918

34 0.448694

35 0.864261

36 0.909577

37 0.962454

38 1.05786

39 1.04118

40 0.969961

41 1.06815

42 0.810454

43 0.771567

44 0.886979

45 0.988872

46 0.9263

47 0.940926

48 1.07928

49 0.983506

50 1.44004

51 1.5354

52 1.58151

53 1.67249

54 1.67442

55 1.76272

56 1.56604

57 1.50398

58 1.65859

59 1.95553

60 1.91712

61 1.92022

62 2.0087

63 2.33147

64 2.52866

65 2.34371

66 2.64724

67 3.2736

68 3.19929

69 3.29176

70 3.3668

71 3.3467

72 3.1797

73 3.29809

74 3.00727

75 2.94173

76 2.82506

77 2.81522

78 2.61196

79 2.57005

80 2.71228

81 2.80974

82 3.01685

83 3.19885

84 3.32479

85 3.42396

86 3.3183

87 3.32806

88 3.35267

89 3.3069

90 3.28474

91 3.24795

92 3.25701

93 3.23064

94 3.30793

95 3.19199

96 3.48447

97 3.84172

98 3.8302

99 3.88407

100 3.94761

101 3.92426

102 3.97609

103 3.92934

104 3.90158

105 3.90421

106 3.84273

107 3.72785

108 3.77664

109 3.68601

110 3.66247

111 3.36591

112 3.00986

113 2.87359

114 3.32266

115 3.70165

116 3.73608

117 3.97015

118 3.76605

119 3.79921

120 4.32505

121 5.05788

122 5.09689

123 5.03325

124 4.92985

125 5.00425

126 4.75635

127 4.66349

128 4.5184

129 4.49475

130 4.42954

131 4.3489

132 4.09788

133 4.31414

134 4.45937

135 4.59753

136 4.39039

137 4.53487

138 3.88127

139 4.09668

140 4.13852

141 4.14234

142 4.21444

143 4.4382

144 4.44545

145 4.49432

146 4.56693

147 4.37424

148 3.70316

149 3.65662

150 3.63261

151 3.53858

152 1.9492

153 1.88398

154 1.96515

155 1.85267

156 1.88178

157 1.88273

158 1.83703

159 1.47459

160 1.4908

161 1.5598

162 1.52166

163 1.46984

164 1.38022

165 1.40439

166 1.35895

167 1.25146

168 0.863743

169 1.1198

170 1.33414

171 0.987215

172 0.749231

173 0.850114

174 0.548032

175 0.652974

176 0.423778

177 0.370695

