6 0.0135236

7 0.0947174

8 0.223116

9 0.343606

10 0.424862

11 0.416864

12 0.435173

13 0.398591

14 0.395619

15 0.385426

16 0.28674

17 0.344726

18 0.415971

19 0.441432

20 0.497217

21 0.423745

22 0.295678

23 0.303821

24 0.127028

25 0.0610772

26 -0.168211

27 -0.251945

28 -0.108005

29 -0.0621657

30 -0.0803349

31 -0.110872

32 -0.141486

33 -0.132041

34 -0.0936689

35 -0.0782755

36 -0.134228

37 -0.100988

38 0.0448613

39 0.0622745

40 -0.0905078

41 0.143959

42 0.133576

43 -0.647703

44 -0.721033

45 -0.728591

46 -0.813891

47 -0.799872

48 -0.757754

49 -0.717049

50 -0.738346

51 -1.01804

52 -0.981153

53 -0.926216

54 -1.00272

55 -0.99084

56 -0.961819

57 -0.991499

58 -1.00735

59 -1.0672

60 -1.06179

61 -1.02679

62 -1.03132

63 -0.905787

64 -0.941982

65 -0.845254

66 -0.826738

67 -0.686511

68 -0.647523

69 -0.602455

70 -0.55412

71 -0.577177

72 -0.597782

73 -0.624732

74 -0.634648

75 -0.639176

76 -0.722639

77 -0.642434

78 -0.818386

79 -0.682071

80 -0.559898

81 -0.515683

82 -0.590917

83 -0.442032

84 -0.309544

85 -0.28681

86 -0.303859

87 -0.340942

88 -0.388448

89 -0.344325

90 -0.412694

91 -0.322824

92 -0.308961

93 -0.415338

94 -0.046476

95 -0.0117823

96 0.0586615

97 0.00162744

98 -0.0801185

99 -1.03281

100 -1.10173

101 -1.04837

102 -1.0034

103 -0.895667

104 -0.918759

105 -0.913132

106 -0.786381

107 -0.857043

108 -0.522859

109 -0.523707

110 -0.360955

111 -0.230234

112 -0.120918

113 -0.0382965

114 -0.0888181

115 -0.205431

116 -0.249808

117 -0.414107

118 -0.52461

119 -0.574556

120 -0.546393

121 -0.669456

122 -0.746119

123 -0.829123

124 -0.771264

125 -0.672159

126 -0.709968

127 -0.620462

128 -0.432282

129 -0.312652

130 -0.151482

131 0.372401

132 0.52558

133 0.682566

134 0.660135

135 0.486246

136 0.191144

137 0.0280611

138 -0.260492

139 -0.262771

140 -0.284666

141 -0.394289

142 -0.393038

143 -0.372009

144 -0.288401

145 -0.333758

146 -0.239886

147 -0.357273

148 -0.549246

149 -0.474928

150 -0.0610886

151 0.165937

152 0.234755

153 -0.0868635

154 0.0882599

155 0.352129

156 0.411763

157 0.421849

158 0.327593

159 0.334039

