6 -0.0131043

7 -0.061481

8 -0.0860413

9 -0.114185

10 -0.142609

11 -0.0704202

12 0.0178681

13 0.146852

14 0.113984

15 0.160094

16 0.257459

17 0.397767

18 0.415985

19 0.223512

20 0.37723

21 0.658534

22 0.873201

23 1.01632

24 0.970755

25 0.995305

26 1.08108

27 1.18483

28 1.22807

29 1.40379

30 1.77844

31 1.779

32 1.68808

33 1.67794

34 1.57113

35 1.57209

36 1.61138

37 1.43546

38 1.3506

39 1.30902

40 1.18934

41 1.04465

42 0.929086

43 0.828737

44 0.751729

45 0.748368

46 0.68787

47 0.697259

48 0.625116

49 0.638022

50 0.665462

51 0.759973

52 0.783711

53 0.878435

54 0.973101

55 0.982551

