6 0.107646

7 0.0765854

8 0.28491

9 0.108882

10 -0.022383

11 -0.0730052

12 -0.0612126

13 -0.0293337

14 -0.0628313

15 -0.0699683

16 -0.135466

17 -0.145964

18 -0.118793

19 -0.0111941

20 0.0994851

21 0.115291

22 0.188772

23 0.186947

24 0.158318

25 0.0765868

26 0.087214

27 -0.0481206

28 -0.465691

29 -0.501761

30 -0.471209

31 -0.41028

32 -0.351635

33 -0.390977

34 -0.370143

35 -0.395146

36 -0.301887

37 -0.20873

38 -0.220866

39 -0.0609271

40 0.0640698

41 0.0908886

42 0.10601

43 0.169148

44 0.152292

45 0.257497

46 0.288533

47 0.245068

48 0.300812

49 0.1526

50 -0.0741493

51 -0.613591

52 -0.760079

53 -1.49365

54 -1.60465

55 -1.65234

56 -1.60193

57 -2.12517

58 -2.15209

59 -2.19149

60 -2.16978

61 -2.06483

62 -2.04047

63 -2.0607

64 -2.13638

65 -2.06297

66 -2.41008

67 -2.45008

68 -2.47689

69 -2.46491

70 -2.6063

71 -2.65122

72 -2.40765

73 -2.28354

74 -2.43122

75 -2.25622

76 -2.25916

77 -2.2014

78 -2.30919

79 -2.34577

80 -2.46926

81 -2.43386

82 -2.45165

83 -2.47934

84 -2.66031

85 -2.67819

86 -2.62812

87 -2.51785

88 -2.43956

89 -2.5019

90 -2.39105

91 -2.17544

92 -2.12551

93 -2.11359

94 -2.10401

95 -1.99554

96 -1.86097

97 -1.72585

98 -1.65248

99 -1.83194

100 -1.65011

101 -1.89205

102 -1.88478

103 -2.70367

104 -2.84411

105 -2.9006

106 -2.9233

107 -3.38985

108 -3.38212

109 -3.40695

110 -3.28903

111 -3.34722

112 -3.44868

113 -3.48404

114 -3.52813

115 -3.42885

116 -3.30088

117 -3.28371

118 -3.25192

119 -3.24584

