5 -0.0105927

6 0.0315737

7 -0.00341714

8 -0.0384236

9 0.0737426

10 -0.679381

11 -0.574356

12 -0.478184

13 -0.355716

14 -0.599452

15 -0.779013

16 -0.717303

17 -0.851234

18 0.0343266

19 0.264037

20 0.263416

21 -0.42188

22 -1.31039

23 -1.35733

24 -1.37262

25 -1.39576

26 -1.34304

27 -1.13008

28 -0.969816

29 -1.25649

30 -2.00421

31 -1.70795

32 -1.92332

33 -1.95363

34 -2.02533

35 -2.0275

36 -1.87359

37 -1.79097

38 -2.19918

39 -2.73622

40 -2.61056

41 -2.72816

42 -2.77318

43 -2.88591

44 -2.88267

45 -2.92099

46 -2.88055

47 -2.67971

48 -2.58285

49 -2.72057

50 -2.80611

51 -2.86386

52 -2.73643

53 -2.8948

