5 0.0826061

6 0.148811

7 0.0969195

8 -0.453296

9 -0.484011

10 -0.659192

11 -0.646638

12 -0.663685

13 -0.602964

14 -0.721411

15 -0.622876

16 -0.662035

17 -0.549753

18 -0.574375

19 -0.707969

20 -1.70924

21 -1.65381

22 -1.71305

23 -1.80062

24 -1.75608

25 -1.67667

26 -1.79315

27 -1.86468

28 -1.40063

29 -1.40162

30 -1.38208

31 -0.628099

32 -0.855897

33 -1.65628

34 -1.67407

35 -1.94432

36 -3.36356

37 -3.95286

38 -3.5136

39 -2.99713

40 -3.30283

41 -3.88862

42 -3.8095

43 -3.93318

44 -3.91348

