6 -0.00428505

7 0.0150456

8 -0.000324376

9 0.00398865

10 -0.00768352

11 -0.000531884

12 0.0481523

13 0.0168466

14 0.0186151

15 0.118484

16 0.059702

17 -0.00928888

18 -0.0616356

19 -0.512746

20 -0.535532

21 -0.498309

22 -0.601497

23 -0.492185

24 -0.527736

25 -0.450592

26 -0.444467

27 -0.56829

28 -0.529366

29 -0.613434

30 -0.763007

31 -0.877701

32 -0.823723

33 -0.795228

34 -0.775437

35 -1.41932

36 -1.63467

37 -1.63874

38 -1.76147

39 -1.86467

40 -1.85482

41 -1.9231

42 -1.98803

43 -2.01666

44 -2.04174

45 -1.92773

46 -1.85963

47 -1.7846

48 -1.9773

49 -1.99438

50 -2.01441

51 -2.0436

52 -1.96733

53 -2.03893

54 -1.97605

55 -2.1671

56 -2.59264

57 -2.75258

58 -2.65342

59 -2.64274

60 -2.63585

61 -2.62265

62 -2.60619

63 -2.72337

64 -2.57924

65 -2.80572

66 -3.06199

67 -3.08798

68 -3.17641

69 -3.27594

70 -3.22031

71 -3.45955

72 -3.48261

73 -1.78485

