6 0.00247744

7 -0.0232175

8 -0.0679113

9 -0.0898683

10 -0.0780793

11 -0.130607

12 -0.174688

13 -0.120029

14 -0.102113

15 -0.243587

16 -0.387239

17 -0.401041

18 -0.404042

19 -0.262945

20 -0.24336

21 -0.229405

22 -0.166723

23 -0.202099

24 -0.122839

25 -0.0920908

26 -0.0659515

27 -0.093172

28 -0.161364

29 -0.0987851

30 -0.166779

31 -0.430725

32 -0.76293

33 -0.726403

34 -0.784013

35 -0.747857

36 -0.705146

37 -0.86122

38 -0.852852

39 -0.811037

40 -0.819343

41 -0.798982

42 -0.77654

43 -0.763145

44 -0.664106

45 -0.645864

46 -0.751954

47 -0.729736

48 -0.446159

49 -0.429886

50 -0.591927

51 -0.639769

52 -1.22528

53 -1.25427

54 -1.28829

55 -1.41402

56 -1.35051

57 -1.31351

58 -1.37388

59 -1.29418

60 -1.28784

61 -1.65632

62 -1.66688

63 -1.65231

64 -1.77777

65 -2.05414

66 -2.12564

67 -1.97546

68 -2.18492

69 -2.41334

70 -1.82738

71 -1.7218

72 -1.71818

73 -1.6441

74 -1.64236

75 -1.67911

76 -1.65912

77 -1.68858

78 -1.73224

79 -1.73179

80 -1.72215

81 -1.73918

82 -1.79372

83 -1.83347

84 -1.87697

85 -1.91864

86 -1.88063

87 -1.74199

88 -1.86633

89 -2.21451

90 -2.0818

91 -2.05454

92 -2.03423

93 -2.03198

94 -1.95214

95 -1.92194

96 -1.95937

97 -2.174

98 -2.41847

99 -2.42421

100 -2.47317

101 -2.49691

102 -2.44507

103 -2.3972

104 -2.37421

105 -2.36641

106 -2.47658

107 -2.5364

108 -2.60338

109 -2.6549

110 -2.66383

111 -2.69972

112 -3.59242

113 -3.71944

114 -3.67823

115 -3.66491

116 -3.61708

117 -3.69332

118 -3.76722

119 -4.022

120 -4.02553

121 -3.98874

122 -4.08337

123 -4.30969

124 -4.19676

125 -4.25001

