6 -0.0245555

7 -0.0286599

8 -0.0609247

9 0.0201037

10 -0.166354

11 -0.264455

12 -0.274009

13 -0.302757

14 -0.37539

15 -1.03811

16 -1.17259

17 -1.25134

18 -1.22734

19 -1.36991

20 -1.34813

21 -1.39385

22 -1.55068

23 -1.50255

24 -2.1731

25 -2.10008

26 -2.11176

27 -2.13996

28 -2.13279

29 -2.17268

30 -2.12833

31 -2.06358

32 -2.03526

33 -2.07005

34 -2.10104

35 -1.98111

36 -1.94834

37 -2.39195

38 -2.40146

39 -2.38905

40 -2.28747

41 -2.41125

42 -2.49983

43 -2.51906

44 -2.52296

45 -2.47585

46 -2.43147

47 -2.46452

48 -2.4133

49 -2.6148

50 -3.32692

51 -3.51727

52 -3.52716

53 -3.6415

54 -3.74046

55 -3.74561

56 -3.755

57 -3.77269

58 -3.68597

59 -3.84309

60 -3.86485

61 -3.90521

62 -3.68774

63 -3.99878

64 -4.03496

65 -4.10598

66 -4.14157

67 -4.33261

68 -4.41958

69 -4.43893

70 -4.40664

71 -4.27726

72 -4.33442

73 -4.42053

74 -4.32489

75 -4.32676

76 -4.38114

77 -4.40711

78 -4.39319

79 -4.38667

80 -4.47258

81 -4.38325

82 -4.32861

83 -4.57883

84 -4.92387

85 -5.06168

86 -5.16423

87 -5.17686

88 -5.25799

89 -5.27701

90 -5.19765

91 -5.05263

92 -4.98472

93 -4.93344

94 -4.87919

95 -5.02805

96 -5.32844

97 -5.19183

