6 -0.051256

7 -0.0738114

8 -0.0785682

9 -0.0813583

10 -0.0482122

11 -0.0884481

12 -0.0509487

13 -0.0286375

14 -0.0125486

15 -0.1199

16 -0.0481546

17 -0.0893465

18 -0.281695

19 -0.334266

20 -0.245486

21 -0.124045

22 -0.173377

23 -0.0579574

24 0.683906

25 0.692855

26 0.757528

27 0.792731

28 0.799202

29 0.941612

30 0.893904

31 0.953362

32 1.04065

33 1.05216

34 1.01564

35 0.863723

36 0.664008

37 0.555524

38 0.58214

39 0.537098

40 0.500501

41 0.67566

42 0.664259

43 0.79096

44 0.850055

45 0.742311

46 0.71259

47 0.848429

48 0.718988

49 0.88528

50 0.944323

51 1.36654

52 1.534

53 1.70274

54 1.73823

55 1.74367

56 1.89732

57 1.88701

58 1.50358

59 1.48361

60 1.59116

61 1.45772

62 1.57348

63 1.51696

64 1.68582

65 1.69021

66 1.70586

67 1.8846

68 1.88562

69 3.15619

70 3.14617

71 3.12922

72 3.06187

73 3.09182

74 2.79232

75 2.7956

76 2.93943

77 2.85258

78 3.038

79 2.73789

80 2.51061

81 2.59027

82 2.83697

83 3.0631

84 3.33244

85 3.5248

86 2.64555

87 2.43916

88 2.64868

89 2.69747

90 2.30972

91 2.45864

92 4.60824

93 4.62402

94 4.74184

95 4.66733

96 4.67807

97 4.71573

98 4.62121

99 4.74039

100 4.21219

101 4.19807

102 4.37256

103 4.3207

