6 -0.0338553

7 -0.128237

8 -0.149149

9 -0.0512014

10 0.0733286

11 0.13113

12 0.116054

13 0.0831918

14 0.0761865

15 -0.00993286

16 0.00818988

17 0.0117469

18 0.000448648

19 0.00372831

20 0.00107064

21 -0.00433931

22 -0.0579484

23 -0.172844

24 -0.174816

25 -0.399082

26 -0.472635

27 -0.48418

28 -0.575636

29 -0.568057

30 -0.468099

31 -0.39679

32 -0.359492

33 -0.335825

34 -0.250405

35 -0.360571

36 -0.215328

37 -0.118964

38 -0.0617075

39 -0.0808906

40 -0.193607

41 -0.236339

42 -0.272565

43 -0.39698

44 -0.24665

45 -0.0907586

46 0.171836

47 0.107554

48 -0.580986

49 -0.532843

50 -0.555876

51 -0.637137

52 -0.626907

53 -0.539108

54 -0.586883

55 -0.50915

56 -0.487042

57 -0.464706

58 -0.365879

59 -0.239577

60 -0.222539

61 -0.170374

62 -0.0886824

63 -0.128522

64 -0.29885

65 -0.292856

66 -0.33803

67 -0.632052

68 -0.661723

69 -0.785017

70 -0.877539

71 -0.77018

72 -0.505024

73 -0.302041

74 -0.314922

75 -0.240722

76 -0.253339

77 -0.183961

78 -0.127413

79 -0.0703709

80 0.0245904

81 0.0274425

82 -0.329887

83 -0.356417

84 -0.33733

85 -0.345548

86 -0.23825

87 -0.215304

88 -0.208583

89 -0.118415

90 -0.068176

91 -0.11582

92 0.0139288

93 0.198812

94 0.232688

95 0.293794

96 0.490593

97 0.480783

98 0.408364

99 0.448733

100 0.393863

101 0.607231

102 0.715301

103 0.74322

104 0.676987

105 0.745383

106 0.509093

107 0.402131

108 0.18285

109 0.126017

110 0.00776401

