6 -0.0388068

7 -0.0621464

8 -0.0917824

9 -0.0924279

10 -0.0775917

11 -0.0455001

12 -0.0344981

13 -0.195857

14 -0.124419

15 -0.127539

16 -0.105455

17 -0.140131

18 -0.0645158

19 0.0989018

20 0.328753

21 0.327079

22 0.254397

23 0.302264

24 0.142385

25 0.124954

26 0.0834325

27 0.0684354

28 0.0769957

29 0.10295

30 0.139822

31 0.617389

32 0.674991

33 0.646605

34 0.713016

35 0.798386

36 0.806569

37 0.949085

38 0.899252

39 1.00709

40 1.06072

41 0.993979

42 0.928282

43 0.319531

44 0.290039

45 0.38438

46 0.281663

47 1.00266

48 1.02493

49 1.04807

50 1.08409

51 0.947696

52 0.942562

53 0.983909

54 0.890362

55 0.776092

56 0.760733

57 0.16494

58 0.183829

59 0.148044

60 0.264622

61 0.296704

62 0.867991

63 1.01348

64 1.04659

65 0.880596

66 0.846113

67 1.00385

68 1.13638

69 1.11303

70 1.33736

71 1.24383

72 1.41874

73 1.41531

74 0.855023

75 0.96603

76 0.916449

77 0.817385

78 0.838184

79 0.654347

80 0.817881

81 1.93121

