6 0.077885

7 0.0924524

8 0.0342176

9 0.0787905

10 0.12394

11 0.153802

12 0.121884

13 0.112002

14 0.00994838

15 -0.0325424

16 -0.0388222

17 -0.0324459

18 -0.00911187

19 0.0286678

20 0.0136228

21 0.00592884

22 -0.09354

23 0.0270525

24 -0.0713239

25 0.0808885

26 0.13002

27 0.0429012

28 0.1195

29 0.113194

30 0.117145

31 0.167802

32 0.265397

33 0.213397

34 0.780385

35 0.89115

36 0.919169

37 0.934173

38 0.953072

39 0.691132

40 0.642844

41 0.656647

42 0.725162

43 0.715774

44 0.727717

45 0.999813

46 1.38879

47 1.43545

48 1.37368

49 1.91242

50 1.87136

51 1.85553

52 1.74972

53 1.72098

54 1.69747

55 1.612

56 1.50461

57 1.14172

58 1.18781

59 1.18596

60 1.23455

61 0.927528

62 0.814973

63 0.539751

64 0.663049

65 0.650787

66 0.618222

67 0.63871

68 0.775344

69 0.960382

70 0.888438

71 1.16685

72 1.31901

73 1.31322

74 1.56913

75 1.42173

76 1.96198

77 1.84248

78 2.00842

79 1.92023

80 2.095

81 2.14332

82 2.0876

83 2.15153

84 2.11412

85 2.13259

86 2.1179

87 2.09818

