6 0.0350816

7 0.0313553

8 -0.125185

9 -0.152189

10 -0.399595

11 -0.493378

12 -0.608847

13 -0.603454

14 -0.610311

15 -0.634726

16 -0.665619

17 -0.603604

18 -0.609838

19 -0.826832

20 -0.817378

21 -0.800683

22 -0.76002

23 -0.614488

24 -0.619111

25 -0.612015

26 -0.474048

27 0.0507378

28 0.125627

29 0.111469

30 0.134008

31 0.259383

32 0.0263393

33 -0.681287

34 -0.682138

35 -0.727298

36 -0.765034

37 -0.82226

38 -0.83045

39 -0.764129

40 -0.883221

41 -0.853897

42 -1.02604

43 -1.14271

44 -1.63586

45 -1.64132

46 -1.6158

47 -1.68126

48 -1.6588

49 -1.80306

50 -1.78889

51 -1.95295

52 -1.88252

53 -2.03601

54 -2.13595

55 -2.2778

56 -2.36688

57 -2.33787

58 -2.27044

59 -2.13693

60 -2.07052

61 -2.10517

62 -2.30678

63 -2.46404

64 -2.45436

65 -2.30373

66 -2.31613

67 -2.22066

68 -2.17726

69 -2.17052

70 -2.06805

71 -1.94361

72 -1.94279

73 -1.93452

74 -2.22827

75 -2.31874

76 -2.32968

77 -2.21591

