6 -0.0545782

7 -0.0522356

8 -0.0628012

9 -0.107852

10 -0.160117

11 -0.225301

12 -0.251251

13 -0.218623

14 -0.121216

15 -0.212416

16 -0.193003

17 -0.496309

18 -0.419321

19 -0.357564

20 -0.437278

21 -0.434064

22 -0.404573

23 -0.374064

24 -0.346544

25 -0.333851

26 -0.521089

27 -0.571586

28 -0.828418

29 -0.853938

30 -0.923701

31 -1.11325

32 -1.07118

33 -0.966006

34 -0.993165

35 -0.912435

36 -0.889805

37 -0.983286

38 -0.981047

39 -0.983568

40 -1.01641

41 -1.09653

42 -1.13817

43 -1.08868

44 -0.935486

45 -0.966836

46 -1.09081

47 -1.15584

48 -2.2141

49 -2.37764

50 -2.28922

51 -2.29744

52 -2.23553

53 -2.35123

54 -2.30917

55 -2.3558

56 -2.52003

57 -2.50425

58 -2.5242

59 -2.46162

60 -2.29306

61 -2.14082

62 -2.17106

63 -2.1571

64 -2.35488

65 -2.67475

66 -2.68524

67 -2.59965

68 -2.46397

