6 -0.00901567

7 -0.00138453

8 0.00390394

9 0.0028141

10 0.0330427

11 0.100525

12 0.0783231

13 0.248141

14 0.310006

15 0.36393

16 0.386566

17 0.503327

18 0.489421

19 0.65111

20 0.541378

21 0.729788

22 0.683861

23 1.10332

24 1.14435

25 1.09567

26 1.1643

27 1.13169

28 1.15986

29 1.26843

30 1.21487

31 0.842798

32 0.730427

33 0.854959

34 0.599431

35 0.867117

36 0.947412

37 1.2578

38 1.36377

39 1.10641

40 1.17329

41 1.56619

42 1.83222

43 1.93576

44 1.91437

45 1.93276

46 1.89552

47 1.92747

48 1.96625

49 1.90187

50 1.91041

51 1.95096

52 1.96343

53 2.15043

54 2.1827

55 2.31857

56 2.1738

57 2.34011

58 2.35832

59 2.5374

60 2.61601

61 2.64495

62 2.6232

63 2.84495

64 2.96038

65 3.20399

66 3.41272

67 3.46636

68 3.40388

69 3.32958

70 3.36477

71 3.3286

72 3.40472

73 3.46089

74 3.50212

75 3.55208

76 3.51403

77 3.64329

78 3.58421

79 3.85203

80 4.18875

81 4.32908

82 4.22084

83 4.17949

84 4.19899

85 4.20497

86 4.21876

87 4.29727

88 4.31013

89 4.28809

90 4.41651

91 3.89028

92 3.67362

93 3.62104

94 3.93906

95 4.05693

96 3.90394

97 4.05614

98 3.97412

99 4.17829

100 4.25854

101 4.37949

102 4.48516

103 4.57303

104 4.56608

105 4.54281

106 4.68593

107 4.6522

108 4.3357

109 4.37263

110 4.41044

111 4.56319

112 4.64251

113 4.52452

114 4.77062

115 5.44087

116 5.38627

117 5.21161

118 5.17008

119 4.88388

120 5.0113

121 4.90697

122 5.23377

123 5.6189

124 5.8759

125 5.91091

126 5.82741

127 5.84402

128 5.81681

129 5.62194

130 5.69652

131 5.7335

132 5.7731

133 5.83869

134 5.78367

135 5.83831

136 5.76691

137 6.07065

138 6.27974

139 6.24274

140 6.5425

141 6.74058

142 6.93947

143 7.07967

144 6.64834

145 6.77209

146 6.73229

147 6.84954

