5 -0.195048

6 -0.23381

7 -0.462492

8 -0.431061

9 -0.889496

10 -0.965598

11 -0.91181

12 -0.893897

13 -0.855955

14 -0.852042

15 -0.907931

16 -0.889463

17 -0.877456

18 -0.867052

19 -1.09373

20 -1.12523

21 -1.26894

22 -1.36716

23 -2.29043

24 -2.34757

25 -2.36714

26 -2.36508

27 -2.48472

28 -2.41991

29 -2.39271

30 -2.30854

31 -2.03782

32 -1.93354

33 -2.10372

34 -2.28375

35 -2.37573

36 -2.60331

37 -2.52212

38 -2.787

39 -2.71009

40 -2.65926

41 -2.75985

42 -2.6997

43 -3.08908

44 -3.33762

45 -3.42738

46 -3.42219

47 -3.53865

48 -3.55864

49 -3.6768

50 -3.74766

51 -3.7526

52 -3.80603

53 -4.11709

54 -4.1462

55 -4.34687

