5 -0.369562

6 -0.399034

7 -0.441478

8 -0.424009

9 -0.422708

10 -0.328046

11 0.134602

12 0.105623

13 0.32167

14 0.412042

15 0.44141

16 0.522571

17 0.738692

18 1.21472

19 1.20445

20 1.26113

21 1.05769

22 1.05812

23 1.37977

24 1.85679

25 2.17466

26 2.06147

27 2.04227

28 2.05581

29 2.10267

30 2.11652

31 1.52837

32 1.61908

33 1.5849

34 1.54479

35 1.41386

36 1.38021

37 1.10341

38 0.81684

39 1.66114

40 1.75892

41 2.04066

42 2.67366

43 2.69406

44 2.31929

45 2.79021

46 3.37829

47 3.27346

48 3.23643

