6 -0.10337

7 -0.248568

8 0.763258

9 0.664112

10 0.562937

11 0.560403

12 0.612747

13 0.687211

14 0.797787

15 0.779251

16 0.54025

17 0.515486

18 0.503011

19 0.41231

20 0.466749

21 0.471333

22 0.496128

23 0.508104

24 0.435098

25 0.472181

26 0.662845

27 0.49665

28 -0.0870185

29 -0.32514

30 -0.362011

31 -0.33557

32 -0.295074

33 -0.363108

34 -0.398921

35 -0.386648

36 -0.340202

37 -0.235624

38 -0.236625

39 -0.127966

40 -0.301555

41 -0.100077

42 -0.132394

43 -0.0809071

44 -0.0083409

45 -0.0706894

46 -0.158578

47 -0.0740379

48 0.000105818

49 -0.017037

50 -0.0860032

51 -0.0679419

52 -0.129008

53 -0.105385

54 -0.116903

55 -0.195755

56 -0.270283

57 -0.327397

58 -0.907528

59 -1.05779

60 -1.05138

