6 0.136035

7 0.168023

8 0.181036

9 0.239665

10 0.235967

11 0.180966

12 0.19432

13 0.151497

14 0.0814597

15 0.0927088

16 0.129523

17 0.0876854

18 -0.00036499

19 0.162288

20 0.109073

21 -0.166376

22 -0.269047

23 -0.270493

24 -0.434871

25 -0.480869

26 -0.361519

27 -0.0901315

28 -0.0719501

29 -0.0831257

30 0.0886225

31 0.458262

32 0.778188

33 0.900492

34 0.559041

35 0.515515

36 0.637712

37 0.732739

38 0.680139

39 0.785246

40 0.735779

41 0.778286

42 0.798052

43 0.729977

44 0.704675

45 0.477169

46 0.52738

47 0.556691

48 0.630952

49 0.681603

50 0.676743

51 0.533863

52 0.668628

53 0.629368

54 0.635783

55 0.455825

56 0.58925

57 0.802502

58 1.29071

59 1.37467

60 1.42838

61 1.19951

62 1.05239

63 0.95122

64 0.892418

65 0.433971

66 0.519316

67 0.490561

68 0.267582

69 -0.00144612

70 0.262521

71 0.390669

72 0.187202

73 -0.223821

74 -0.423657

75 -0.420779

76 -0.42415

77 -0.421848

78 -0.388361

79 -0.396364

80 -0.449699

81 -0.306129

82 -0.490012

83 -0.745549

84 -1.53239

85 -1.76289

86 -1.91684

87 -1.96356

88 -2.03298

89 -2.00946

90 -2.04607

91 -2.05553

