6 -0.0238736

7 -0.0254733

8 -0.0698361

9 -0.100112

10 -0.102795

11 -0.107275

12 -0.173834

13 -0.19943

14 -0.109347

15 -0.0763096

16 -0.228916

17 -0.384765

18 -0.299364

19 -0.230867

20 -0.239951

21 -0.222672

22 -0.187923

23 -0.209438

24 -0.22729

25 -0.127147

26 -0.284256

27 -0.293295

28 -0.481527

29 -0.454738

30 -0.403424

31 -0.385479

32 -0.361066

33 -0.387067

34 -0.464492

35 -0.42203

36 -0.45122

37 -0.70366

38 -0.821993

39 -0.84198

40 -1.08182

41 -1.13471

42 -1.12904

43 -1.07287

44 -1.14074

45 -1.1812

46 -1.18562

47 -1.14448

48 -1.06345

49 -1.03248

50 -1.13438

51 -1.09006

52 -0.849063

53 -0.885352

54 -1.01565

55 -0.998645

56 -1.28745

57 -1.29781

58 -1.37822

59 -1.49115

60 -1.38904

61 -1.34639

62 -1.4064

63 -1.33214

64 -1.34571

65 -1.65051

66 -1.77583

67 -1.76475

68 -1.73212

69 -1.65975

70 -1.64081

71 -1.56396

72 -1.67873

73 -1.68213

74 -1.76929

75 -1.63874

76 -1.8004

77 -2.03648

78 -1.69376

79 -1.51218

80 -1.45591

81 -1.41614

82 -1.43515

83 -1.50922

84 -1.49804

85 -1.53301

86 -1.57746

87 -1.57907

88 -1.57002

89 -1.586

90 -1.64526

91 -1.68474

92 -1.72888

93 -1.77788

94 -1.74152

95 -1.59832

96 -1.6947

97 -1.92418

98 -1.73351

99 -1.72221

100 -1.72399

101 -1.75594

102 -1.7105

103 -1.69316

104 -1.65448

105 -1.67559

106 -1.89538

107 -1.90574

108 -2.15778

109 -2.16361

110 -2.21159

111 -2.31491

112 -2.26692

113 -2.13588

114 -2.17279

115 -2.22294

116 -2.28678

117 -2.41216

118 -2.50968

119 -2.59358

120 -2.5402

121 -2.3142

122 -2.35975

123 -2.32871

124 -3.25669

125 -3.3625

126 -3.31388

127 -3.29278

128 -3.2384

129 -3.31147

130 -3.48254

131 -3.49113

132 -3.49028

133 -3.41792

134 -3.26115

135 -3.08408

136 -3.12672

137 -3.22389

138 -3.44383

139 -3.46958

140 -3.51401

