5 -0.0407749

8 0.0473622

11 0.0379524

14 0.302619

17 0.273706

20 0.406354

23 0.514303

26 0.435473

29 0.10525

32 0.126984

35 -0.767335

38 -1.07706

41 -1.23827

44 -1.10435

47 -0.946717

50 -0.833585

53 -0.846801

56 -0.741059

59 -0.832179

62 -0.657216

65 -0.516703

68 -0.414721

71 -0.419793

74 -1.00996

77 -1.77469

80 -1.52187

83 -1.3475

86 -1.14835

89 -1.0943

92 -1.06379

95 -0.9157

98 -0.809835

101 -1.05448

104 -0.719912

107 -0.569081

110 -0.984056

113 -1.05509

116 -1.51302

119 -1.56751

122 -1.90391

125 -2.05983

128 -2.01942

