6 0.141923

7 0.268107

8 0.391884

9 0.420389

10 0.38265

11 0.424961

12 0.465951

13 0.486568

14 0.531337

15 0.535441

16 0.522452

17 0.426007

18 0.406415

19 0.490901

20 0.558398

21 0.587425

22 0.631735

23 0.757672

24 0.592716

25 0.250916

26 0.151119

27 0.163614

28 0.212846

29 0.157464

30 0.0751169

31 0.0526463

32 0.112502

33 -0.132396

34 0.0925851

35 0.0844099

36 0.159811

37 0.0017631

38 -0.134323

39 -0.229571

40 -0.188676

41 -0.263299

42 -0.217912

43 -0.193398

44 -0.182657

45 -0.214815

46 -0.244115

47 -0.149278

48 0.215614

49 0.265424

50 0.247594

51 0.23225

52 0.0474187

53 -0.266723

54 -0.168344

55 -0.138129

56 -0.217945

57 -0.18932

58 -0.28343

59 -0.435627

60 -0.28663

61 -0.122349

62 0.0561992

63 0.0869125

64 0.178787

65 0.0197706

66 -0.918516

67 -1.07611

68 -0.891273

69 -0.857321

70 -0.856966

71 -0.99415

72 -1.15041

73 -1.26018

74 -1.46132

75 -1.52157

76 -1.75869

77 -1.49293

78 -1.30446

79 -1.20392

80 -1.07821

81 -1.82835

