5 -0.0186478

6 -0.029425

7 -0.123917

8 -0.0999879

9 -1.11377

10 -0.737276

11 -0.158336

12 -0.204654

13 -0.278737

14 -0.357992

15 -0.437603

16 -0.456041

17 -0.50752

18 -0.486849

19 -0.42943

20 -0.362585

21 -0.330842

22 -1.03192

23 -1.01783

24 -0.992587

25 -0.891673

26 -0.689226

27 -0.0682877

28 -0.115917

29 -0.178297

30 -0.181698

31 -0.257108

32 -0.607883

33 -0.507721

34 -0.759048

35 -0.963257

36 -1.04668

37 -0.829635

38 -0.460431

39 0.097078

40 0.189892

41 0.0379514

42 -0.341223

43 -0.267073

44 -0.449884

45 -0.524908

