6 0.0412737

7 -0.0915235

8 -0.66121

9 -0.909409

10 -0.885917

11 -0.769202

12 -0.656603

13 -0.744677

14 -0.653277

15 -0.730409

16 -0.718819

17 -0.74148

18 -0.765038

19 -0.839311

20 -0.845175

21 -1.19163

22 -1.17322

23 -1.08005

24 -1.03535

25 -0.873835

26 -0.796009

27 -0.665014

28 -0.621702

29 -0.689514

30 -0.646303

31 -0.865211

32 -0.740998

33 -0.310117

34 -0.11104

35 0.000233392

36 -0.0736647

37 0.0330987

38 -0.178188

39 0.101007

40 0.561567

41 0.675736

42 0.723496

43 0.652506

44 0.560291

45 0.57188

46 0.486411

47 0.681943

48 0.964836

49 1.15061

50 1.5612

51 1.5814

52 1.63277

53 1.64641

54 1.68779

55 0.944111

56 0.860502

