6 -0.0638919

7 -0.126939

8 -0.0670473

9 -0.081885

10 -0.079234

11 -0.000602985

12 0.0377122

13 0.0721659

14 -0.0498983

15 -0.073095

16 0.0440163

17 0.0157187

18 -0.0237406

19 0.315378

20 0.434847

21 0.465382

22 0.451282

23 0.377981

24 0.507536

25 0.514123

26 0.390236

27 0.424778

28 0.381537

29 0.339268

30 0.403631

31 0.379542

32 0.2146

33 0.748296

34 0.968117

35 1.0741

36 1.06059

37 0.80422

38 1.21564

39 1.36478

40 1.39783

41 1.40194

42 1.44921

43 1.35823

44 1.434

45 1.5216

46 1.55147

47 1.57993

48 1.57449

49 1.58822

50 1.54043

51 1.59858

52 1.48335

53 1.45131

54 1.46358

55 1.37583

56 1.43417

57 1.49261

58 1.61948

59 1.68879

60 1.33431

61 1.4777

62 1.63029

63 1.69

64 1.91098

65 1.92327

66 2.1853

67 2.19513

68 2.09684

69 2.20952

70 2.33882

71 2.33702

72 2.33144

73 2.21094

74 1.75186

75 1.69371

76 1.40767

77 1.51469

78 1.81381

79 1.92406

80 1.73581

81 1.96321

82 1.95803

83 2.041

84 1.63748

85 1.95845

86 2.10148

87 2.24243

88 1.94118

89 1.85446

90 2.17358

91 2.22949

92 1.90162

93 1.8169

94 2.32614

95 2.48656

96 2.2672

97 2.541

98 2.61019

99 2.70445

100 2.31981

101 2.56262

102 2.76416

103 2.86136

104 3.02424

105 3.13907

106 2.95595

107 3.20861

108 3.04221

109 3.04694

110 2.71674

111 2.70383

112 3.14273

113 3.25848

114 3.03859

115 3.31903

116 3.37306

117 3.47663

118 3.14122

119 3.35861

120 3.27231

121 3.55266

122 3.79092

123 3.76476

124 3.70789

125 3.27308

126 3.36069

127 3.64835

128 3.86698

129 3.87292

130 3.82244

131 3.613

132 3.89366

133 3.98162

134 4.05099

135 3.59836

136 3.9103

137 3.93308

138 4.31976

139 4.40823

140 4.42183

141 4.11641

142 3.90478

143 3.27738

