6 -0.0422206

7 -0.0402079

8 0.0242611

9 0.0399601

10 0.107689

11 0.254692

12 0.375758

13 0.394263

14 -0.0340281

15 -0.0450475

16 0.0141426

17 -0.0646836

18 -0.0078546

19 -0.055887

20 -0.10013

21 -0.135977

22 -0.146804

23 -0.0996191

24 0.0892229

25 0.376169

26 0.400048

27 0.408489

28 0.385752

29 0.432339

30 0.451568

31 0.45643

32 0.429029

33 0.245817

34 0.248834

35 -0.376014

36 -0.282133

37 -0.264295

38 -0.352729

39 -1.30911

40 -1.48736

41 -1.47066

42 -1.42721

43 -1.41145

