5 -0.0107104

6 -0.013805

7 -0.18708

8 -0.0723807

9 -0.0939938

10 -0.036114

11 -0.0225639

12 -0.0382595

13 -0.494003

14 -0.486846

15 -0.508471

16 -0.517425

17 -0.570522

18 -0.579307

19 -0.661004

20 -0.291764

21 -0.405369

22 -0.508408

23 -0.911651

24 -0.908457

25 -0.940298

26 -0.991496

27 -1.33892

28 -1.19268

29 -1.18792

30 -1.16852

31 -0.710278

32 -0.593495

33 -0.602922

34 -0.653373

35 -0.661401

36 -0.673347

37 -0.666917

38 -0.652558

39 -0.708151

40 -0.639353

41 -0.590183

42 -0.531291

43 -0.669588

44 -0.565248

45 -0.688018

46 -0.508662

47 -0.528786

48 -0.758182

49 -0.533665

50 0.323323

51 0.390359

52 0.359482

53 0.207154

54 0.371772

55 0.315392

56 0.195704

57 0.654816

