6 -0.104179

7 -0.326902

8 -0.327772

9 -0.336198

10 -0.267887

11 -0.114458

12 -0.286052

13 -0.177583

14 -0.119047

15 0.0777746

16 0.111251

17 0.212937

18 0.274807

19 0.384986

20 0.415979

21 0.456715

22 0.462692

23 0.43849

24 0.465243

25 0.45993

26 0.486739

27 0.459789

28 0.381301

29 0.414063

30 0.339419

31 0.347124

32 0.303999

33 0.278225

34 0.264544

35 0.268501

36 0.270888

37 0.181129

38 0.329061

39 0.348797

40 0.394895

41 0.436015

42 0.481704

43 0.591766

44 0.602233

45 0.551428

46 0.913503

47 0.904165

48 1.00697

49 1.16408

50 1.18292

51 1.17742

52 0.976953

53 0.849037

54 0.609854

55 0.689075

56 0.679495

57 0.58098

58 0.552543

59 0.136766

60 0.0304239

61 0.00739857

62 -0.787368

63 -0.758364

64 -0.796878

65 -0.616364

66 -0.675509

67 -0.665049

68 -0.358732

69 -0.30382

70 -0.0989721

71 0.00826022

72 0.129603

73 0.171076

74 0.133914

75 0.000614904

76 0.176363

77 0.0781654

78 0.0565869

79 0.0338942

80 0.00404366

81 -0.135279

82 -0.16441

83 -0.155501

84 -0.176077

85 0.0974207

86 0.0312035

87 -0.0608562

88 -0.275281

89 -0.436205

90 -0.349315

91 -0.332852

92 -0.279751

93 -0.244382

94 -0.16416

95 -0.0713566

96 -0.0826375

97 -0.189014

98 -0.232269

99 -0.221439

100 -0.181751

101 -0.201784

102 -0.0740267

103 0.094018

104 0.141514

105 0.217556

106 0.393762

107 0.607849

108 0.617162

109 0.690461

110 0.672371

111 0.621395

112 0.571643

113 0.607227

114 -0.896467

115 -0.88432

116 -0.845456

117 -0.674106

118 -0.899272

119 -0.176605

120 -0.0987285

121 -0.168442

122 -0.193993

123 -0.18899

124 -0.171925

125 -0.268545

126 -0.441242

127 -1.41993

128 -1.54514

129 -1.64195

130 -1.67018

131 -1.63723

132 -1.74849

133 -1.76249

134 -1.74662

135 -1.72296

136 -1.73041

137 -1.69558

138 -1.30842

