6 0.0181593

7 -0.00539781

8 -0.0334874

9 0.122327

10 0.095719

11 -0.0665226

12 -0.121349

13 -0.224109

14 -0.220352

15 -0.347962

16 -0.545716

17 -0.553332

18 -0.527301

19 -0.471422

20 -0.569151

21 -0.668696

22 -0.843001

23 -0.878656

24 -0.738406

25 -0.862917

26 -0.736573

27 -0.436152

28 -0.406303

29 -0.379553

30 -0.360582

31 -0.354407

32 -0.518081

33 -0.533826

34 -0.511242

35 -0.664183

36 -1.18733

37 -1.35614

38 -1.33521

39 -1.0915

40 -1.03855

41 -0.916581

42 -0.871314

43 -0.811218

44 -0.717092

45 -0.679758

46 -0.761043

47 -0.695782

48 -0.707192

49 -0.650362

50 -0.555138

51 -0.746839

52 -0.687837

53 -0.878218

54 -1.0478

55 -1.07628

56 -1.12728

57 -1.04854

58 -1.13763

59 -1.20668

60 -1.26409

61 -1.2475

62 -1.14654

63 -0.999279

