6 -0.0696446

7 -0.077213

8 -0.0537625

9 -0.0708993

10 -0.0715832

11 -0.0921755

12 -0.0461856

13 0.0477425

14 0.0621211

15 -0.119104

16 -0.260283

17 -0.279737

18 -0.821566

19 -0.836745

20 -0.780065

21 -0.802928

22 -0.823271

23 -0.863728

24 -0.889993

25 -0.91876

26 -0.958729

27 -0.891043

28 -0.810489

29 -0.803551

30 -1.00343

31 -1.05723

32 -1.06286

33 -1.14829

34 -1.16779

35 -1.16962

36 -1.24675

37 -1.4509

38 -1.45417

39 -1.33921

40 -1.86355

41 -1.89928

42 -1.76833

43 -1.76976

