6 -0.0277685

7 -0.0315342

8 -0.0851179

9 -0.121519

10 -0.128662

11 -0.124687

12 -0.186273

13 -0.213749

14 -0.122914

15 -0.0949867

16 -0.213625

17 -0.366523

18 -0.279177

19 -0.205712

20 -0.216691

21 -0.210093

22 -0.179909

23 -0.201561

24 -0.215287

25 -0.126379

26 -0.307891

27 -0.31057

28 -0.496884

29 -0.465608

30 -0.429032

31 -0.410376

32 -0.388328

33 -0.415549

34 -0.484058

35 -0.433505

36 -0.497986

37 -0.764533

38 -0.912503

39 -0.956976

40 -1.18264

41 -1.22357

42 -1.22884

43 -1.1683

44 -1.22665

45 -1.27102

46 -1.28886

47 -1.27555

48 -1.20473

49 -1.17297

50 -1.27534

51 -1.22908

52 -0.933742

53 -0.966296

54 -1.10479

55 -1.10303

56 -1.41334

57 -1.42636

58 -1.47856

59 -1.61275

60 -1.51899

61 -1.47462

62 -1.54921

63 -1.47615

64 -1.50383

65 -1.73117

66 -1.83698

67 -1.82837

68 -1.82174

69 -1.75792

70 -1.73536

71 -1.65336

72 -1.77548

73 -1.78789

74 -1.89746

75 -1.75181

76 -1.94481

77 -2.16876

78 -1.69286

79 -1.55993

80 -1.54449

81 -1.51634

82 -1.54092

83 -1.63022

84 -1.62482

85 -1.67273

86 -1.72208

87 -1.74188

88 -1.73385

89 -1.75379

90 -1.81166

91 -1.85118

92 -1.89773

93 -1.93957

94 -1.90684

95 -1.7839

96 -1.8742

97 -2.02541

98 -1.83584

99 -1.86842

100 -1.85042

101 -1.88438

102 -1.84519

103 -1.83734

104 -1.79515

105 -1.81337

106 -2.03564

107 -2.0526

108 -2.3078

109 -2.31394

110 -2.36897

111 -2.46513

112 -2.41073

113 -2.31167

114 -2.34853

115 -2.40169

116 -2.44048

117 -2.55557

118 -2.67739

119 -2.71868

120 -2.62914

121 -2.41303

122 -2.48385

123 -2.48252

124 -3.41339

125 -3.51681

126 -3.46768

127 -3.43733

128 -3.38398

129 -3.4519

130 -3.61832

131 -3.60989

132 -3.57717

133 -3.5343

134 -3.36984

135 -3.19475

136 -3.24645

137 -3.35707

138 -3.59617

139 -3.65347

140 -3.73687

141 -3.60997

