6 0.0254592

7 0.192591

8 0.204578

9 0.288955

10 0.332661

11 0.282403

12 0.268998

13 0.247666

14 0.189948

15 0.114493

16 0.237338

17 0.330164

18 0.340297

19 0.27388

20 0.249248

21 0.23844

22 0.314462

23 0.44666

24 0.547648

25 0.525004

26 0.515837

27 0.549185

28 0.320125

29 0.324719

30 0.10916

31 0.0355839

32 0.0209254

33 0.285646

34 0.372129

35 0.435922

36 0.54508

37 0.545386

38 0.583293

39 0.624225

40 0.67575

41 0.614203

42 0.593217

43 0.374351

44 0.432008

45 0.520357

46 0.444101

47 0.315543

48 0.338692

49 0.25009

50 0.22851

51 0.323567

52 0.329244

53 0.261793

54 0.377764

55 0.422525

56 0.494728

57 0.57212

58 0.618023

59 0.638938

60 0.532161

61 0.709715

62 0.825271

63 0.81148

64 0.809522

65 0.835701

66 0.744375

67 0.783442

68 0.420813

69 0.503411

70 0.636267

71 0.722774

72 0.72022

73 0.779989

74 0.897731

75 0.82215

76 0.720636

77 0.895407

78 0.904089

79 0.834716

80 0.897789

81 0.927188

82 0.936397

83 0.984762

84 1.03129

85 0.632806

86 0.625236

87 0.579361

88 0.547138

89 0.505785

90 0.492804

91 0.494198

92 0.403384

93 0.3177

94 0.336937

95 0.0294865

96 -0.00259008

97 -0.0465392

98 -0.0384024

99 0.0111149

100 0.519781

101 0.535344

102 0.685026

103 0.724778

104 0.785061

105 0.805086

106 0.784836

107 0.919487

108 0.894196

109 0.801259

110 0.837263

111 0.819591

112 0.825583

113 0.77123

114 0.732703

115 0.731096

116 0.685572

117 0.288217

118 0.411858

119 0.433925

120 0.449775

121 0.553574

122 0.613693

123 0.378378

124 0.600943

125 0.732616

