5 -1.27067e-05

6 0.100968

7 0.00876585

8 0.123809

9 0.481024

10 0.758625

11 0.341542

12 0.657524

13 1.35236

14 1.50477

15 1.5166

16 0.565823

17 0.182958

18 0.530373

19 1.27034

20 1.40885

21 1.50164

22 1.60704

23 1.20872

24 1.29713

25 2.27681

26 2.44384

27 2.43863

28 2.45103

29 2.05547

30 1.97582

31 3.07312

32 3.23943

33 3.31737

34 3.08293

35 2.42413

36 2.56041

37 2.17321

38 2.31089

39 2.9316

40 3.46507

41 3.29739

42 3.28926

43 4.4152

44 4.61161

45 4.84991

46 4.64569

47 4.23254

