6 -0.0138356

7 -0.0403918

8 -0.0804217

9 -0.101446

10 -0.0980605

11 -0.114829

12 -0.182669

13 -0.212668

14 -0.142558

15 -0.138363

16 -0.311747

17 -0.328121

18 -0.330225

19 -0.310117

20 -0.283477

21 -0.333284

22 -0.287373

23 -0.21791

24 -0.24228

25 -0.219328

26 -0.194576

27 -0.175273

28 -0.210072

29 -0.236565

30 -0.153056

31 -0.176832

32 -0.417568

33 -0.509321

34 -0.526649

35 -0.716229

36 -0.788328

37 -0.825785

38 -0.784424

39 -0.861079

40 -0.876454

41 -0.880461

42 -0.852194

43 -0.743365

44 -0.71849

45 -0.814592

46 -0.770335

47 -0.442342

48 -0.437472

49 -0.605339

50 -0.707406

51 -1.0695

52 -1.10622

53 -1.11155

54 -1.21667

55 -1.13028

56 -1.07959

57 -1.11901

58 -1.01936

59 -0.999486

60 -1.37227

61 -1.46059

62 -1.50594

63 -1.57131

64 -1.59664

65 -1.49554

66 -1.38663

67 -1.41235

68 -1.3228

69 -1.38088

70 -1.54727

71 -1.6124

72 -1.42648

73 -1.56584

74 -1.77077

75 -1.53713

76 -1.31253

77 -1.26197

78 -1.19617

79 -1.1364

80 -1.16259

81 -1.24558

82 -1.23436

83 -1.2996

84 -1.34514

85 -1.38325

86 -1.37493

87 -1.40281

88 -1.45956

89 -1.50467

90 -1.54987

91 -1.57926

92 -1.46487

93 -1.56109

94 -1.48656

95 -1.7222

96 -1.61819

97 -1.70135

98 -1.73368

99 -1.65751

100 -1.5881

101 -1.537

102 -1.50567

103 -1.53881

104 -1.70623

105 -1.98277

106 -2.00777

107 -2.08181

108 -2.11459

109 -2.05636

110 -2.05552

111 -2.05727

112 -2.06991

113 -2.13391

114 -2.18218

115 -2.19556

116 -2.22624

117 -2.2966

118 -2.31497

119 -2.16845

120 -2.27918

121 -2.33797

122 -3.17742

123 -3.23858

124 -3.35714

125 -3.33118

126 -3.29394

127 -3.24122

128 -3.3084

129 -3.3976

130 -3.56627

131 -3.48781

132 -3.3998

133 -3.51228

134 -3.77027

135 -3.74618

136 -3.76241

137 -3.61728

138 -3.51003

139 -3.36916

