6 -0.0588211

7 -0.10675

8 -0.141319

9 -0.184029

10 -0.191734

11 -0.285862

12 -0.195932

13 -0.0821921

14 -0.0619674

15 -0.0228571

16 -0.011725

17 0.0336599

18 0.0928158

19 0.086269

20 0.0601525

21 0.165137

22 0.125041

23 0.178909

24 0.22803

25 0.252888

26 0.154537

27 -0.0837954

28 -0.0897645

29 -0.0752729

30 -0.103057

31 -0.00235456

32 -0.240896

33 -0.37393

34 -0.833246

35 -0.897809

36 -0.924113

37 -0.954837

38 -1.29593

39 -1.32882

40 -1.2583

41 -1.2895

42 -1.34683

43 -1.69875

44 -1.71227

45 -2.08557

46 -2.08183

47 -2.1497

48 -2.15552

49 -2.10443

50 -1.97875

51 -2.13913

52 -2.07428

53 -2.93113

54 -3.04445

55 -3.03026

56 -3.19986

57 -3.20927

58 -3.11603

59 -2.7801

60 -2.74476

61 -2.66783

62 -2.60865

63 -2.42718

64 -2.35749

65 -2.30213

66 -2.24305

67 -2.89364

68 -2.91105

69 -2.89859

70 -2.88904

71 -2.96261

72 -2.96093

73 -3.00872

74 -3.00793

75 -2.99276

76 -2.94316

77 -2.82858

78 -2.89285

79 -2.79841

80 -2.81683

81 -3.07489

82 -2.9747

83 -2.93233

84 -2.98588

85 -2.78074

86 -2.71292

87 -2.65147

88 -2.62677

89 -2.64973

90 -2.61872

91 -2.50864

92 -2.36753

