5 0.0756884

8 -0.0302633

11 -0.244391

14 -0.40469

17 -0.404962

20 0.200251

23 -0.00308549

26 0.289889

29 0.680381

32 0.814471

35 0.873173

38 1.34955

41 1.63137

44 1.982

47 2.00697

50 2.25236

53 2.71485

56 3.0114

59 3.01191

62 3.15059

65 3.4483

68 3.36006

71 3.4276

74 3.78858

77 4.03408

80 3.83592

83 3.63581

86 3.65225

89 4.14521

92 4.52488

95 4.49428

98 4.42547

101 4.46554

104 4.5151

107 4.90113

110 5.14832

113 5.29596

116 5.50626

119 5.91038

122 6.01375

125 5.8074

