6 -0.00817554

7 -0.0506002

8 -0.0565757

9 -0.0474933

10 -0.252922

11 -0.300862

12 -0.276482

13 -0.167652

14 -0.0578999

15 -0.0535837

16 0.133035

17 0.584654

18 0.623193

19 0.630053

20 0.316071

21 -0.976741

22 -1.17109

23 -1.2788

24 -1.55375

25 -1.55478

26 -1.58093

27 -1.59254

28 -1.56106

29 -1.4493

30 -1.41878

31 -1.26978

32 -1.36714

33 -1.62311

34 -1.70682

35 -1.91819

36 -2.00713

37 -1.97905

38 -1.92959

39 -1.93041

40 -1.83045

41 -1.81678

42 -1.83422

43 -1.84331

44 -1.94531

