6 -0.0116099

7 -0.0596352

8 -0.0234633

9 -0.0011928

10 0.0801464

11 0.115964

12 0.107903

13 0.110891

14 0.178044

15 0.146589

16 0.19402

17 0.25517

18 0.168609

19 0.245043

20 0.081125

21 0.0265471

22 -0.31189

23 -0.512312

24 -0.437002

25 -0.50379

26 -0.644395

27 -0.618362

28 -0.653681

29 -0.811916

30 -0.915252

31 -0.979956

32 -1.06588

33 -1.11882

34 -1.05558

35 -0.902024

36 -0.797778

37 -0.801784

38 -0.826784

39 -0.88077

40 -0.79988

41 -0.958534

42 -0.882835

43 -1.27822

44 -1.29721

45 -1.33969

46 -1.32782

47 -1.41856

48 -1.26512

49 -1.24094

50 -1.18492

51 -1.18561

52 -1.23985

53 -1.16855

54 -1.04421

55 -1.18987

56 -1.39635

57 -1.53158

58 -1.60648

59 -1.71271

60 -1.65253

61 -1.69364

62 -1.65331

63 -1.73407

64 -1.78574

65 -1.74897

66 -1.80401

67 -1.73807

68 -1.61936

69 -1.58686

70 -1.65765

71 -1.70098

72 -1.71077

73 -1.72735

74 -1.65988

75 -1.44254

76 -1.33826

77 -1.26391

78 -1.22947

79 -1.21906

80 -1.24031

81 -1.26918

82 -1.18037

83 -1.07815

84 -1.02775

85 -1.10703

86 -1.11672

87 -0.86289

88 -0.748288

89 -0.709337

90 -0.53456

91 -0.524134

92 -0.239657

93 -0.252314

94 -0.256479

95 -0.228474

96 -0.223029

97 -0.198637

98 -0.140925

99 -0.095604

100 -0.193828

101 -0.25846

102 -0.0261875

103 0.0939688

104 -0.0542822

105 -0.211691

106 -0.123963

107 -0.0480394

108 -0.079338

109 -0.214642

110 -0.343

111 -0.571994

112 -0.633755

113 -0.540568

114 -0.465121

115 -0.399449

116 -0.372728

117 -0.328977

118 -0.297986

119 -0.173329

120 -0.278917

121 -0.786158

122 -0.801856

123 -0.695558

124 -0.67434

125 -0.76424

126 -0.820602

127 -0.841215

128 -0.69276

129 -0.614132

130 -0.611348

131 -0.790582

132 -0.897325

133 -0.763988

134 -0.730328

135 -0.783067

136 -0.761668

137 -0.762895

138 -0.710902

139 -0.668006

140 -0.647332

141 -0.525508

142 -0.384487

143 -0.40316

144 -0.392561

145 -0.28134

146 -0.297726

147 -0.268863

148 -0.206717

149 -0.322366

150 -0.457734

151 -0.513772

152 -0.379041

153 -0.433193

154 -0.392733

155 -0.367872

156 -0.279165

157 -0.345806

158 -0.281152

159 -0.345026

160 -0.658613

161 -0.654945

162 -0.646689

163 -0.726547

164 -0.840194

165 -0.863955

166 -0.990511

167 -1.03392

168 -1.00529

169 -0.914001

170 -0.875866

171 -0.995448

172 -1.03342

173 -1.06308

174 -1.0216

175 -0.966267

176 -0.821548

177 -0.749085

178 -0.791813

179 -0.593881

180 -0.517046

181 -0.414428

182 -0.473552

183 -0.496531

184 -0.502896

185 -0.696708

186 -1.19901

187 -1.18014

188 -1.17125

189 -1.23785

190 -1.16276

191 -1.08905

192 -1.06913

193 -0.978624

194 -1.03602

195 -1.16791

196 -1.11937

197 -1.76007

198 -1.77673

199 -1.95019

200 -1.97111

201 -1.96995

