6 -0.0458162

7 0.0306563

8 -0.16751

9 -0.138587

10 -0.308638

11 -0.328853

12 -0.318284

13 -0.467858

14 -0.895578

15 -1.10516

16 -1.08831

17 -1.32766

18 -1.29765

19 -1.53489

20 -1.76116

21 -1.74362

22 -2.01513

23 -2.29854

24 -2.28553

25 -2.32035

26 -2.34508

27 -2.31792

28 -2.38074

29 -2.33623

30 -2.26226

31 -2.22376

32 -2.31176

33 -2.24321

34 -2.21148

35 -2.849

36 -2.91479

37 -3.00124

38 -3.14242

39 -3.32723

40 -3.30179

41 -3.26606

42 -3.28796

43 -3.3151

44 -3.36527

45 -3.39654

46 -3.37001

47 -3.41974

48 -3.35338

49 -3.54473

50 -3.52867

51 -3.71652

52 -4.01094

53 -4.09287

54 -4.26415

55 -4.28272

56 -4.4093

57 -4.52048

58 -4.51113

59 -4.59636

60 -4.42692

61 -4.29391

62 -4.22887

63 -4.23902

64 -4.22035

65 -3.99752

66 -4.26497

67 -4.2728

68 -4.26779

69 -4.37874

70 -4.4001

71 -4.34629

72 -4.62253

73 -4.67766

74 -4.72868

75 -4.69781

76 -4.53689

77 -4.59219

78 -4.66646

79 -4.57371

80 -4.61912

81 -4.65266

82 -4.69161

83 -4.73172

84 -4.66607

85 -4.62778

86 -4.74572

87 -4.72237

88 -4.6799

89 -4.92394

90 -5.28093

91 -5.39801

92 -5.48479

93 -5.49092

94 -5.55553

95 -5.56853

96 -5.50679

97 -5.39247

98 -5.30258

99 -5.24021

100 -5.20594

101 -5.36023

102 -5.43368

