5 -0.00660051

6 0.186667

7 0.0299683

8 0.0325319

9 -0.0366603

10 -0.0309696

11 0.031091

12 0.0435017

13 0.0837687

14 -0.0298576

15 0.893772

16 0.813828

17 0.719708

18 0.524695

19 0.673951

20 0.682892

21 0.608699

22 0.64179

23 0.724729

24 0.8072

25 0.811095

26 0.614098

27 1.13856

28 1.09192

29 1.31771

30 1.30949

31 1.78519

32 2.59564

33 2.25301

34 2.04618

35 1.88385

36 2.12155

37 2.35231

38 2.81733

39 2.60158

40 2.59921

41 2.65684

42 2.78988

43 2.54186

44 2.88633

45 2.97979

46 3.22602

47 3.28431

48 3.42683

49 3.50734

50 3.74127

51 4.03077

52 4.30833

53 3.75671

54 3.89026

55 4.86424

56 5.13143

57 4.5479

58 4.33293

