6 -0.0353247

7 -0.107977

8 -0.21787

9 -0.15231

10 -0.185001

11 -0.181758

12 -0.190532

13 -0.190873

14 -0.156206

15 -0.198348

16 -0.243201

17 -0.204178

18 -0.112699

19 -0.165003

20 -0.135377

21 -0.153593

22 0.0886786

23 0.208495

24 0.292829

25 0.3194

26 -0.00639612

27 -0.0818916

28 -0.345722

29 -0.37918

30 -0.277188

31 -0.217294

32 -0.133803

33 -0.0253383

34 0.0476939

35 -0.0167017

36 0.0871338

37 0.320367

38 0.421056

39 0.340959

40 0.282344

41 0.286191

42 0.349248

43 0.340625

44 0.262457

45 -0.080111

46 -0.0972295

47 -0.0512124

48 -0.121773

49 -0.175985

50 -0.0905649

51 -0.0967245

52 -0.101731

53 -0.169794

54 -0.0924724

55 -0.53948

56 -0.597971

57 -0.419059

58 -0.343603

59 -0.216928

60 -0.323211

61 -0.341369

62 -0.52022

63 -0.609277

64 -0.770977

65 -0.72861

66 -0.889768

67 -0.977449

68 -1.03485

69 -1.10591

70 -1.10616

71 -0.996616

72 -1.18295

73 -1.16333

74 -1.33004

75 -1.47058

76 -1.55443

77 -1.50773

78 -1.50629

79 -1.56885

80 -1.51113

81 -1.54708

82 -1.50967

83 -1.47375

84 -1.62585

85 -1.95501

86 -2.5852

87 -2.62298

88 -2.71543

89 -2.76677

90 -2.70245

91 -2.66643

92 -2.63485

93 -2.7765

94 -2.74017

95 -2.82334

96 -2.8824

97 -2.85217

98 -2.74581

99 -2.93214

100 -2.77816

101 -2.74312

102 -2.70268

103 -2.65184

104 -2.51627

105 -2.43576

106 -2.34035

107 -2.20786

108 -2.02411

109 -1.9074

110 -1.84414

111 -1.65024

112 -1.69722

113 -1.46633

114 -1.48353

115 -1.36106

116 -1.4097

117 -1.40521

118 -1.37292

119 -1.33277

120 -1.27013

121 -1.30313

122 -1.30283

123 -1.33257

124 -1.34239

