6 -0.0639481

7 -0.0291274

8 0.0152024

9 -6.68027e-05

10 -0.0411164

11 -0.0728509

12 -0.0692373

13 -0.0656847

14 -0.0692853

15 -0.0622611

16 -0.0938735

17 -0.0785356

18 0.0335995

19 0.0580845

20 -0.155437

21 -0.277827

22 -0.177822

23 -0.0995792

24 -0.165689

25 -0.262833

26 -0.243057

27 -0.386057

28 -0.360538

29 -0.550346

30 -0.639854

31 -0.681673

32 -0.700388

33 -0.649416

34 -0.793794

35 -0.876102

36 -0.932178

37 -0.936973

38 -0.865187

39 -0.81754

40 -0.826882

41 -0.790707

42 -1.13422

43 -1.13705

44 -1.06481

45 -1.07693

46 -0.999679

47 -0.816342

48 -0.84973

49 -0.772867

50 -0.727808

51 -0.720078

52 -0.680044

53 -0.608432

54 -0.623164

55 -0.508065

56 -0.461474

57 -0.422189

58 -0.367313

59 -0.392843

60 -0.394278

61 -0.386043

62 -0.408023

63 -0.653639

64 -0.822391

65 -0.807074

66 -0.977929

67 -1.00133

68 -1.20079

69 -1.49183

70 -1.67114

71 -2.01307

72 -2.23286

73 -3.1717

74 -3.31078

75 -3.33184

76 -3.38734

77 -3.3991

78 -3.40649

79 -3.42427

