6 -0.135355

7 -0.14211

8 -0.0682218

9 0.0135602

10 0.0995597

11 0.0972316

12 0.115374

13 0.119348

14 0.177452

15 0.158664

16 -0.145849

17 -0.0605533

18 -0.0420482

19 0.050679

20 0.0569436

21 0.0808919

22 0.119065

23 0.118249

24 0.139371

25 0.158537

26 0.159018

27 0.105613

28 0.120476

29 0.116585

30 0.313845

31 0.289347

32 0.270696

33 0.332518

34 0.385487

35 0.268512

36 0.427329

37 0.473271

38 0.385763

39 -0.0976825

40 -0.191277

41 -0.569172

42 -0.767052

43 -0.668162

44 -0.50827

45 -0.674198

46 -0.691075

47 -0.760397

48 -0.791093

49 -0.6063

50 -0.473884

51 0.291717

52 0.505349

53 0.60345

54 0.600274

55 0.646037

56 0.498373

57 0.628186

58 0.68261

59 0.615773

60 0.629795

61 0.53345

62 0.426211

63 0.260739

64 0.28247

65 0.431386

66 0.440829

67 0.419689

68 0.633563

69 0.987544

70 0.892028

71 0.703288

72 1.13546

73 1.12057

74 1.21289

75 1.21901

76 1.01928

77 1.07154

78 0.969588

79 1.03698

80 1.74528

81 1.77494

82 1.6784

83 1.73054

84 1.76562

85 1.94177

86 2.00794

87 1.92234

88 1.95171

89 1.69747

90 1.66687

91 1.6728

92 1.68531

93 1.95351

94 1.98662

95 1.86168

96 1.85048

97 2.25424

98 2.35449

99 2.51381

100 2.56626

101 2.56999

102 2.51943

103 2.64245

104 2.68214

105 2.67033

106 2.62041

107 2.63006

108 2.45352

109 2.33139

110 2.35474

111 2.37481

112 2.50961

113 2.50391

114 2.51671

115 2.62392

116 2.27762

117 2.22949

118 2.16917

119 2.1228

120 2.1436

