6 -0.0165189

7 -0.149971

8 -0.102091

9 0.0656227

10 0.0877999

11 0.176503

12 0.106359

13 0.242445

14 0.300043

15 0.378057

16 0.544403

17 0.550316

18 0.491584

19 0.541605

20 0.613922

21 0.630417

22 0.626237

23 0.61694

24 0.716416

25 0.741826

26 0.830207

27 0.840377

28 0.898622

29 0.956031

30 0.968434

31 1.08361

32 1.11018

33 1.14641

34 1.20346

35 1.29839

36 1.28249

37 1.43711

38 1.52612

39 1.54859

40 1.61031

41 1.90382

42 1.85424

43 1.9732

44 2.02913

45 2.03554

