6 -0.00836361

7 -0.0921461

8 -0.123857

9 0.00323025

10 0.124971

11 0.0952489

12 0.185579

13 0.307801

14 0.332068

15 0.195048

16 0.0322607

17 -0.549842

18 -0.659606

19 -0.676344

20 -0.780114

21 -0.705685

22 -0.0285181

23 0.219087

24 0.283999

25 0.321439

26 0.357382

27 0.312146

28 0.0658601

29 0.0448573

30 0.0231292

31 0.0793975

32 -0.0681271

33 -0.0414728

34 -0.0795766

35 -0.0116868

36 0.244416

37 0.345285

38 0.73496

39 0.733116

40 0.796906

41 0.884436

42 0.826116

43 0.91551

44 1.09935

45 1.1767

46 1.17378

47 1.0758

48 1.10815

49 0.0819894

50 0.0974879

51 0.0926862

52 0.109392

53 0.102535

54 0.0261178

55 0.0483937

56 0.128432

57 0.154121

58 0.0311336

59 0.107936

60 0.133918

61 0.11697

62 0.243018

63 0.424935

64 0.534731

65 0.573314

66 0.612

67 0.625144

68 0.735267

69 0.65287

70 0.68881

71 0.633264

72 0.674025

73 0.598797

74 0.5577

75 0.42827

76 0.381924

77 0.368486

78 0.399924

79 0.34159

80 0.276626

81 0.239452

82 0.165047

83 0.305091

84 0.674895

85 0.807106

86 1.02735

87 1.32061

88 1.63795

89 1.70075

90 1.64011

91 1.84833

92 1.63477

93 1.9032

94 1.84352

95 0.168296

96 0.090236

97 0.31269

98 0.471338

99 0.433805

100 0.42005

101 0.576803

102 0.533528

103 0.385589

104 0.493155

