6 -0.0879559

7 -0.144913

8 -0.421444

9 -0.461328

10 -0.522224

11 -0.54496

12 -0.570203

13 -0.597456

14 -0.584001

15 -0.812508

16 -0.835468

17 -0.79376

18 -0.680649

19 -0.592616

20 -0.606137

21 -0.552048

22 -0.559852

23 -0.521511

24 -0.519016

25 -0.468633

26 -0.175411

27 -0.168415

28 -0.100255

29 -0.0961626

30 -0.1148

31 -0.0729018

32 -0.131689

33 -0.0396923

34 -0.0447087

35 -0.107917

36 0.0582452

37 0.226352

38 0.332902

39 0.335884

40 0.352256

41 0.325868

42 0.253208

43 0.102443

44 0.317216

45 0.379767

46 0.615956

47 0.817588

48 0.672487

49 0.904448

50 0.87795

51 1.11896

52 1.15727

53 1.20367

54 1.3221

55 1.36809

56 1.47782

57 1.55454

58 1.47693

59 1.43841

60 1.43476

61 1.41329

62 1.49382

63 1.36209

64 1.27361

65 1.29168

66 1.71942

67 1.68473

68 1.90539

69 1.998

70 2.35936

71 2.53581

72 2.39718

73 2.36454

74 2.33299

75 2.31138

76 2.29135

77 2.33012

78 2.41265

79 2.38211

80 2.44879

81 2.48266

82 2.47198

83 2.5651

84 2.48704

85 2.61153

86 2.74619

87 2.78085

88 2.74857

89 2.71167

90 2.84642

91 2.74263

92 2.47919

93 2.26995

94 2.27424

95 2.12143

96 2.0095

97 1.95975

98 1.90088

99 1.99761

100 1.74535

101 1.6849

102 1.53232

103 1.42468

104 1.40972

105 1.36857

106 1.306

107 1.07207

108 1.12942

109 0.935098

110 1.10058

111 1.37852

112 1.59704

113 1.74517

114 1.83426

115 1.77377

116 1.85351

117 2.05754

118 2.19648

119 2.82241

120 2.80411

121 2.79697

122 2.80021

123 2.77325

124 2.55018

125 2.456

126 2.53518

127 2.23274

128 2.50965

129 2.85756

130 3.12816

131 3.42192

132 3.67106

133 3.39031

