6 -0.0367586

7 -0.0649383

8 -0.0622972

9 -0.0525797

10 -0.0590551

11 -0.123407

12 -0.247485

13 -0.222566

14 -0.268458

15 -0.537769

16 -0.572285

17 -0.620019

18 -0.527321

19 -0.514435

20 -0.55217

21 -0.584718

22 -0.394366

23 -0.30216

24 -0.337631

25 -0.331239

26 -0.357548

27 -0.498557

28 -0.489512

29 -0.497545

30 -0.460374

31 -0.353851

32 -0.449992

33 -0.29425

34 -0.276966

35 -0.187045

36 0.0260218

37 -0.0356976

38 -0.257851

39 -0.325082

40 -0.882669

41 -0.876388

42 -0.965571

43 -0.981358

44 -1.13657

45 -1.15088

46 -1.08962

47 -1.10556

48 -1.18812

49 -1.13591

50 -1.12696

51 -1.1333

52 -1.19216

53 -1.21669

54 -1.24027

55 -1.25356

56 -1.17993

57 -1.2051

58 -1.68708

59 -1.79012

60 -1.95111

61 -1.91385

62 -2.09816

63 -1.9067

64 -1.78355

65 -1.65821

66 -1.65578

67 -1.58179

68 -1.59572

69 -1.78356

70 -1.73952

71 -1.83257

72 -1.78793

73 -1.80736

74 -1.74614

75 -1.67498

76 -1.66491

77 -1.50238

78 -1.39361

79 -1.43371

80 -1.35743

81 -1.42166

82 -1.41708

83 -1.29222

84 -1.2822

85 -1.32507

86 -1.35483

87 -1.27665

88 -1.27726

89 -1.50276

90 -1.60444

91 -1.69864

92 -1.8072

93 -1.78942

94 -1.83694

95 -1.6394

96 -1.79877

97 -1.75608

98 -1.95143

99 -2.08933

100 -2.08774

101 -1.94514

102 -1.82765

103 -1.71928

104 -1.72934

105 -1.63233

106 -1.96223

107 -1.90301

108 -2.07881

109 -2.21476

110 -2.17713

111 -2.09788

112 -2.03601

113 -2.71136

114 -3.86511

115 -3.98941

116 -3.94582

117 -3.89093

118 -3.84621

119 -3.82103

120 -3.79657

121 -3.7411

122 -3.73547

123 -3.80748

124 -4.35792

125 -4.43143

126 -4.55785

127 -4.85902

128 -5.07538

129 -5.24562

130 -5.38123

