5 0.00763878

6 0.00926762

7 0.00593861

8 0.0701145

9 0.0499234

10 0.0905504

11 -0.0114576

12 0.217959

13 0.547199

14 0.560886

15 0.643633

16 0.665571

17 0.950736

18 0.863351

19 0.678969

20 0.460052

21 0.33597

22 0.483386

23 0.053783

24 0.431514

25 1.04193

26 0.886745

27 0.853184

28 0.840876

29 1.11874

30 1.38749

31 1.37607

32 1.93521

33 2.0875

34 2.12511

35 2.1404

36 2.06328

37 2.32407

38 2.46841

39 2.30677

40 2.94871

41 2.74305

42 2.50121

43 2.73818

44 2.56739

45 2.46448

46 2.47451

47 2.28373

48 2.45423

49 2.55079

