6 -0.0501821

7 -0.0993531

8 -0.0253791

9 -0.248453

10 -0.314032

11 -0.568762

12 -0.632549

13 -0.704049

14 -0.760664

15 -0.766426

16 -0.727395

17 -0.755252

18 -0.783935

19 -0.816693

20 -0.787683

21 -0.951463

22 -0.866719

23 -0.828234

24 -0.894234

25 -1.03329

26 -1.09062

27 -1.09466

28 -1.11624

29 -1.11312

30 -1.09751

31 -1.13566

32 -1.01841

33 -1.04593

34 -1.13384

35 -1.4179

36 -1.58772

37 -1.93958

38 -2.22493

39 -2.29944

40 -2.42673

41 -2.45386

42 -2.51562

43 -2.51246

44 -2.49826

45 -2.61203

46 -2.7851

47 -2.78273

48 -3.04817

49 -3.11877

50 -3.08678

51 -3.05776

52 -2.94599

53 -3.00414

54 -2.90862

55 -3.10908

56 -3.41003

57 -3.61842

58 -3.87269

59 -3.91022

60 -3.78185

61 -3.80186

62 -3.80041

63 -3.93138

64 -4.03076

65 -3.98417

66 -3.93624

67 -3.95294

68 -3.95147

69 -3.98116

70 -3.91815

71 -3.81064

72 -3.83715

73 -3.91378

74 -4.07411

75 -4.26271

76 -4.29612

77 -4.29227

78 -4.15554

79 -4.68784

80 -4.91507

81 -5.19598

82 -5.30459

83 -5.41623

84 -5.40991

85 -5.52692

86 -5.58053

87 -5.59801

88 -5.73789

89 -5.73244

90 -5.86226

91 -5.95634

92 -6.17447

93 -6.18989

94 -6.22072

95 -6.31617

96 -6.40033

97 -6.41088

98 -6.52753

99 -6.40747

100 -6.54061

101 -6.52226

102 -6.91285

103 -6.92792

104 -7.00723

105 -7.16308

106 -7.6203

107 -7.62092

108 -7.6883

109 -7.69959

110 -7.58069

111 -7.68314

112 -7.57404

113 -8.74425

114 -8.9317

115 -8.96812

116 -9.03374

117 -8.98863

118 -8.89269

119 -8.94943

120 -8.90928

121 -9.38047

122 -9.5388

