6 -0.077179

7 -0.0678968

8 -0.0535885

9 -0.0102779

10 0.296633

11 0.352803

12 0.35874

13 0.521193

14 0.538765

15 0.518499

16 0.691194

17 0.656408

18 0.528371

19 0.25211

20 0.118129

21 0.0710409

22 0.0041396

23 -0.049568

24 -0.101582

25 -0.138358

26 -0.165956

27 -0.163347

28 -0.185187

29 -0.219111

30 -0.125717

31 -0.355426

32 -0.346506

33 -0.638891

34 -0.798073

35 -0.829571

36 -0.831081

37 -0.87532

38 -0.888168

39 -0.831168

40 -1.21819

41 -1.26173

42 -1.28855

43 -1.32329

44 -1.2206

45 -1.08007

46 -0.991286

47 -0.991668

48 -0.823956

49 -0.748384

50 -0.667041

51 -0.662622

52 -0.659047

53 -0.70533

54 -0.528296

55 0.164513

56 0.276181

57 0.259014

58 0.264803

59 0.224995

60 0.215776

61 0.260316

62 0.163911

63 0.114664

64 0.117335

65 0.0801216

66 0.209747

67 0.101813

68 0.239784

69 0.195192

70 0.173379

71 0.519333

72 0.48764

73 0.638973

74 0.697731

75 0.901911

76 0.851442

77 1.02445

78 1.22602

79 1.10357

80 1.2475

81 1.29922

82 1.45586

83 1.47517

84 1.59372

85 1.73259

86 1.81637

87 1.9374

88 2.03411

89 1.85085

90 1.72059

91 1.76556

92 1.66152

93 1.75317

94 1.75451

95 1.58705

96 1.09554

97 1.05987

98 0.978031

99 1.00217

100 0.909038

101 0.86204

102 0.976454

103 0.852539

104 0.81742

105 0.834033

106 1.00551

