6 0.0569919

7 0.11559

8 0.0751524

9 0.0650253

10 -0.0212121

11 -0.237951

12 -0.275751

13 -0.288845

14 -0.346344

15 -0.2757

16 -0.485761

17 -0.513782

18 -0.735407

19 -0.885351

20 -0.847874

21 -0.746651

22 -0.798808

23 -0.682176

24 -0.859794

25 -0.88431

26 -0.88239

27 -0.90453

28 -0.811777

29 -1.09556

30 -1.08825

31 -1.31505

32 -1.31117

33 -1.36763

34 -1.35212

35 -1.27161

36 -1.34038

37 -1.40753

38 -1.52743

39 -1.69975

40 -1.77444

41 -1.80893

42 -1.86488

43 -1.73469

44 -1.99482

45 -1.98739

46 -2.18517

47 -2.30781

48 -2.24701

49 -2.1682

50 -2.20194

51 -2.31451

52 -2.33334

53 -2.36643

54 -2.37575

55 -2.23954

56 -2.49195

57 -2.47473

58 -2.77206

59 -2.83515

60 -2.80559

61 -2.8655

62 -2.91239

63 -3.04493

64 -3.26311

65 -3.34555

66 -3.40469

67 -3.45785

68 -3.31285

69 -3.55012

70 -3.55595

71 -3.7263

72 -3.86945

73 -3.90443

74 -3.95165

75 -3.9144

76 -3.84294

77 -3.91512

78 -3.73335

79 -3.74363

80 -3.74832

81 -3.9554

82 -3.99045

83 -3.98451

84 -4.06253

85 -4.06863

86 -3.86326

87 -4.14658

88 -4.23315

89 -4.51309

90 -4.60054

91 -4.58228

92 -4.65289

93 -4.63886

94 -4.87455

95 -4.91922

96 -4.96549

97 -5.08019

98 -5.11769

99 -5.16494

100 -5.21925

101 -5.23831

102 -5.1626

103 -5.22775

104 -5.37956

105 -5.66306

106 -5.74922

107 -5.80535

108 -5.73915

109 -5.96413

110 -5.90824

111 -6.18244

112 -6.28809

113 -6.2391

114 -6.14744

115 -6.23155

116 -6.14545

117 -6.34672

118 -6.34884

119 -6.4457

120 -6.3475

121 -6.32955

122 -6.69837

123 -7.03536

124 -7.06021

125 -7.20415

126 -7.19249

127 -7.10474

128 -7.1907

129 -7.30286

130 -7.46933

131 -7.87325

132 -7.95524

133 -8.05435

134 -8.08853

135 -7.9649

136 -8.12409

137 -8.13071

138 -8.33061

139 -8.40512

140 -8.34936

141 -8.25393

142 -8.32654

143 -8.3696

144 -8.36858

145 -8.42194

146 -8.40706

147 -8.20262

148 -8.5151

149 -8.55275

150 -8.81896

151 -8.85598

152 -8.79881

153 -8.89001

154 -8.88538

155 -9.08367

156 -9.51264

157 -9.65091

158 -9.73977

159 -9.78808

160 -9.74562

161 -9.56854

162 -9.67192

163 -9.84507

164 -9.79987

165 -9.79395

166 -9.77522

167 -9.81348

168 -9.5388

169 -9.8

170 -9.85394

171 -9.8542

172 -9.85267

173 -9.6616

174 -9.84616

175 -9.8324

176 -10.3182

177 -10.1533

178 -10.3085

179 -10.4948

180 -10.7125

181 -11.3789

182 -11.6083

183 -11.6021

184 -11.6271

185 -11.3871

186 -11.6745

187 -11.7032

188 -11.3743

189 -11.314

190 -11.2372

191 -11.3962

192 -11.4956

193 -11.6928

194 -12.0402

195 -11.9913

196 -12.0438

197 -12.0535

198 -12.0286

199 -12.0093

200 -11.9909

201 -11.9886

202 -12.0506

203 -12.152

204 -12.1566

