6 0.0535698

7 0.174335

8 0.194851

9 0.214556

10 0.305748

11 0.291703

12 0.319419

13 0.419506

14 0.519595

15 0.573987

16 0.696065

17 0.63466

18 0.755003

19 0.78389

20 0.859753

21 0.949877

22 1.0628

23 1.08393

24 1.16009

25 1.08601

26 1.19034

27 1.3204

28 1.3197

29 1.31963

30 1.35269

31 1.3426

32 1.34252

33 1.34198

34 1.34623

35 1.25229

36 1.27546

37 1.21922

38 1.26794

39 1.49475

40 1.52308

41 1.57237

42 1.47675

43 1.57807

44 1.41348

45 1.4826

46 1.4852

47 1.48225

48 1.43458

49 1.43358

50 1.40938

51 1.45829

52 1.43454

53 1.3891

54 1.29146

55 1.2188

56 1.28199

57 1.03806

58 0.86279

59 0.798801

60 0.8886

61 0.82856

62 0.883028

63 0.710042

64 0.701881

65 0.97623

66 0.776477

67 0.583335

68 -0.0112623

69 -0.119469

70 -0.133547

71 -0.256007

72 -0.15464

73 -0.427712

74 -0.656937

75 -0.674836

76 -0.835285

77 -0.839842

78 -0.807481

79 -0.858753

80 -0.963723

81 -0.949484

82 -0.829588

83 -0.783483

84 -0.892074

85 -1.0069

86 -1.56597

87 -1.71333

88 -1.73565

89 -1.6493

90 -1.69171

91 -1.5156

92 -1.56077

93 -1.5713

94 -1.35047

95 -1.22958

96 -1.22414

97 -1.16572

98 -1.16178

99 -1.04535

100 -1.08184

101 -1.00635

102 -1.03338

103 -1.18117

104 -1.35994

105 -1.454

106 -1.51323

107 -1.45304

108 -1.53315

109 -1.5419

110 -1.5718

111 -1.63794

112 -1.5426

113 -1.73487

114 -1.64769

115 -1.43438

116 -1.52692

117 -1.50776

118 -1.40009

119 -1.40586

120 -1.36724

121 -1.31108

122 -1.3856

123 -1.66995

124 -1.97351

125 -1.79225

126 -1.7845

127 -1.70744

128 -1.69348

129 -1.60457

130 -1.69493

