6 0.153713

7 0.211791

8 0.225399

9 0.287311

10 0.273778

11 0.377188

12 0.462173

13 0.540802

14 0.584049

15 0.730282

16 0.736787

17 0.746663

18 0.731175

19 0.84449

20 0.631646

21 0.623362

22 -0.0680685

23 -0.326719

24 -0.448431

25 -0.460156

26 -0.400293

27 -0.332695

28 -0.395864

29 -0.400861

30 -0.377955

31 -0.462151

32 -0.410987

33 -0.359016

34 -0.51399

35 -1.44916

36 -1.39834

37 -1.46369

38 -1.47652

39 -1.41992

40 -1.31009

41 -1.25033

42 -1.94761

43 -1.92985

44 -1.92141

45 -1.8868

46 -1.87602

47 -1.77257

48 -1.78614

49 -1.80333

50 -1.7549

51 -1.67873

52 -1.66893

53 -1.72252

54 -1.63313

55 -1.48043

