6 -0.119794

7 -0.0864214

8 0.0140156

9 0.108039

10 0.092292

11 0.083579

12 0.199991

13 0.250602

14 -0.576633

15 -0.591532

16 -0.518662

17 -0.341009

18 -0.182277

19 -0.338408

20 -0.461584

21 -0.478239

22 -1.06671

23 -1.06412

24 -1.1476

25 -1.05801

26 -1.01636

27 -1.01173

28 -1.06916

29 -1.08765

30 -1.22621

31 -1.22968

32 -1.25782

33 -1.44864

34 -1.4585

35 -1.42603

36 -1.45501

37 -1.27524

38 -1.1053

39 -0.683878

40 -0.675751

41 -0.660147

42 -0.680463

43 -0.662153

44 -0.725864

45 -0.621669

46 -0.598212

47 -0.556389

48 -0.466352

49 -0.36132

50 -0.353771

51 -0.427998

52 -0.393772

53 -0.365098

54 -0.262374

55 -0.246518

56 -0.207505

57 -0.316748

58 -0.605062

59 -0.541054

60 -0.653136

61 -0.589292

62 -0.584545

63 -0.754211

64 -0.741357

65 -0.740142

66 -0.676338

67 -0.596656

68 -0.736682

69 -0.730755

70 -0.817908

71 -0.636662

72 -0.583605

73 -0.272818

74 -0.276009

75 -0.165494

76 0.0183302

77 0.170345

78 0.202935

79 0.203306

80 0.332992

81 0.223858

82 0.185651

83 0.228867

84 0.293359

85 0.335903

86 0.287005

87 0.297016

88 0.329207

89 0.414206

90 0.648261

91 0.662382

92 0.73905

93 0.765868

94 0.673104

