6 -0.119054

7 -0.074453

8 0.0106736

9 0.166176

10 0.198346

11 0.14277

12 0.251187

13 0.335191

14 0.342465

15 0.0138849

16 0.0233287

17 -0.0711087

18 0.022102

19 0.00447218

20 -0.0188898

21 -0.00764167

22 0.00144985

23 -0.0172789

24 -0.0222013

25 -0.017962

26 0.0730711

27 -0.12996

28 -0.0790361

29 -1.11906

30 -1.29011

31 -1.42943

32 -1.4147

33 -1.3861

34 -1.33022

35 -1.49034

36 -1.51002

37 -1.33138

38 -1.36817

39 -1.30025

40 -1.3278

41 -1.37087

42 -1.39357

43 -1.50435

44 -1.49905

45 -1.5004

46 -1.58996

47 -1.5618

48 -1.3906

49 -1.31187

50 -1.32175

51 -1.29131

52 -1.40415

53 -1.42808

54 -1.28638

55 -1.21455

56 -1.05115

57 -1.07339

58 -1.03779

