6 -0.39607

7 -0.64787

8 -0.642183

9 -0.7301

10 -0.768559

11 -0.808226

12 -0.825994

13 -0.840681

14 -0.807127

15 -0.835379

16 -0.823498

17 -0.679711

18 -0.500151

19 -0.410124

20 -0.422255

21 -0.458705

22 -0.565462

23 -0.647791

24 -0.471594

25 -0.349749

26 -0.276675

27 -0.350886

28 -0.22441

29 -0.221114

30 -0.45044

31 -0.589758

32 -0.882167

33 -0.818712

34 -0.792793

35 -0.790909

36 -0.881418

37 -0.823263

38 -0.88427

39 -0.94627

40 -1.03232

41 -1.0628

42 -1.13336

43 -1.09417

44 -1.10661

45 -1.18785

46 -1.36468

47 -1.52024

48 -1.60627

49 -1.78714

50 -1.5515

51 -1.62294

52 -1.60191

53 -1.6678

54 -1.69009

55 -1.69756

56 -1.70305

57 -1.69943

58 -1.68495

59 -1.72631

60 -1.7319

61 -1.74257

62 -1.96443

63 -2.14749

64 -2.36241

65 -2.33044

66 -2.42499

67 -2.4712

68 -2.52019

69 -2.53426

70 -2.55754

71 -2.5463

72 -2.64831

73 -2.67938

74 -2.77381

75 -2.72491

76 -2.80182

77 -2.84334

78 -2.96543

79 -3.0705

80 -2.97821

81 -2.73636

82 -2.59178

83 -2.56817

84 -2.35447

85 -2.35939

86 -2.39125

87 -2.51596

88 -2.73233

89 -3.31712

90 -3.26273

91 -3.34804

92 -3.35667

93 -3.41457

94 -3.3482

95 -3.37552

96 -3.40656

97 -3.50852

98 -3.52162

99 -3.53719

100 -3.47058

101 -3.52342

102 -3.61499

103 -3.74799

104 -3.92372

105 -3.9845

106 -4.17973

107 -3.96994

108 -4.05074

109 -3.87677

