5 -0.27965

6 -0.247339

7 -0.23094

8 -0.267741

9 -0.294955

10 -0.277651

11 -0.212591

12 -0.219739

13 -0.246596

14 -0.240764

15 -0.0712406

16 0.0586581

17 0.129943

18 0.0171737

19 -0.0283439

20 -0.0126092

21 -0.153673

22 -0.262337

23 0.133259

24 0.177333

25 0.0330165

26 -0.276732

27 0.0518754

28 0.586258

29 0.96179

30 0.902273

31 0.975108

32 1.14056

33 1.24118

34 1.26778

35 1.77457

36 1.59052

37 1.44855

38 1.43984

39 1.56935

40 1.83913

41 1.95593

42 1.74779

43 1.74453

44 1.37757

45 1.50026

46 1.5464

47 1.55128

48 1.66834

