5 -0.00206842

6 -0.0135073

7 -0.0186078

8 -0.00571137

9 -0.101249

10 -0.603583

11 -0.6507

12 -0.816705

13 -0.532538

14 -0.492502

15 -0.482094

16 -0.493274

17 -0.453243

18 -0.413538

19 -0.399852

20 -0.605526

21 -0.65982

22 -0.667306

23 -0.690521

24 -1.20219

25 -1.21813

26 0.297993

27 0.278121

28 -0.115518

29 -0.316135

30 -0.326326

31 0.253966

32 0.15085

33 0.00295261

34 0.0242478

35 0.206086

36 0.147425

37 0.0600304

38 0.117676

39 0.0888983

40 0.0613466

41 0.140641

42 -0.183138

43 -0.121278

44 -0.225541

45 -0.883196

46 -0.824355

47 -0.716673

48 -0.760763

49 -1.60773

50 -1.2809

51 -1.43732

52 -0.978054

53 -1.28221

54 -1.46096

55 -0.767211

