5 0.000957046

6 -0.0110394

7 -0.0191212

8 -0.0055699

9 -0.101535

10 -0.607932

11 -0.607657

12 -0.809474

13 -0.574561

14 -0.536147

15 -0.434801

16 -0.392316

17 -0.370279

18 -0.583676

19 -0.638065

20 -0.62834

21 -0.694921

22 -1.05249

23 -1.10375

24 0.480806

25 0.459691

26 0.0667493

27 -0.150724

28 -0.172774

29 0.431083

30 0.342096

31 0.193135

32 0.203681

33 0.318537

34 0.310825

35 0.312806

36 0.379603

37 0.359557

38 0.342742

39 0.432393

40 -0.12252

41 -0.801783

42 -0.738724

43 -0.663985

44 -0.652929

45 0.128837

46 0.608667

47 0.604109

48 1.02934

49 0.648718

50 0.635396

51 1.32712

