6 -0.0546216

7 -0.0986722

8 -0.0727869

9 -0.0958777

10 -0.139724

11 -0.028522

12 -0.16045

13 0.0304389

14 0.116455

15 0.69436

16 0.794519

17 0.82409

18 0.690562

19 0.639602

20 0.614929

21 0.734309

22 0.531733

23 0.878887

24 1.29154

25 1.60337

26 1.74298

27 1.73667

28 1.59809

29 1.61746

30 1.65539

31 1.59622

32 1.68339

33 1.66516

34 1.64375

35 1.68354

36 1.72726

37 1.65217

38 1.6825

39 0.96353

40 1.02728

41 0.928806

42 1.26484

43 1.43096

44 1.52651

45 1.51192

46 1.55342

47 1.55142

48 1.51405

49 1.53314

50 1.51823

51 1.52843

52 1.58114

53 1.6233

54 1.6131

55 1.50779

56 1.49863

57 1.62116

58 1.51701

59 1.61874

60 1.53347

61 1.43855

62 1.23287

63 1.22659

64 1.31259

65 1.2722

66 1.33046

67 1.3775

68 1.40614

69 1.42853

70 1.43802

71 1.48874

72 1.49114

73 1.43901

74 1.50699

75 1.42702

76 1.45663

77 1.6768

78 2.06395

79 2.0754

80 1.8944

81 1.94215

82 1.8474

83 1.99351

84 2.04387

85 1.82437

86 1.99751

87 2.34827

88 2.42584

89 2.44864

90 2.43774

91 2.33576

92 2.29611

93 1.93534

94 1.87917

95 1.97483

96 1.83374

97 1.91287

98 2.00306

99 2.37481

100 2.65125

101 2.55287

102 2.23291

103 2.38116

104 2.45229

105 2.48058

106 2.45044

107 2.45347

108 2.4726

109 2.29524

110 2.26716

111 2.14617

112 2.32716

113 2.27547

114 2.32849

115 2.28741

116 2.27975

117 2.09718

118 2.12236

119 2.05972

120 2.07012

121 1.95978

122 1.9322

123 1.74854

124 0.650547

125 0.655886

126 0.736191

127 0.881103

128 0.961179

129 1.01658

130 1.12923

131 1.16053

132 1.16724

133 1.26224

134 1.21432

135 1.07014

136 1.34553

137 1.38188

138 1.3764

139 1.43797

140 1.3177

141 1.34206

142 1.27766

143 0.901415

144 0.90352

145 0.976965

146 0.997461

