6 -0.0192305

7 -0.00284024

8 0.0443145

9 -0.0674518

10 -0.0360461

11 0.0182582

12 -0.0260014

13 -0.022528

14 -0.101326

15 -0.12336

16 -0.222424

17 -0.319793

18 -0.507341

19 -0.524623

20 -0.480177

21 -0.554778

22 -0.52263

23 -0.518185

24 -0.970894

25 -0.978034

26 -0.923712

27 -0.911688

28 -0.943578

29 -0.845777

30 -0.619282

31 -0.468412

32 -0.417124

33 -0.33461

34 -0.365717

35 -0.35194

36 -0.438208

37 -0.455169

38 -0.538582

39 -0.500146

40 -0.657441

41 -0.543336

42 -0.507139

43 -0.510842

44 -0.539159

45 -0.583424

46 -0.621003

47 -0.50577

48 -0.440284

49 -0.453063

50 -0.400038

51 -0.37811

52 -0.374574

53 -0.379955

54 -0.376044

55 -0.24737

56 -0.265629

57 -0.242713

58 -0.0530089

59 0.070567

60 0.140226

61 0.0423503

62 -0.0400075

63 -0.163287

64 -0.105233

65 -0.0433532

66 -0.0794928

67 -0.358397

68 -0.341636

69 -0.29565

70 -0.543622

71 -0.644702

72 -0.594902

73 -0.461828

74 0.126273

75 0.162235

76 0.213434

77 0.219474

78 0.254988

79 0.504553

