6 -0.0427807

7 -0.0524452

8 -0.0711997

9 -0.10868

10 -0.109112

11 -0.116836

12 -0.127511

13 -0.164317

14 -0.197109

15 -0.182509

16 -0.25595

17 -0.297463

18 -0.307315

19 -0.367625

20 -0.380686

21 -0.333395

22 -0.291343

23 -0.381925

24 -0.622733

25 -0.687945

26 -0.479198

27 -0.31146

28 -0.249866

29 -0.23188

30 -0.210364

31 -0.183593

32 -0.183257

33 -0.157727

34 -0.18563

35 -0.393352

36 -0.625506

37 -0.632412

38 -0.687138

39 -0.727231

40 -0.740468

41 -0.657192

42 -0.718957

43 -0.347119

44 -0.387116

45 -0.646533

46 -0.624214

47 -1.10133

48 -1.06744

49 -1.12657

50 -1.26624

51 -1.17801

52 -1.1306

53 -1.18468

54 -1.09514

55 -1.06994

56 -1.21907

57 -1.34114

58 -1.41991

59 -1.35874

60 -1.16967

61 -1.1534

62 -1.54866

63 -1.33426

64 -1.26753

