6 -0.118929

7 -0.139407

8 -0.14262

9 -0.163965

10 -0.214742

11 -0.240403

12 -0.236835

13 -0.226705

14 -0.25307

15 -0.296899

16 -0.223041

17 -0.39224

18 -0.394409

19 -0.408615

20 -0.290962

21 -0.472058

22 -0.447284

23 -0.441339

24 -0.445502

25 -0.479278

26 -0.372592

27 -0.272345

28 -0.0941188

29 -0.104667

30 -0.056434

31 -0.0172471

32 -0.0401453

33 -0.00138314

34 -0.0164446

35 -0.0735645

36 -0.07546

37 0.137373

38 0.143414

39 0.251145

40 0.229184

41 0.208957

42 0.2658

43 0.224907

44 0.336877

45 0.311044

46 0.0471807

47 -0.171663

48 -0.308808

49 -0.48753

50 -0.524371

51 -0.514744

52 -0.470578

53 -0.505164

54 -0.556016

55 -0.630282

56 -0.622927

57 -0.669869

58 -0.640336

59 -0.606458

60 -0.688756

61 -0.636953

62 -0.598551

63 -0.496819

64 -0.694384

65 -0.613218

66 -1.33811

67 -1.36374

68 -1.34863

69 -1.40331

70 -1.42205

71 -1.36416

72 -1.46882

73 -1.40183

74 -1.27468

75 -1.38897

76 -1.62211

77 -2.29759

78 -2.3773

79 -2.37313

80 -2.26263

81 -2.12889

82 -2.23611

83 -1.40089

84 -1.43631

85 -1.50812

86 -1.55929

87 -1.6392

88 -1.63338

89 -1.59575

90 -1.48683

91 -1.29695

92 -1.41954

93 -1.94189

