6 -0.0493257

7 -0.0482964

8 -0.0914547

9 0.00494919

10 0.246496

11 0.327285

12 0.290418

13 0.38659

14 0.434267

15 0.474835

16 0.537104

17 0.485101

18 0.835449

19 0.875845

20 0.882157

21 0.849302

22 0.897572

23 0.986621

24 0.93308

25 0.904435

26 1.00391

27 0.976019

28 0.974859

29 1.19079

30 2.54203

31 2.68696

32 2.7161

33 2.76073

34 2.91723

35 3.12968

36 3.17185

37 3.23083

38 3.40638

39 3.36777

40 3.51818

41 3.55583

42 3.52549

43 3.69401

44 3.46638

45 2.77322

46 2.72914

47 2.68405

48 2.61113

49 2.70452

50 2.67088

51 2.61138

52 2.51426

53 2.4604

54 2.44633

55 2.15806

56 2.17392

