6 -0.089064

7 -0.0937987

8 -0.0933682

9 -0.0866801

10 -0.114679

11 -0.0923565

12 -0.00212647

13 -0.0205191

14 -0.15045

15 -0.321411

16 -0.299463

17 -0.199324

18 -0.198142

19 0.0822411

20 0.0284759

21 0.379674

22 0.498555

23 0.599334

24 0.507767

25 0.566059

26 0.37329

27 0.255876

28 0.306461

29 0.573839

30 0.647483

31 0.934483

32 1.11183

33 1.5331

34 1.44488

35 1.31034

36 1.36748

37 1.44556

38 1.46077

39 1.42925

40 1.4853

41 1.41998

42 1.49185

43 1.67393

44 1.7069

45 1.80895

46 1.89393

47 1.98823

48 2.03127

49 2.07505

50 2.09865

51 2.15895

52 2.32624

53 2.32659

54 2.39515

55 2.47346

56 2.5673

57 2.40016

58 2.24068

59 2.14757

60 1.93568

61 1.88569

62 1.6263

63 0.918613

64 0.862622

65 0.884544

66 0.793525

67 1.77075

68 1.93466

69 2.06477

70 1.99272

71 1.96465

72 1.02304

73 0.93456

74 1.10466

75 1.12059

76 1.33121

77 1.54257

78 1.75983

79 1.85095

80 1.8903

81 1.83418

82 1.85013

83 1.85032

84 1.92947

85 2.10524

86 2.23457

87 2.23198

88 2.21023

89 2.19864

90 2.2176

91 2.21388

