5 -0.0200454

6 0.183438

7 0.244164

8 0.280074

9 0.313702

10 0.315579

11 0.168552

12 0.117434

13 -0.0386082

14 -0.0572519

15 -0.164734

16 -0.183702

17 -0.035253

18 0.105202

19 0.56051

20 0.355884

21 0.567229

22 0.536824

23 0.49912

24 0.638154

25 0.889053

26 0.885855

27 0.900691

28 0.900041

29 0.853227

30 0.911262

31 0.901917

32 0.491555

33 0.242928

34 0.246553

35 -0.589644

36 -0.358269

37 -0.43069

38 -0.409768

39 -1.00068

40 -1.0479

41 -1.13412

42 -1.20107

43 -1.31011

44 -1.35735

45 -2.0023

46 -1.69727

47 -1.72626

48 -1.61378

49 -1.18324

