6 -0.0197999

7 -0.0740782

8 0.00674493

9 -0.00202261

10 0.234709

11 0.206927

12 0.293233

13 0.413696

14 0.485146

15 0.47163

16 0.485212

17 0.475577

18 0.435223

19 0.442829

20 0.444172

21 0.465323

22 0.529429

23 -0.211777

24 -0.321113

25 -0.518613

26 -0.577021

27 -0.65058

28 -0.720961

29 -0.736465

30 -0.756575

31 -0.715401

32 -0.558071

33 -0.700752

34 -0.710667

35 -0.79503

36 -0.744519

37 -0.807916

38 -0.851106

39 -0.851885

40 -0.729825

41 -0.620448

42 -0.595488

43 -0.488596

44 -0.38247

45 -0.420032

46 -0.399089

47 -0.459006

48 -0.546255

49 -0.653912

50 -0.646853

51 -0.685376

52 -0.746925

53 -0.697374

54 -0.575857

55 -0.66695

56 -0.646311

57 -0.511441

58 -0.432775

59 -0.462952

60 -0.472834

61 -0.339006

62 -0.237051

63 -0.265409

64 -0.336776

65 -0.303078

66 -0.216262

67 -0.152156

68 -0.125875

69 -0.173671

70 -0.13792

71 -0.16661

72 -0.188224

73 -0.207253

74 -0.0892247

75 -0.279419

76 -0.335246

77 -0.63437

78 -0.788727

79 -1.01829

80 -1.1042

81 -1.00687

82 -1.1241

83 -0.746452

84 -0.711996

85 -0.581091

86 -0.503524

87 2.03717

88 2.06275

89 2.07708

90 2.13131

91 2.13948

92 2.12907

93 2.07068

94 2.04651

95 2.0799

96 1.82661

97 1.7111

98 1.81622

99 1.87939

100 1.77884

101 1.61593

102 1.5243

103 1.50696

104 1.43807

