6 -0.0319784

7 0.0807571

8 0.0982299

9 0.118839

10 0.154465

11 0.156294

12 -0.158275

13 -0.217307

14 -0.308513

15 -0.314082

16 -0.43169

17 -0.474351

18 -0.437414

19 -0.503577

20 -0.434481

21 -0.304955

22 -0.891962

23 -0.986245

24 -1.07622

25 -1.16805

26 -1.05627

27 -1.10314

28 -1.17683

29 -1.19203

30 -1.2074

31 -1.26933

32 -1.24861

33 -1.4203

34 -1.49022

35 -1.54814

36 -1.62558

37 -1.56189

38 -1.4498

39 -1.44945

40 -1.46349

41 -1.23325

42 -1.20585

43 -1.13853

44 -1.28676

45 -1.11912

46 -1.11666

47 -1.11173

48 -1.11693

49 -1.18268

50 -1.15179

51 -1.00566

52 -0.914234

53 -0.925345

54 -0.762325

55 -0.849555

56 -0.638955

57 -0.389317

58 -0.327141

59 -0.2814

60 -0.293046

61 -0.394469

62 -1.4569

63 -1.49547

