6 0.28419

7 0.269633

8 0.318019

9 0.354768

10 0.351151

11 0.364869

12 0.286541

13 0.310071

14 0.440167

15 0.422662

16 0.445041

17 0.330134

18 0.481059

19 0.128918

20 0.0380013

21 -0.0568693

22 -0.12741

23 -0.119646

24 -0.0838243

25 -0.118098

26 -0.112651

27 -0.000471244

28 -0.0154956

29 -0.105943

30 -0.286149

31 -0.110137

32 0.0212532

33 0.0395935

34 0.0743481

35 0.101551

36 0.146174

37 0.224271

38 0.249024

39 0.268214

40 0.283766

41 0.166786

42 0.205676

43 0.255238

44 0.318381

45 0.349085

46 0.294191

47 0.335075

48 0.424948

49 0.514534

50 0.310057

51 0.239833

52 0.0132648

53 0.0400141

54 0.130231

55 0.162088

56 0.182177

57 0.310339

58 0.467094

59 0.490242

60 0.665762

61 0.767555

62 0.649193

63 0.517502

64 0.552574

65 0.601518

66 0.441942

67 0.310041

68 0.164017

69 0.186248

70 0.250413

71 0.229459

72 0.125847

73 0.136685

74 0.219647

75 0.338796

76 0.273047

77 0.375851

78 -0.143803

79 -0.193091

80 -0.0233298

81 0.068681

82 0.185915

83 0.0863017

84 0.119377

85 -0.0245432

86 -0.115065

87 -0.27723

88 -0.513823

89 -0.580185

90 -0.533503

91 -0.522554

92 -0.627841

93 -0.478895

94 -0.432652

95 -0.513528

96 -0.538047

97 -0.777407

98 -1.49505

99 -1.40446

100 -1.21082

101 -1.42634

102 -1.43906

103 -1.49207

104 -1.51247

105 -1.40401

106 -1.32708

107 -1.33626

108 -1.3879

109 -1.37522

110 -1.31591

111 -1.37997

112 -1.39083

113 -1.39527

114 -1.35645

115 -1.48218

116 -1.2873

117 -1.27892

118 -1.21177

119 -1.30053

120 -1.24707

121 -1.3016

122 -1.34757

123 -1.50681

124 -1.38863

125 -1.48991

126 -1.6487

127 -1.61742

128 -1.68633

129 -1.58925

130 -1.57812

131 -1.58304

