6 0.0110453

7 0.00773509

8 -0.0262453

9 -0.00914561

10 0.00578732

11 0.0485209

12 -0.0160882

13 -0.0689608

14 0.058129

15 -0.0131803

16 0.242149

17 0.774417

18 0.840292

19 0.79923

20 0.771499

21 0.633193

22 0.563298

23 0.513094

24 0.351168

25 0.263509

26 0.446636

27 0.441329

28 0.475846

29 0.186443

30 0.246027

31 0.158034

32 0.0628069

33 0.401446

34 0.680735

35 0.824938

36 1.01551

37 1.02186

38 1.03264

39 1.2242

40 1.35521

41 1.48317

42 1.26905

43 1.49125

44 1.73917

45 1.9207

46 2.27721

47 2.43478

48 2.25715

49 2.15282

50 2.13089

51 2.26137

52 2.09081

53 2.13296

54 2.1684

55 2.23309

56 2.29361

57 2.26792

58 2.3404

59 2.09996

60 2.43425

61 2.43232

62 2.57508

63 2.47501

64 2.69671

65 2.6996

66 3.10628

67 2.95134

68 2.79895

69 3.11244

70 3.15728

71 3.06133

72 3.14792

73 3.44173

74 3.38448

75 3.54926

76 3.73928

77 3.81757

78 3.78947

79 3.94571

80 3.94659

81 4.08503

82 4.1223

83 4.27347

84 4.30153

85 4.14098

86 3.98577

87 4.16493

88 3.93571

89 4.34526

90 4.33239

91 4.59262

92 4.7396

93 4.80623

94 4.93325

95 4.86314

96 4.70475

97 4.51455

98 4.46281

99 4.40165

100 4.40186

101 5.00793

102 5.09506

103 5.31849

104 5.42998

105 5.07972

