6 -0.0375929

7 -0.0016728

8 0.0897245

9 -0.0954196

10 -0.145823

11 -0.340358

12 -0.371363

13 -0.286126

14 -0.282865

15 -0.395069

16 -0.314646

17 -0.296479

18 -0.292808

19 -0.2885

20 -0.246554

21 -0.303866

22 -0.286274

23 -0.322782

24 -0.942867

25 -0.884349

26 -0.887385

27 -0.90459

28 -0.904072

29 -0.754838

30 -0.499682

31 0.214057

32 0.125116

33 -0.0806248

34 -0.117359

35 -1.32531

36 -1.50649

37 -1.6128

38 -1.64566

39 -1.62059

40 -1.88434

41 -1.7454

42 -1.81226

43 -1.78629

44 -1.73316

45 -1.76649

46 -1.80765

47 -1.84951

48 -1.86579

49 -1.96966

50 -2.09533

51 -2.08414

52 -2.11123

53 -2.18386

54 -2.31162

55 -2.30877

56 -2.21831

57 -2.18825

58 -2.09014

59 -1.88231

60 -1.74357

61 -1.76207

62 -1.80094

63 -2.40675

