5 0.194492

6 0.284186

7 -0.743377

8 -0.632548

9 0.121738

10 0.26704

11 0.414246

12 0.402543

13 0.555202

14 0.442318

15 -0.29668

16 -0.206731

17 -0.415529

18 -0.263508

19 -0.0175826

20 0.115684

21 0.150588

22 0.187059

23 0.235286

24 0.323879

25 -0.748301

26 -0.653597

27 -0.35473

28 -0.338273

29 -0.53358

30 -0.531476

31 -0.458938

32 -0.46744

33 -1.47101

34 -0.966668

35 -0.911159

36 -0.663485

37 -0.59107

38 -0.428673

39 -0.364904

40 -0.522946

41 -0.537115

42 -0.825854

43 -0.702339

