6 -0.075335

7 -0.0866059

8 -0.100391

9 -0.106615

10 -0.155808

11 -0.052849

12 -0.0115279

13 -0.0235494

14 -0.10018

15 -0.110947

16 -0.0988782

17 -0.141541

18 -0.267939

19 -0.252138

20 -0.149962

21 -0.180066

22 -0.162363

23 -0.12711

24 -0.0240702

25 -0.00140167

26 -0.0267624

27 -0.0583939

28 -0.00642468

29 -0.0772184

30 -0.0695854

31 0.0323218

32 0.0758449

33 -0.0190383

34 -0.0753929

35 -0.0465039

36 0.138041

37 0.153994

38 -0.42441

39 -0.553467

40 -0.556619

41 -0.501325

42 -0.43834

43 -0.436548

44 -0.667526

45 -0.618871

46 -0.656028

47 -0.679585

48 -0.693132

49 -0.690573

50 -0.752321

51 -0.696673

52 -0.566019

53 -0.533589

54 -0.517374

55 -0.624861

56 -0.579558

57 -0.570088

58 -0.780692

59 -0.832163

60 -1.08267

61 -0.991692

62 -0.861065

63 -0.846836

64 -0.756185

65 -0.861114

66 -0.90107

67 -1.1467

68 -1.19933

69 -1.26492

70 -1.31145

71 -1.23073

72 -1.36365

73 -1.30984

74 -1.74335

75 -1.74655

76 -1.85867

77 -2.03026

78 -2.20594

79 -2.25636

80 -2.30191

