6 0.0734272

7 0.154522

8 0.0746954

9 0.177852

10 0.134581

11 0.132679

12 0.114905

13 0.144671

14 0.214329

15 0.183113

16 0.197323

17 0.252329

18 0.547236

19 0.558015

20 0.65552

21 0.649947

22 0.619721

23 0.677629

24 0.780149

25 0.768869

26 0.80636

27 0.822553

28 0.828197

29 0.335097

30 0.317584

31 0.290725

32 0.364129

33 0.226112

34 0.280261

35 0.193086

36 0.181129

37 1.22525

38 1.2387

39 1.34112

40 1.35165

41 1.37542

42 1.32672

43 1.39569

44 1.32506

45 1.25597

46 0.643961

47 0.620412

48 0.74879

49 0.724772

50 0.348775

51 0.283675

52 0.251805

