5 -0.00489632

6 0.0413241

7 -0.178261

8 -0.16836

9 -0.628655

10 -0.13596

11 0.332203

12 0.466912

13 0.49834

14 0.576678

15 0.609358

16 0.657417

17 0.231594

18 0.587611

19 1.06488

20 1.25719

21 0.959972

22 1.3903

23 1.95864

24 2.01865

25 1.71805

26 1.87397

27 2.82954

28 2.85885

29 2.86789

30 2.96879

31 2.80117

32 2.59142

33 3.72364

34 3.83716

35 3.62701

36 3.7634

37 4.50219

38 4.75566

39 4.40075

40 4.68055

41 5.67057

42 5.67599

43 5.22981

44 5.22253

45 5.3242

46 5.33544

47 5.00126

48 5.17387

49 5.12803

50 5.45033

51 5.64394

52 5.72827

