5 -0.0140917

6 -0.00743775

7 -0.217664

8 -0.123584

9 -0.156494

10 -0.100273

11 -0.0954824

12 -0.102644

13 -0.591259

14 -0.581236

15 -0.601803

16 -0.613221

17 -0.654248

18 -0.766

19 -0.498781

20 -0.598497

21 -0.680933

22 -1.08591

23 -1.13786

24 -1.1834

25 -1.24791

26 -1.55614

27 -1.73286

28 -1.75475

29 -1.89338

30 -1.69457

31 -1.81189

32 -1.70694

33 -1.80226

34 -2.22757

35 -2.21396

36 -1.72737

37 -1.59013

38 -1.59494

39 -1.63834

40 -1.6245

41 -1.60859

42 -1.45403

43 -1.37666

44 -1.32417

45 -1.27348

46 -1.39334

47 -1.32157

48 -1.47022

49 -1.35369

50 -1.34952

51 -1.48492

52 -1.2017

53 -2.32548

54 -2.31113

55 -2.59762

56 -2.46269

57 -2.4975

58 -2.45308

