6 -0.00151517

7 -0.0902619

8 -0.115587

9 -0.0656316

10 -0.0277674

11 -0.0440145

12 -0.0558883

13 -0.0687753

14 -0.076343

15 -0.0768931

16 -0.114167

17 -0.105027

18 -0.131986

19 -0.0879181

20 -0.152474

21 -0.171552

22 -0.145167

23 -0.257294

24 -0.643757

25 -0.780691

26 -0.927508

27 -0.959273

28 -0.907678

29 -0.939584

30 -0.937968

31 -1.00101

32 -0.948897

33 -0.904258

34 -0.873478

35 -0.878437

36 -0.938447

37 -0.917169

38 -0.871429

39 -0.901763

40 -0.984776

41 -0.746059

42 -0.904867

43 -0.545501

44 0.609906

45 0.624883

46 0.630677

47 0.633458

48 0.641261

49 0.557346

50 0.409157

51 0.434644

52 0.306594

53 0.216277

54 0.171031

55 0.678911

56 0.76466

57 0.795487

58 0.699462

59 0.5888

60 -0.191715

61 -0.188678

62 -0.116056

63 -0.157448

64 -0.107278

65 -0.132198

66 -0.198806

67 -0.0275768

68 0.0779137

69 0.124409

70 0.222028

71 0.23257

72 0.46209

73 0.455957

74 0.568143

75 0.59081

76 0.333393

77 0.195788

78 0.104305

79 0.00894971

80 0.0363245

81 0.400484

82 0.393029

83 0.323414

84 0.262501

85 0.194541

86 0.280812

87 0.318319

88 0.0999

89 -0.205276

90 -0.398531

91 -0.443761

92 -0.545548

93 -0.450784

94 -0.600564

95 -0.619015

96 -0.675647

97 -0.661067

98 -0.526465

99 -0.915597

