5 -0.524752

6 -0.60541

7 -0.63053

8 -0.657902

9 -0.606309

10 -0.671917

11 -0.637934

12 -0.628193

13 -0.744178

14 -0.812354

15 -1.30757

16 -1.27994

17 -1.48248

18 -1.68745

19 -1.76543

20 -1.7158

21 -2.07471

22 -2.19747

23 -2.21807

24 -2.36451

25 -2.52047

26 -2.50883

27 -2.94774

28 -2.9406

29 -3.17693

30 -3.2921

31 -3.4728

32 -3.59788

33 -3.58353

34 -3.71636

35 -3.74168

36 -3.83829

37 -4.08882

38 -4.0171

39 -4.39605

40 -4.39512

41 -4.66223

42 -4.74391

43 -4.9425

44 -5.07059

45 -5.10875

46 -5.14428

47 -5.19845

48 -5.37193

49 -5.72056

50 -5.53165

51 -5.91029

52 -5.86007

53 -6.01353

54 -6.11062

55 -6.12192

56 -6.23059

57 -6.40586

58 -6.58312

59 -7.4538

60 -7.59412

