6 0.0155941

7 -0.014374

8 -0.0516125

9 -0.0761599

10 -0.0644602

11 -0.226612

12 -0.13492

13 -0.146704

14 -0.0951977

15 0.00620575

16 -0.00592601

17 0.00567549

18 0.140461

19 -0.186031

20 -1.16971

21 -1.20694

22 -1.2988

23 -1.27593

24 -1.34803

25 -1.37169

26 -1.38041

27 -1.33853

28 -1.37598

29 -1.41433

30 -1.38144

31 -1.24349

32 -1.33798

33 -1.23383

34 -1.31781

35 -0.815929

36 -0.592246

37 -0.665704

38 -0.841041

39 -0.766156

40 -0.732051

41 -0.696879

42 -0.707134

43 -0.674638

44 -0.813179

45 -0.821647

46 -0.642468

47 -0.767036

48 0.27667

49 0.545873

50 0.573534

51 0.516568

52 0.521389

53 0.535583

54 0.729612

55 0.749593

56 0.733561

57 0.799628

58 0.752999

59 0.803588

60 0.718662

61 0.705983

62 0.659728

63 0.790888

64 0.772925

65 1.02266

66 1.24604

67 0.913021

68 1.08006

69 1.00752

70 1.03055

71 0.833138

72 1.11689

73 1.06639

74 0.818916

75 0.846031

76 0.902548

77 1.00436

78 0.840446

79 0.670495

80 0.323602

81 0.279738

82 0.219206

83 0.246452

84 0.272038

85 0.286029

86 0.252637

87 0.034528

88 0.0280382

89 0.0461679

90 0.0225547

91 0.0807908

92 0.164456

