6 0.0449068

7 0.033324

8 0.00201018

9 -0.017006

10 -0.00112702

11 -0.161023

12 -0.0691527

13 -0.0687162

14 -0.0283881

15 0.0606866

16 0.04608

17 0.050394

18 0.186762

19 -0.116834

20 -1.06689

21 -1.08602

22 -1.14528

23 -1.18323

24 -1.2437

25 -1.24649

26 -1.13018

27 -1.26113

28 -1.19131

29 -1.31981

30 -0.458308

31 -0.488715

32 -0.4909

33 -0.611807

34 -0.63254

35 -0.604808

36 -0.772306

37 -0.800652

38 -0.587281

39 -0.671098

40 -1.0938

41 -0.968719

42 -1.08278

43 -1.21209

44 -1.24099

45 -1.2626

46 -1.12567

47 -1.1089

48 -1.15469

49 -1.09881

50 -1.14329

51 -1.14661

52 -1.17819

53 -1.18611

54 -1.19546

55 -1.25258

56 -1.08633

57 -0.92843

58 -0.789493

59 -0.660638

60 -0.683719

61 -0.72515

62 -0.510729

63 -0.459054

64 -0.393727

65 -0.523531

66 -0.324107

67 -0.332267

68 -0.541876

69 -0.514119

70 -0.469321

71 -0.399293

72 -0.598752

73 -0.754947

74 -1.04392

75 -1.08946

76 -1.11449

77 -1.17572

78 -1.115

79 -1.01292

80 -1.11386

81 -1.12602

82 -1.05447

83 -0.985312

84 -1.01673

85 -0.936281

86 -0.939307

