6 -0.0379387

7 -0.0801178

8 -0.0918613

9 -0.178022

10 -0.115617

11 -0.20833

12 -0.260648

13 -0.152167

14 -0.272137

15 -0.0730253

16 0.210297

17 0.274929

18 0.407266

19 0.550008

20 0.740069

21 0.822551

22 0.8828

23 0.826493

24 0.846428

25 0.553591

26 0.407891

27 0.215302

28 0.457711

29 0.454674

30 0.561795

31 0.443806

32 0.549538

33 0.519783

34 0.469647

35 0.664398

36 0.575146

37 0.752654

38 0.815433

39 0.909864

40 0.919867

41 1.07883

42 1.14924

43 1.21685

44 1.20719

45 1.25495

46 1.00008

47 0.848743

48 0.624733

49 0.893393

50 0.897996

51 1.00932

52 0.869506

53 1.0292

54 1.04442

55 0.963289

56 1.15958

57 1.04115

58 1.27372

59 1.34878

60 1.45676

61 1.49672

62 1.64026

63 1.6942

64 1.77475

65 1.78798

66 1.81136

67 1.74296

68 1.80794

69 1.54328

70 1.42915

71 1.10137

72 1.19963

73 1.18747

74 1.31991

75 1.26581

76 1.38167

77 1.52162

78 1.56449

79 1.49082

80 1.58974

81 1.59421

82 1.60925

83 1.6525

84 1.71126

85 1.48447

86 1.34794

87 1.28021

88 1.46161

89 1.45178

90 1.51299

91 1.5406

92 1.43563

93 1.32385

94 1.52655

95 1.45844

96 1.70277

97 1.77199

98 1.85304

99 1.86847

100 2.01161

101 2.05589

102 2.09052

103 2.11671

104 2.17611

105 1.94084

106 1.80931

107 1.62576

108 1.84263

109 1.85587

110 1.97085

111 1.8522

112 1.98221

113 1.96071

