6 0.0744321

7 0.0760653

8 0.031029

9 0.00293013

10 0.050384

11 0.134833

12 0.0820371

13 0.192521

14 0.508734

15 0.5115

16 0.602842

17 0.6639

18 0.662081

19 0.70015

20 0.653952

21 0.607822

22 0.685645

23 0.718486

24 0.713392

25 0.84021

26 0.719239

27 0.915348

28 0.979176

29 1.07223

30 1.13942

31 1.21559

32 1.32862

33 1.32571

34 1.4084

35 1.62741

36 1.89294

37 1.90906

38 1.98364

39 2.11538

40 2.16703

41 2.11484

42 2.06569

43 2.22628

44 2.1057

45 2.29972

46 2.41215

47 2.45718

48 2.51345

49 2.61569

50 2.63086

51 2.79073

52 2.94704

53 2.95366

54 2.98087

55 3.18568

56 3.23909

57 3.22485

58 3.16849

59 3.3217

60 3.20425

61 3.44131

62 3.57865

63 3.57451

64 3.77117

65 3.89806

66 4.00599

67 4.07608

68 4.05929

69 4.05209

70 3.86433

71 3.90056

72 3.9861

73 4.06606

74 4.14915

75 4.15399

76 4.23488

77 4.35903

78 4.41961

79 4.43023

80 4.49153

81 4.28771

82 4.35169

83 4.4289

84 4.351

85 4.53447

86 4.6278

87 4.65197

88 4.82473

89 4.83228

90 5.00413

91 4.98182

92 5.19834

93 5.29081

94 5.40855

95 5.54469

96 5.60747

97 5.58222

98 5.56851

99 5.57649

100 5.75643

101 5.63265

102 5.84553

103 5.99604

104 6.02733

105 6.04538

106 6.15932

107 6.14256

108 6.2941

109 6.28204

110 6.52644

111 6.61197

112 6.70865

113 6.95082

114 7.03903

115 7.02817

116 6.99717

117 7.15227

118 7.03926

119 7.23859

120 7.35175

121 7.42171

122 7.4507

123 7.55058

124 7.54913

125 7.71855

126 7.7208

127 7.91635

128 7.99927

129 8.0831

130 8.28918

131 8.38429

132 8.3769

133 8.33008

134 8.50108

135 8.3632

136 8.73288

137 8.70741

138 8.70563

139 8.81953

140 8.92378

141 9.02952

142 9.04354

143 9.23108

144 9.30098

145 9.25211

146 9.17601

147 9.3289

148 9.1934

149 9.45577

150 9.71628

151 9.70718

152 9.82181

153 9.80501

154 9.93397

155 10.264

156 10.2913

157 10.1184

158 10.2254

159 10.206

160 10.1839

161 10.3171

162 10.1163

163 10.3774

164 10.5035

165 10.6421

166 10.7392

167 10.7767

168 10.9023

169 10.9089

170 11.0522

171 11.1614

