5 0.0126075

6 0.0133236

7 -0.227655

8 0.284888

9 0.226396

10 0.579059

11 1.18026

12 1.09211

13 0.81154

14 0.986416

15 1.55918

16 1.65559

17 1.43666

18 1.77139

19 2.4231

20 2.51126

21 2.55214

22 2.52691

23 2.4119

24 2.50512

25 2.1833

26 3.37869

27 3.33853

28 2.46836

29 2.48083

30 2.33887

31 1.77679

32 2.29251

33 3.21816

34 3.28593

35 2.89507

36 2.37685

37 2.66583

38 3.4829

39 3.84868

40 3.32436

41 3.57829

42 4.77243

43 4.80872

44 4.87057

45 4.84147

46 4.54012

47 4.6771

48 4.7805

