6 0.0491074

7 0.0983966

8 0.0648148

9 0.153998

10 -0.0447887

11 0.171657

12 0.227657

13 0.339717

14 0.415698

15 0.339288

16 0.401552

17 0.25648

18 -0.264601

19 -0.501299

20 -0.455823

21 -0.361935

22 -0.336557

23 -0.326911

24 -0.294477

25 -0.373161

26 -0.462721

27 -0.521925

28 -0.540147

29 -0.496752

30 -0.672842

31 -0.702396

32 -0.817933

33 -1.20439

34 -1.21549

35 -1.2014

36 -1.33587

37 -1.26908

38 -1.46926

39 -1.39156

40 -1.41433

41 -1.52649

42 -1.76713

43 -1.94068

44 -1.96041

45 -2.07846

46 -2.03658

47 -2.11223

48 -2.31568

49 -2.25487

50 -2.33562

51 -2.25887

52 -2.47242

