6 -0.0230044

7 -0.0134343

8 -0.11707

9 -0.128598

10 -0.0884867

11 -0.116189

12 -0.211785

13 -0.203141

14 -0.0843263

15 -0.0516715

16 -0.0741585

17 -0.071777

18 -0.0854169

19 0.00116658

20 0.135597

21 0.0880353

22 0.0395422

23 -0.899388

24 -1.02865

25 -1.05473

26 -1.07994

27 -1.04052

28 -0.850187

29 -0.870473

30 -0.821059

31 -0.862806

32 -0.625769

33 -0.447708

34 -0.288954

35 -0.20376

36 -0.216528

37 0.022258

38 0.098199

39 0.164662

40 0.162048

41 -0.00872822

42 0.0483119

43 -0.116096

44 0.0116753

45 -0.0620785

46 -0.101787

47 -0.160005

48 -0.2172

49 -0.29096

50 -0.274596

51 -0.246691

52 -0.195311

53 -0.221707

54 -0.290201

55 -1.31394

56 -1.43939

57 -1.52406

58 -1.57128

59 -1.61312

60 -1.60016

61 -1.61399

