6 -0.00906561

7 0.0264776

8 -0.0149403

9 0.0257745

10 0.0269863

11 0.0407966

12 -0.0262893

13 0.0585862

14 0.111532

15 0.102314

16 0.193935

17 0.139002

18 0.0452553

19 0.105266

20 0.0379006

21 0.0369549

22 -0.134397

23 -0.225594

24 -0.280607

25 -0.277162

26 -0.280311

27 -0.479398

28 -0.418579

29 -0.452123

30 -0.433514

31 -0.373854

32 -0.386681

33 -0.389359

34 -0.457965

35 -0.497786

36 -0.512733

37 -0.501233

38 -0.548695

39 -0.549256

40 -0.571758

41 0.30083

42 0.344795

43 0.376281

44 0.413254

45 0.568334

46 0.240725

47 0.267069

48 0.267557

49 0.314323

50 0.310179

51 0.407285

52 0.326374

53 0.377187

54 0.389671

55 0.643731

56 0.653319

57 0.714418

58 0.772956

59 -0.783641

60 -0.801899

61 -0.723615

62 -0.671334

63 -0.647586

64 -0.551089

65 -0.449807

66 -0.527116

67 -1.23472

68 -0.962957

69 -0.80946

70 -0.772324

71 -0.760706

72 -0.768879

73 -0.70364

74 -0.768703

75 -0.818315

76 -0.902049

77 -1.08066

78 -1.13775

79 -1.06007

80 -0.952697

81 -0.963124

82 -0.76641

83 -0.6763

84 -0.659817

85 -0.799278

86 -0.987636

87 -1.13453

88 -1.32301

89 -1.49129

90 -2.18241

