6 -0.0200917

7 -0.0552188

8 0.061227

9 0.098169

10 0.114008

11 0.0763169

12 0.220709

13 -0.00999482

14 -0.212303

15 -0.441196

16 -0.52308

17 -0.954503

18 -0.916181

19 -0.869275

20 -0.873929

21 -0.759939

22 -0.750641

23 -0.820563

24 -0.781026

25 -0.895839

26 -0.811279

27 -0.792674

28 -0.746522

29 -0.705874

30 -0.851159

31 -0.791156

32 -0.75873

33 -0.685009

34 -0.810813

35 -0.768432

36 -1.51239

37 -1.55321

38 -1.56794

39 -1.60788

40 -1.64309

41 -1.80628

42 -1.8962

43 -1.96456

44 -1.93373

45 -2.10149

46 -2.05797

47 -2.51391

48 -2.61576

49 -2.58363

50 -2.51712

51 -2.40019

52 -2.55045

53 -2.57419

54 -2.75144

55 -2.81749

56 -2.8966

57 -3.01308

58 -3.0863

59 -2.95063

60 -3.00164

61 -2.81954

62 -2.60675

63 -2.53609

64 -2.52681

65 -2.46354

66 -2.47879

67 -2.48805

68 -2.47907

69 -2.49538

70 -2.41149

71 -2.30154

72 -2.2577

73 -2.2188

74 -2.22412

75 -2.25732

76 -2.24252

