6 -0.0390845

7 -0.0852269

8 -0.0322579

9 0.0419433

10 0.15523

11 0.124874

12 0.23482

13 0.143869

14 0.293197

15 0.333643

16 0.78094

17 0.851249

18 0.96124

19 0.966738

20 0.984383

21 0.904036

22 1.01131

23 0.876645

24 1.03084

25 0.990683

26 1.02301

27 1.10088

28 1.04621

29 1.14737

30 1.31325

31 1.46013

32 1.47887

33 1.43776

34 1.37633

35 1.44897

36 1.51809

37 1.30024

38 1.01361

39 0.969716

40 0.872014

41 0.86166

42 0.922719

43 1.02903

44 1.01468

45 0.934871

46 0.968269

47 0.586189

48 0.62302

49 0.656789

50 0.636251

51 0.707723

52 0.752321

53 0.85315

54 0.94357

55 0.961477

56 0.972416

57 1.12654

58 1.21364

59 1.22462

60 1.22124

61 1.21495

62 0.861342

63 0.886488

64 0.900579

65 0.973864

66 1.12073

67 1.23252

68 1.20387

69 1.28713

70 1.28825

71 1.25459

72 1.28638

73 1.25776

74 1.31388

75 1.61088

76 1.64105

77 1.71128

78 1.78743

79 1.92432

80 2.06943

81 2.01931

82 1.90764

83 1.75706

84 1.72981

85 1.64302

86 1.56347

87 1.61629

88 1.59311

89 1.74864

90 1.70902

91 1.63072

92 1.53938

93 1.778

94 1.97681

95 1.95672

96 2.06975

97 1.9695

98 2.15039

99 2.26922

100 2.32755

101 2.33842

102 2.38115

103 2.49427

104 2.55139

105 2.66512

106 2.74449

107 2.83988

108 3.10347

109 3.11869

