6 -0.0377772

7 -0.0421616

8 -0.0485218

9 -0.0671799

10 -0.157567

11 -0.0734142

12 -0.043373

13 -0.0326367

14 -0.0313185

15 -0.0299944

16 0.154216

17 -0.0246746

18 -0.533863

19 -0.72987

20 -0.599726

21 -0.484495

22 -0.469584

23 -0.284283

24 -0.257627

25 -0.284979

26 -0.329633

27 -0.269856

28 -0.395016

29 -0.483201

30 -0.510713

31 -0.5249

32 -0.507791

33 -0.634966

34 -0.676175

35 -0.651298

36 -0.798977

37 -0.759008

38 -0.793973

39 -0.776352

40 -0.818077

41 -0.684596

42 -0.787653

43 -1.04938

44 -1.10284

45 -1.07891

46 -1.03865

47 -0.991545

48 -1.0495

49 -1.10711

50 -1.13292

51 -1.08428

52 -1.02668

53 -1.09296

54 -1.16642

55 -1.29166

56 -1.77625

57 -1.75449

58 -1.71603

59 -1.80248

60 -1.7345

61 -1.58445

62 -1.60785

63 -1.83374

64 -1.68112

65 -1.80051

66 -1.59614

67 -1.6173

68 -1.40633

69 -1.26142

70 -1.20537

