5 -0.211737

6 -0.182386

7 -0.195875

8 -0.237285

9 -0.239536

10 -0.139437

11 -0.146313

12 -0.0643922

13 -0.0348648

14 0.0473549

15 0.162888

16 0.160113

17 -0.0878962

18 -0.155117

19 -0.246962

20 -0.300689

21 -0.368985

22 -0.270841

23 -0.503238

24 -0.645432

25 -0.478805

26 -0.472107

27 -1.42505

28 -1.14868

29 -0.825486

30 -0.770194

31 -0.830122

32 -0.815479

33 -0.923061

34 -0.407483

35 -0.157728

36 -0.2206

37 -1.38675

38 -1.48483

39 -1.6577

40 -1.65328

41 -1.81024

42 -1.8188

43 -2.42337

44 -2.50145

45 -2.88632

46 -2.79465

47 -3.3886

48 -3.11078

49 -3.14555

50 -2.97617

51 -2.68098

