5 -0.0827319

6 -0.0759669

7 -0.0556027

8 -0.181217

9 -0.412998

10 -0.389081

11 -0.392122

12 -0.285235

13 -0.265594

14 -0.298451

15 -0.293958

16 -0.318554

17 -0.280549

18 -0.392394

19 -0.898551

20 -0.695389

21 -0.653965

22 -0.265945

23 -0.266096

24 -0.436053

25 -0.485842

26 -0.119978

27 -0.00746469

28 0.521454

29 0.251916

30 -0.366742

31 -0.190913

32 0.052215

33 0.0121083

34 0.0939077

35 0.152585

36 0.500154

37 0.566034

38 0.555712

39 0.700985

40 0.579501

41 0.535365

42 1.01347

43 1.21816

44 1.19385

