6 -0.0493962

7 -0.00280938

8 -0.0722194

9 -0.190009

10 -0.143684

11 -0.144719

12 -0.0939718

13 0.0579395

14 0.228763

15 0.311393

16 0.33419

17 0.381864

18 0.382498

19 0.383552

20 0.408857

21 0.38238

22 0.438537

23 0.557636

24 0.57038

25 0.520824

26 0.569255

27 0.627645

28 0.680993

29 0.557538

30 0.386384

31 0.40301

32 0.260529

33 -0.0901593

34 -0.534518

35 -0.634061

36 -0.751211

37 -0.805102

38 -0.855697

39 -0.665577

40 -0.545822

41 -0.645629

42 -0.720522

43 -0.660155

44 -0.570004

45 -0.569369

46 -0.104256

47 -0.0246269

48 -0.118726

49 -0.0780958

50 -0.190031

51 -0.252668

52 -0.325242

53 -0.488871

54 -0.438363

55 -0.402801

56 -0.533826

57 -0.595775

58 -0.686142

59 -0.521065

60 -0.458265

61 -0.665752

62 -0.868926

63 -1.69412

64 -1.68008

65 -1.75853

66 -1.73339

67 -2.08232

68 -2.06023

69 -2.05056

70 -1.93287

71 -1.82392

72 -1.79399

73 -1.71445

74 -2.8359

75 -3.01306

