5 -0.00641767

6 -0.0135544

7 -0.0913665

8 -0.143579

9 -0.0645273

10 0.0453735

11 0.0432404

12 -0.202466

13 -0.183465

14 -0.217515

15 -0.0771563

16 0.153335

17 0.0832044

18 0.00613544

19 -0.488774

20 -0.515563

21 -0.524817

22 -0.530304

23 0.82502

24 1.05224

25 1.02459

26 1.01161

27 1.37546

28 1.49486

29 1.48404

30 1.42497

31 1.41562

32 1.39967

33 1.41436

34 1.43984

35 1.44187

36 1.32308

37 1.44336

38 1.50878

39 1.56088

40 1.42292

41 1.5002

42 1.35567

43 1.51674

44 1.50643

45 1.40392

46 1.67044

47 2.36495

48 2.54072

49 2.54802

50 2.39017

51 2.55823

52 2.47625

53 2.28237

