6 -0.0307604

7 -0.0331038

8 -0.0869534

9 -0.124965

10 -0.12412

11 -0.129938

12 -0.189988

13 -0.198114

14 -0.144075

15 -0.113662

16 -0.222854

17 -0.391842

18 -0.328102

19 -0.266738

20 -0.28371

21 -0.236267

22 -0.25455

23 -0.339085

24 -0.254231

25 -0.186224

26 -0.160181

27 -0.13801

28 -0.17235

29 -0.218168

30 -0.159511

31 -0.215777

32 -0.472523

33 -0.615489

34 -0.639334

35 -0.858151

36 -0.917124

37 -0.926403

38 -0.875196

39 -0.931785

40 -0.972391

41 -0.985455

42 -0.970155

43 -0.887565

44 -0.85422

45 -0.949977

46 -0.922969

47 -0.642275

48 -0.621352

49 -0.674335

50 -0.813312

51 -0.779921

52 -1.11327

53 -1.10966

54 -1.17352

55 -1.30508

56 -1.20958

57 -1.16853

58 -1.23274

59 -1.14009

60 -1.12293

61 -1.42108

62 -1.55447

63 -1.57187

64 -1.52047

65 -1.43244

66 -1.39731

67 -1.33116

68 -1.43639

69 -1.41995

70 -1.52361

71 -1.3977

72 -1.57382

73 -1.80447

74 -1.33179

75 -1.19305

76 -1.18331

77 -1.15642

78 -1.18235

79 -1.27097

80 -1.26979

81 -1.31848

82 -1.37238

83 -1.3919

84 -1.38411

85 -1.40299

86 -1.46107

87 -1.50049

88 -1.53591

89 -1.55223

90 -1.45598

91 -1.54072

92 -1.72016

93 -1.53703

94 -1.56128

95 -1.55648

96 -1.58583

97 -1.54755

98 -1.54313

99 -1.50476

100 -1.52643

101 -1.75537

102 -1.77324

103 -2.02342

104 -2.03366

105 -2.08495

106 -2.17498

107 -2.11272

108 -2.01311

109 -2.04854

110 -2.0945

111 -2.13686

112 -2.2623

113 -2.3876

114 -2.4321

115 -2.33274

116 -2.10648

117 -2.18598

118 -2.17802

119 -3.0836

120 -3.19904

121 -3.17634

122 -3.18094

123 -3.10159

124 -3.03235

125 -3.09764

126 -3.26446

127 -3.25795

128 -3.23679

129 -3.16976

130 -3.01213

131 -2.84192

132 -2.88601

133 -2.98726

134 -3.22225

135 -3.30541

136 -3.38378

137 -3.25006

