6 -0.0635068

7 -0.0211867

8 0.0422599

9 0.0254896

10 -0.0230988

11 0.141951

12 0.35312

13 0.342692

14 0.503999

15 0.594952

16 0.597565

17 0.547035

18 0.503144

19 0.493345

20 0.411047

21 0.41682

22 0.359107

23 0.484135

24 0.442093

25 0.464274

26 0.439999

27 0.457564

28 0.59054

29 0.579248

30 0.579573

31 0.518887

32 0.499246

33 0.626816

34 1.05183

35 0.99704

36 0.983115

37 0.803934

38 0.765177

39 0.835658

40 0.686746

41 0.609214

42 0.660507

43 0.593381

44 0.555959

45 0.5181

46 0.430654

47 0.481952

48 0.53416

49 0.74442

