6 0.0185663

7 0.0282287

8 0.101258

9 0.179647

10 0.190324

11 0.10497

12 0.0831856

13 0.185646

14 0.294861

15 0.33391

16 0.285214

17 0.19063

18 0.251709

19 0.601732

20 0.650499

21 0.664762

22 0.701287

23 0.769217

24 0.925879

25 0.867902

26 0.767735

27 0.683855

28 -0.110099

29 0.15642

30 0.23991

31 0.2109

32 0.133548

33 -0.0219295

34 -0.15663

35 -0.162405

36 -0.160418

37 -0.210129

38 -0.12427

39 -0.380713

40 -0.392074

41 -0.648926

42 -0.771086

43 -0.852996

44 -0.853068

45 -0.917032

46 -0.773971

47 -0.878656

48 -0.853162

49 -0.947354

50 -1.02926

51 -1.49621

52 -1.50194

53 -1.45077

54 -1.42623

55 -1.51692

56 -1.55111

57 -1.60691

58 -1.54425

59 -1.4651

60 -1.63683

61 -1.62087

62 -1.64439

63 -1.53411

64 -1.4779

65 -1.49579

66 -1.51145

67 -1.57431

68 -1.62176

