6 -0.0209229

7 0.0437273

8 -0.00834693

9 0.0102198

10 0.00101939

11 0.0135444

12 0.352773

13 0.474334

14 0.482477

15 0.268736

16 0.0242721

17 -0.107506

18 -0.186954

19 -0.252987

20 -0.319673

21 -0.309529

22 -0.192533

23 -0.0216082

24 -0.070804

25 -0.0164711

26 -0.165392

27 -0.191735

28 -0.283482

29 -0.281023

30 -0.258773

31 -0.242106

32 -0.267974

33 -0.201176

34 -0.0958619

35 0.0160039

36 0.0350558

37 0.0569381

38 0.078052

39 0.148046

40 0.0903261

41 0.136069

42 0.120514

43 0.0466192

44 0.0736692

45 0.0199899

46 -0.0286164

47 -0.717852

48 -0.752956

49 -0.77681

50 -0.814684

51 -0.51009

52 -0.624192

53 -0.786497

54 -1.00936

55 -1.44228

56 -1.50007

57 -1.45455

58 -1.38808

59 -1.27537

60 -1.36937

61 -1.36111

62 -1.37842

63 -1.41784

64 -1.46566

65 -1.5582

66 -1.5193

67 -1.60425

68 -1.6097

69 -1.70288

70 -1.73971

71 -1.72

72 -1.8505

73 -1.84309

74 -1.82034

75 -1.83186

76 -1.87014

77 -1.88507

78 -1.9199

79 -1.96313

80 -1.99474

81 -1.99645

82 -2.00103

83 -2.14204

84 -2.3473

85 -2.21217

86 -2.21309

87 -2.26755

88 -2.26404

89 -2.2431

90 -2.20208

91 -2.19486

92 -2.24647

93 -2.48715

94 -2.54025

95 -2.78106

96 -2.77771

97 -2.8969

98 -2.84233

99 -2.75313

100 -2.7259

101 -2.69356

102 -2.76388

103 -2.80662

104 -2.80122

105 -2.86009

106 -2.90867

107 -2.92977

108 -2.73416

109 -2.95584

110 -3.0308

111 -3.88073

112 -3.93138

113 -3.93975

114 -3.97582

115 -4.05428

116 -4.10076

117 -3.96397

118 -4.07334

119 -4.01152

120 -4.14329

121 -4.12732

122 -4.13289

123 -4.04214

124 -3.89234

125 -3.7253

126 -3.77382

127 -3.84924

128 -4.05918

129 -4.16276

130 -4.1491

