6 0.0184079

7 0.148162

8 0.286753

9 0.303082

10 0.376053

11 0.351382

12 0.204211

13 0.19581

14 0.257474

15 0.177019

16 0.235814

17 0.15329

18 0.0986745

19 -0.0537101

20 -0.113506

21 -0.394958

22 -0.401695

23 -0.448919

24 -0.443994

25 -0.421021

26 -0.453573

27 -0.354681

28 -0.453873

29 -0.659499

30 -0.742166

31 -0.68857

32 -0.798855

33 -0.724881

34 -0.686941

35 -0.801172

36 -0.840718

37 -0.814197

38 -0.784732

39 -0.737304

40 -0.809193

41 -0.859786

42 -0.878528

43 -0.725153

44 -0.586187

45 -0.570589

46 -0.52783

47 -0.532362

48 -0.46593

49 -0.5015

50 -0.596698

51 -0.85373

52 -0.791739

53 -0.912341

54 -1.01619

55 -0.99977

56 -1.16587

57 -1.50319

58 -1.52783

59 -1.47203

60 -1.56615

61 -1.54422

62 -1.60914

63 -1.52872

64 -1.68104

65 -1.67523

66 -2.00703

67 -1.89109

68 -1.9221

69 -1.91508

70 -1.82481

71 -1.99647

72 -2.03706

73 -2.05448

74 -2.00962

75 -1.99839

76 -2.22374

