5 0.0380498

6 -0.0554679

7 0.00146994

8 0.0339064

9 0.0882001

10 0.144935

11 0.211138

12 0.277533

13 0.0320357

14 -0.196217

15 -0.248317

16 -0.270421

17 0.247842

18 0.192376

19 0.218823

20 0.209047

21 0.271055

22 -0.870553

23 -0.712191

24 -0.487927

25 -0.429568

26 -0.403994

27 -0.483212

28 -0.828308

29 -0.878719

30 -1.91642

31 -1.64119

32 -1.60827

33 -1.47419

34 -1.39039

35 -1.89125

36 -2.05159

37 -2.16783

38 -2.24728

39 -2.25641

40 -2.10801

41 -1.74561

42 -2.29223

43 -2.3247

44 -2.24125

45 -2.13347

46 -2.1436

47 -2.15266

48 -2.02196

49 -1.65241

