6 0.142983

7 0.143087

8 0.11241

9 0.0968834

10 0.0906972

11 0.166982

12 0.0153154

13 -0.0634392

14 -0.0574973

15 0.128533

16 0.0890779

17 0.379416

18 0.481508

19 0.787333

20 0.857726

21 0.688657

22 0.821485

23 0.817068

24 0.80895

25 0.874651

26 0.890058

27 0.942769

28 0.956943

29 0.977553

30 0.914099

31 0.736552

32 0.930637

33 1.02193

34 0.851169

35 1.14219

36 1.412

37 1.57678

38 1.666

39 1.75756

40 1.50744

41 1.56468

42 1.48541

43 1.51682

44 1.64887

45 1.7552

46 1.83732

47 2.14335

48 2.12143

49 2.13992

50 2.09141

51 2.07052

52 1.98523

53 1.99636

54 1.94551

55 2.05213

56 2.00785

57 2.15363

58 2.22196

59 2.32148

60 2.45343

61 2.53608

62 2.03353

63 1.94431

64 1.97566

65 1.95438

66 2.14974

67 2.43021

68 3.57066

69 3.59979

70 3.60811

71 3.55207

72 3.39395

73 3.32247

74 3.51273

75 3.32731

76 3.21642

77 3.24673

78 3.20805

79 3.03859

80 3.27585

81 3.51061

82 3.82526

83 4.65676

84 5.08504

85 5.40211

86 5.47523

87 5.52046

88 5.57739

89 5.56036

90 5.46862

91 5.54736

92 5.51488

93 5.45848

94 5.542

95 5.64555

96 4.70762

97 4.67078

98 4.75534

99 4.86639

