6 0.00292388

7 -0.0272636

8 -0.0513807

9 -0.0867399

10 -0.0629097

11 -0.108152

12 -0.0123716

13 -0.107886

14 -0.148314

15 -0.250973

16 -0.125942

17 -0.133738

18 -0.137572

19 -0.103239

20 -0.0213948

21 -0.0205885

22 0.0349633

23 -0.052892

24 -0.0287281

25 0.0648513

26 0.118962

27 0.0921379

28 0.159595

29 0.282433

30 0.439192

31 0.360317

32 0.381738

33 -0.029473

34 -0.636176

35 -0.684527

36 -0.709045

37 -0.759529

38 -0.761622

39 -0.697739

40 -0.729384

41 -0.822635

42 -0.779747

43 -0.74268

44 -0.76721

45 -0.660207

46 -0.372716

47 -0.0567934

48 0.0945476

49 -0.0694791

50 -0.149345

51 -0.284138

52 -0.313213

53 -0.135044

54 -0.0620356

55 -0.0359865

56 -0.0688065

57 -0.0276919

58 0.0309837

59 0.0372043

60 0.449137

61 0.448187

62 0.421075

63 0.399966

64 0.39372

65 0.369517

66 0.381261

67 0.300505

68 0.140222

69 0.0820101

70 0.0954101

71 0.097831

72 0.0438827

73 0.016843

74 0.0675264

75 -0.111463

76 -0.172762

77 -0.0851265

78 -0.0519399

79 -0.0539777

80 -0.0900614

81 0.0314811

82 -0.00208649

83 0.00395249

84 0.0335323

85 0.273289

86 0.255021

87 0.459684

88 0.588179

89 0.452701

90 0.348687

91 -0.144644

92 -0.0190576

93 0.0464349

94 0.0936363

95 0.0765285

96 0.132339

97 0.169311

98 0.202464

99 0.172704

100 0.102595

101 0.182918

102 0.156346

103 0.181806

104 0.113846

105 0.25342

106 0.484603

107 0.511199

108 0.613956

109 0.714202

110 0.695262

111 0.581401

112 0.528988

113 0.391803

114 0.054119

115 -0.0114019

116 0.0173491

117 0.0187936

118 -0.0156558

119 0.0331747

120 0.0771318

121 -0.00859325

122 0.149147

123 0.147823

124 0.278229

125 0.263232

126 0.347239

127 -0.415337

128 -0.493947

129 -0.465097

130 -0.509595

131 -0.573331

132 -0.629973

133 -0.600172

134 -0.463964

135 -0.626602

136 -0.473172

137 -0.21578

138 -0.328608

139 -0.403507

140 -0.409879

141 -0.342158

142 -0.269806

143 -0.446378

144 -0.711358

145 -0.871943

146 -0.935856

147 -0.933981

148 -0.882866

149 -0.853338

150 -0.803453

151 -0.915423

152 -0.943478

153 -0.975975

154 -1.32159

155 -1.36054

156 -1.39455

157 -1.40276

158 -1.43102

159 -1.40216

160 -1.5311

161 -1.37107

162 -1.44145

163 -1.45405

164 -1.42586

165 -1.34134

166 -1.38956

167 -2.27886

168 -2.37506

169 -2.44526

170 -2.50379

171 -2.52876

172 -2.46157

173 -2.48738

