5 -0.0108257

6 0.0826896

7 0.419161

8 0.547469

9 0.516367

10 0.884559

11 1.05278

12 1.06673

13 1.12559

14 1.29181

15 1.55954

16 1.586

17 1.59707

18 1.67872

19 1.67141

20 1.48668

21 1.53378

22 1.74367

23 1.66652

24 0.986254

25 0.852402

26 0.771417

27 0.762752

28 0.766605

29 0.72574

30 0.67152

31 0.417011

32 0.484982

33 0.603735

34 0.813569

35 1.05647

36 0.947377

37 0.888721

38 0.930247

39 0.861956

40 0.773607

41 0.647568

42 0.438075

43 0.553618

44 0.405223

45 0.402542

46 0.750574

47 0.590067

48 0.803468

49 1.32241

50 1.17121

51 1.08563

52 1.18037

53 0.898502

54 0.879741

55 0.973992

56 0.923463

57 0.814227

58 0.324721

59 -1.36025

60 -1.09994

61 -0.789188

62 -0.86017

63 -0.770057

64 -0.780372

65 -0.712283

66 -0.605439

67 -0.521324

68 -0.49355

69 -0.465497

70 -0.637069

71 -0.49477

72 -0.428941

73 -0.37444

74 -0.437513

75 -0.589421

