5 -0.0219551

6 -0.0373657

7 -0.273868

8 -0.137254

9 -0.151553

10 -0.124097

11 -0.0982295

12 -0.114042

13 -0.647667

14 -0.608862

15 -0.593931

16 -0.518346

17 -0.322087

18 -0.434909

19 -0.531025

20 -0.911282

21 -0.910981

22 -0.924868

23 -0.961476

24 -1.34424

25 -1.251

26 -1.38426

27 -1.32272

28 -1.00784

29 -0.843545

30 -0.849186

31 -0.875537

32 -0.938657

33 -0.933059

34 -1.12441

35 -0.78066

36 -0.682222

37 -0.725196

38 -0.916733

39 -0.962293

40 -1.0235

41 -0.859526

42 -0.515032

43 -0.703086

44 -0.981836

45 -1.01392

46 -1.04706

47 -1.10524

48 -1.67517

49 -1.40793

50 -1.24536

51 -1.33961

