6 0.00596001

7 -0.0476098

8 -0.0839633

9 -0.330319

10 -0.320015

11 -0.386869

12 -0.346431

13 -0.311299

14 -0.331409

15 -0.291854

16 -0.286875

17 -0.241791

18 -0.215988

19 -0.116155

20 0.0697654

21 0.125151

22 0.107821

23 0.0930939

24 0.206828

25 0.196945

26 0.248323

27 -0.0722856

28 -0.0606376

29 -0.0802073

30 -0.137253

31 -0.233137

32 -0.359695

33 -0.41617

34 -0.500113

35 -0.394717

36 -0.115339

37 0.408721

38 0.431384

39 0.356961

40 0.45398

41 0.431275

42 0.445043

43 0.462229

44 0.482899

45 0.425617

46 0.414048

47 0.373062

48 0.401188

49 0.42166

50 0.474502

51 0.487831

52 0.381409

53 0.443607

54 0.300572

55 0.30668

56 0.368457

57 1.33349

58 1.42805

59 1.39334

60 1.45244

