6 -0.0879414

7 -0.0919931

8 0.00808545

9 -0.0529578

10 0.0764324

11 0.220242

12 0.21642

13 0.248082

14 0.293798

15 0.277569

16 0.172255

17 0.171558

18 0.210118

19 0.201941

20 0.318967

21 0.230558

22 0.25183

23 0.592572

24 0.639981

25 0.808726

26 0.909829

27 1.00971

28 0.834176

29 0.876186

30 0.780962

31 0.609644

32 0.568813

33 0.505074

34 0.70767

35 0.759664

36 0.824968

37 0.904506

38 1.7302

39 1.94138

40 1.87989

41 1.7389

42 1.58053

43 1.48817

44 1.3803

45 1.47046

46 1.06486

47 1.0399

48 1.28608

49 1.32615

50 1.24644

51 1.44672

52 2.25015

53 2.52424

54 2.60475

55 2.46741

56 2.61749

57 2.64107

58 2.75092

59 2.71175

60 2.80007

61 2.81876

62 2.77553

63 2.83946

