6 -0.0515441

7 -0.0801598

8 -0.0653072

9 -0.0833608

10 -0.0653624

11 -0.0518186

12 -0.177053

13 -0.222994

14 -0.487254

15 -0.490823

16 -0.465832

17 -0.406031

18 -0.527741

19 -0.515409

20 -0.332079

21 -0.248742

22 -0.227851

23 -0.185695

24 -0.0724189

25 0.0330088

26 0.0540005

27 0.0771748

28 0.074967

29 0.0123089

30 0.0332843

31 -0.159961

32 -0.169652

33 -0.270673

34 -0.290231

35 -0.317856

36 0.101631

37 0.161667

38 0.266644

39 0.196799

40 0.0876448

41 0.296033

42 0.324253

43 0.263381

44 0.151672

45 0.184807

46 0.205635

47 0.120789

48 0.0460637

49 0.0480093

50 -0.366888

51 -0.459633

52 -0.535036

53 -0.629438

54 -0.768737

55 -0.66747

56 -0.312796

57 -0.357795

58 -0.304283

59 -0.239493

60 0.021076

61 0.106941

62 0.139703

63 0.13114

64 0.0904098

65 0.1828

66 0.0401067

67 0.163036

68 0.262313

69 0.0318252

70 0.0132648

71 -0.0285914

72 0.0619331

73 0.174507

74 0.221226

75 0.64203

76 0.778984

77 0.757532

78 0.555099

79 0.598847

80 0.712884

81 0.888498

82 0.984722

83 0.949707

84 1.13606

85 1.06229

86 1.26089

87 1.28983

88 0.910078

89 0.880513

90 0.863033

91 0.754314

92 0.819291

93 1.54814

94 1.73264

95 1.76024

96 1.84509

97 1.67872

98 1.68417

