6 -0.0495387

7 -0.0542367

8 -0.0445489

9 -0.0365004

10 -0.0177551

11 -0.0631931

12 -0.0141639

13 -0.0560538

14 -0.0981905

15 -0.102987

16 -0.0109624

17 -0.200375

18 -0.256381

19 -0.4223

20 -0.437243

21 -0.452406

22 -0.538683

23 -0.520087

24 -1.06066

25 -1.07504

26 -0.926474

27 -0.973001

28 -0.849883

29 -0.822616

30 -0.904309

31 -0.79396

32 -0.574448

33 -0.558734

34 -0.514775

35 -0.472485

36 -0.782381

37 -0.713205

38 -0.526303

39 -0.482924

40 -0.496432

41 -0.484454

42 -0.486009

43 -0.341009

44 -0.257863

45 -0.132806

46 -0.0655934

47 -0.0501389

48 -0.0654243

49 -0.0592609

50 -0.0574165

51 -0.243761

52 -0.118979

53 -0.219166

54 -1.52386

