5 -0.00145798

6 0.10903

7 0.0328274

8 0.279427

9 0.487423

10 0.735699

11 0.32829

12 0.318116

13 1.46725

14 1.55957

15 1.5605

16 1.49213

17 1.47538

18 1.98625

19 2.22842

20 2.03866

21 2.36429

22 3.16673

23 3.30937

24 3.41145

25 3.54386

26 3.05471

27 3.20444

28 4.15744

29 4.31203

30 4.29412

31 4.30165

32 3.8948

33 3.92829

34 3.70449

35 4.93886

36 5.09937

37 5.17212

38 4.91257

39 4.09921

40 4.30381

41 3.91305

42 4.06593

43 4.75438

44 5.26038

45 5.10373

46 5.17805

47 6.24924

48 6.39855

49 6.64626

50 6.43812

51 6.08698

