6 -0.0737758

7 -0.103839

8 -0.173857

9 -0.177788

10 -0.172869

11 -0.194071

12 -0.36615

13 -0.403947

14 -0.396437

15 -0.432365

16 -0.429413

17 -0.565253

18 -0.580235

19 -0.561447

20 -0.596157

21 -0.450929

22 -0.285723

23 -0.233207

24 0.0107413

25 0.0731878

26 -0.0356876

27 -0.0245332

28 -0.194983

29 -0.210384

30 -0.222814

31 -0.289268

32 -0.213111

33 -0.207455

34 -0.158264

35 -0.037529

36 0.071281

37 0.0584684

38 0.124581

39 0.149213

40 0.238251

41 0.354779

42 0.313521

43 0.246481

44 0.225787

45 0.0622264

46 0.188445

47 0.0435226

48 -0.0735962

49 -0.0563056

50 0.125821

51 0.174521

52 0.220847

53 0.734334

54 0.919606

55 1.09307

56 1.2432

57 1.2427

58 1.19333

59 1.34928

60 1.25851

61 1.37539

62 1.37744

63 0.838669

