5 -0.00975078

6 -0.00866667

7 -0.155201

8 -0.0464675

9 -0.0680133

10 0.0426782

11 0.0288457

12 -0.434386

13 -0.425652

14 -0.450911

15 -0.45055

16 -0.513343

17 -0.516139

18 -0.609896

19 -0.20017

20 -0.351172

21 -0.781537

22 -0.787118

23 -0.81493

24 -0.856458

25 0.614492

26 0.971927

27 1.01613

28 1.00316

29 1.39074

30 1.49227

31 1.48853

32 1.42643

33 1.40538

34 1.3855

35 1.37647

36 1.55355

37 1.67091

38 1.70813

39 1.57191

40 1.66196

41 1.53467

42 1.53142

43 1.67615

44 2.61032

45 2.60374

46 2.55372

47 2.41161

48 2.62528

49 2.54639

50 2.40324

