6 0.0839181

7 0.131667

8 0.111474

9 0.106693

10 0.10775

11 0.142197

12 0.176462

13 0.185727

14 0.183026

15 0.078633

16 0.108789

17 0.150073

18 0.548427

19 0.511214

20 0.756094

21 0.560971

22 0.8886

23 1.23148

24 1.29027

25 1.2887

26 1.28424

27 0.86804

28 0.760729

29 1.09274

30 1.06095

31 1.3181

32 1.3324

33 1.33816

34 1.61045

35 1.79066

36 1.9006

37 1.93009

38 1.90908

39 1.94203

40 2.04187

41 1.91154

42 1.80418

43 1.83758

44 2.0373

45 2.22043

46 2.26104

47 2.34016

48 2.86141

49 2.99981

50 2.89515

51 2.92479

52 2.92488

53 2.92348

54 2.92758

55 2.89929

56 2.77751

57 2.77926

58 2.77579

59 2.75689

60 2.7727

61 2.66549

62 2.64813

63 2.84705

64 3.00911

65 3.0187

66 3.04016

67 2.80903

68 2.9877

69 3.55038

70 3.59237

71 3.5924

72 3.44139

73 3.56637

74 3.66958

75 3.70283

76 3.67166

77 3.69066

78 3.61102

79 3.57718

80 3.67399

81 3.59878

82 4.40201

83 4.40033

84 4.41516

85 4.62653

86 4.48163

87 4.73293

88 5.47139

89 5.52204

90 5.58678

91 5.54153

92 5.50771

93 5.53918

94 5.60507

95 5.62546

96 5.60319

97 5.59453

98 5.59094

99 5.55364

100 5.68965

101 5.71595

102 5.5971

103 5.71534

104 5.71636

105 5.73476

106 5.76615

107 5.81099

108 5.90997

109 5.80127

110 5.73074

111 5.74012

112 5.85876

113 5.93184

114 5.5572

115 5.37741

116 5.13861

117 5.0952

118 5.06061

119 4.9975

120 5.02887

121 4.91795

122 4.78599

123 4.91422

124 4.92628

125 5.51395

126 5.55268

127 5.48195

128 5.26324

129 5.17544

130 5.01748

131 5.02431

132 5.02256

