6 -0.046951

7 -0.0466473

8 -0.118049

9 -0.109331

10 -0.114177

11 -0.184086

12 -0.207801

13 -0.132538

14 -0.189307

15 -0.180921

16 -0.217415

17 -0.274362

18 -0.252041

19 -0.190723

20 -0.273832

21 -0.308144

22 -0.356042

23 -0.291567

24 -0.441242

25 -0.375881

26 -0.297393

27 -0.276561

28 -0.241402

29 -0.169409

30 -0.0331201

31 0.115095

32 0.0905763

33 0.19436

34 0.0801392

35 -0.364999

36 -0.581257

37 -0.473137

38 -0.389467

39 -0.321334

40 -0.370381

41 -0.197798

42 -0.148602

43 -0.120012

44 -0.297957

45 0.0121272

46 0.276751

47 0.245464

48 0.119074

49 0.0920842

50 0.0361868

51 0.0882667

52 0.0955299

53 0.232104

54 0.243102

55 0.00341306

56 0.117514

57 -0.00335165

58 -0.350616

59 -0.433036

60 -0.859345

61 -1.04541

62 -0.843923

63 -1.00181

64 -0.95435

65 -1.03054

66 -0.97284

67 -0.985579

68 -0.779781

69 -0.676954

70 -0.694403

71 -0.721076

72 -0.727044

73 -0.586096

74 -0.591115

75 -0.624026

76 -0.642242

77 -0.617236

78 -0.488859

79 -0.29415

80 -0.271023

81 -0.296982

82 -0.434463

83 -0.502326

84 -0.661288

85 -0.822608

