6 0.0201693

7 0.107532

8 0.128918

9 0.108962

10 0.146126

11 0.0993225

12 0.0996197

13 0.113471

14 0.206849

15 0.200849

16 0.1624

17 0.451238

18 0.402567

19 0.816861

20 0.608895

21 0.912077

22 1.22994

23 1.29417

24 1.25461

25 1.35805

26 1.16687

27 1.11594

28 1.369

29 1.16333

30 1.09971

31 2.035

32 2.1771

33 2.33687

34 2.37005

35 2.36461

36 2.38933

37 2.49595

38 2.2783

39 2.3948

40 2.38799

41 2.46988

42 2.61354

43 2.77981

44 2.87564

45 2.99622

46 2.91759

47 2.95046

48 2.97191

49 2.95501

50 2.93379

51 2.91513

52 2.87387

53 2.80676

54 2.80906

55 2.77769

56 2.61738

57 2.77262

58 2.79701

59 2.82317

60 2.94997

61 3.00631

62 2.86038

63 2.95403

64 3.15006

65 3.09205

66 3.16982

67 3.19247

68 3.15451

69 3.08703

70 3.0061

71 2.99647

72 2.89211

73 2.76618

74 2.97167

75 3.52539

76 3.57661

77 3.327

78 3.58838

79 4.29076

80 4.3473

81 4.39395

82 4.41679

83 4.42961

84 4.47937

85 4.49358

86 4.4774

87 4.48984

88 4.56094

89 4.64157

90 4.69983

91 4.68279

92 4.69988

93 4.45429

94 4.38991

95 4.46529

96 4.52

97 4.5332

98 4.63351

99 4.48984

100 4.37678

101 4.49007

102 4.65604

103 4.87773

104 4.19761

105 4.02322

106 3.99399

107 3.97724

108 3.88747

109 3.90075

110 3.77743

111 3.62102

112 3.75087

113 3.7498

114 4.34114

115 4.28993

116 4.2479

117 4.02754

118 3.92537

119 3.86716

120 3.953

121 3.98035

122 3.97913

123 4.04411

124 4.09634

125 4.11782

126 4.1196

127 4.11717

128 4.179

