6 -0.0594263

7 -0.0398074

8 -0.0670794

9 -0.0731579

10 -0.0706754

11 -0.0929143

12 -0.0702358

13 -0.0273256

14 -0.416538

15 -0.481551

16 -0.571127

17 -0.531861

18 -0.485598

19 -0.480672

20 -0.40638

21 -0.461173

22 -0.40493

23 -0.354809

24 -0.334656

25 -0.332874

26 -0.423725

27 -0.398154

28 -0.66713

29 -0.788522

30 -0.938856

31 -0.966615

32 -1.02232

33 -0.995543

34 -0.897083

35 -0.956846

36 -0.919423

37 -0.90968

38 -0.868909

39 -0.849916

40 -0.835508

41 -0.812079

42 -0.94273

43 -1.12668

44 -1.25459

45 -1.32837

46 -1.24305

47 -1.28204

48 -1.26874

49 -1.28362

50 -1.26641

51 -1.24789

52 -1.27233

53 -2.34418

54 -2.36445

55 -2.51984

56 -2.52996

57 -2.52064

58 -2.6524

59 -2.6118

60 -2.59913

61 -2.58182

62 -2.35962

63 -2.10989

64 -2.14761

65 -2.09139

66 -2.03405

67 -2.02419

68 -1.99052

69 -1.99955

70 -1.96025

71 -1.90553

72 -1.95279

73 -1.87227

