6 -0.0210638

7 -0.0401352

8 0.0363904

9 -0.0233722

10 0.0140489

11 0.137476

12 0.0972602

13 -0.0897104

14 -0.557612

15 -0.661051

16 -0.689051

17 -0.669082

18 -0.536558

19 -0.37937

20 -0.267501

21 -0.285757

22 -0.305879

23 -0.321055

24 -0.41285

25 -0.446942

26 -0.473385

27 -0.508423

28 -0.416014

29 -0.250765

30 -0.0643527

31 -0.020916

32 0.029062

33 -0.160353

34 -0.247546

35 -0.353021

36 -0.597841

37 -0.703791

38 -0.723154

39 -0.649568

40 -0.808374

41 -0.794915

42 -0.717294

43 -0.915997

44 -0.833251

45 -0.906896

46 -1.01355

47 -1.12425

48 -1.09268

49 -1.17397

50 -1.29827

51 -1.42885

52 -1.41313

53 -1.44762

54 -1.23379

55 -1.30763

56 -1.51843

57 -1.60877

58 -1.69034

59 -1.67669

60 -1.79373

61 -1.82148

62 -1.92546

63 -1.91314

64 -2.08883

65 -1.97601

66 -1.89483

67 -1.85536

68 -1.86014

69 -1.74704

70 -1.69076

71 -1.73385

72 -1.78381

73 -1.70772

