6 -0.04909

7 0.0351643

8 0.0551509

9 0.092632

10 0.0720902

11 0.136352

12 0.0951269

13 0.161477

14 0.160119

15 -0.0335122

16 -0.0728056

17 0.0164525

18 0.10217

19 0.11992

20 0.0819

21 0.191659

22 0.297631

23 0.225039

24 0.101977

25 -0.49092

26 -0.618022

27 -0.685936

28 -0.765975

29 -0.710265

30 -0.737029

31 -0.790552

32 -0.891888

33 -1.01923

34 -1.1627

35 -1.2116

36 -1.25995

37 -1.09576

38 -1.06754

39 -1.11646

40 -0.965315

41 -1.08094

42 -0.783272

43 -0.79551

44 -0.687912

45 -0.809978

46 -0.650914

47 -0.655897

48 -0.559902

49 -0.576418

50 -0.637376

51 -0.600114

52 -0.456561

53 -0.430767

54 -0.499247

55 -0.31223

56 -0.379604

57 -0.119493

58 0.324827

59 0.334751

60 0.301845

61 0.294724

62 0.368832

63 0.295005

64 0.035501

65 -0.127731

66 0.0453114

67 0.228125

68 0.287433

69 0.284428

70 0.314686

71 0.359196

72 0.379755

73 0.388245

74 0.366045

