6 -0.0163003

7 0.040403

8 0.140044

9 0.213946

10 0.244025

11 0.261328

12 0.25223

13 0.323956

14 0.386067

15 0.287294

16 0.304929

17 0.334272

18 0.355976

19 0.334976

20 0.340176

21 0.273791

22 0.348524

23 0.435798

24 0.408365

25 0.356121

26 0.438376

27 0.453833

28 0.467735

29 0.444084

30 0.434562

31 0.458494

32 0.553499

33 0.496364

34 0.823062

35 0.834178

36 0.851394

37 0.911737

38 0.991629

39 1.02456

40 0.91927

41 0.712549

42 0.690317

43 0.687034

44 0.590122

45 0.315755

46 0.343956

47 0.220406

48 0.187426

49 0.130127

50 0.129085

51 -0.01141

52 -0.231128

53 -0.0914623

54 -0.0316006

55 -0.00381024

56 -0.07848

57 -0.811251

58 -0.921846

