6 -0.0106021

7 -0.0473125

8 -0.05979

9 -0.0737199

10 -0.0969119

11 -0.0991397

12 -0.0936441

13 -0.161242

14 -0.195789

15 -0.136886

16 -0.143906

17 -0.21261

18 -0.375064

19 -0.285819

20 -0.222801

21 -0.228505

22 -0.238151

23 -0.17856

24 -0.191131

25 -0.174565

26 -0.156001

27 -0.124144

28 -0.119467

29 -0.319593

30 -0.357556

31 -0.635209

32 -0.645617

33 -0.694635

34 -0.730069

35 -0.727779

36 -0.793777

37 -0.681058

38 -0.285304

39 -0.302445

40 -0.481681

41 -0.486953

42 -0.961901

43 -0.976406

44 -0.995286

45 -1.11616

46 -1.05202

47 -1.01975

48 -1.10771

49 -0.996623

50 -0.971472

51 -1.12841

52 -1.21253

53 -1.18271

54 -1.24012

55 -0.977683

56 -0.899443

57 -0.847229

58 -0.868356

59 -0.849162

60 -0.841092

61 -0.846481

62 -0.883657

63 -0.89475

64 -0.911588

65 -0.93758

66 -0.936905

67 -0.928474

68 -0.984588

69 -1.01375

70 -0.930422

71 -0.885522

72 -1.02534

73 -1.2052

74 -1.05934

75 -0.969973

76 -0.943456

77 -0.933034

78 -0.860899

79 -0.863742

80 -0.914073

81 -0.909473

82 -0.886333

83 -0.855762

84 -0.890315

85 -1.08734

86 -1.12782

87 -1.36753

88 -1.39387

89 -1.46474

90 -1.50648

91 -1.51175

92 -1.58415

93 -1.43769

94 -1.05711

95 -1.06802

96 -1.24497

97 -1.26076

98 -1.74067

99 -1.77295

100 -1.80936

101 -1.94129

102 -1.86392

103 -1.82158

104 -1.89579

105 -1.78239

106 -1.76631

107 -1.91617

108 -1.96727

109 -1.89694

110 -1.92451

111 -1.7136

112 -1.59796

113 -1.5458

114 -1.57452

115 -1.57085

116 -1.57855

117 -1.57625

118 -1.61937

119 -1.63337

120 -1.64312

121 -1.67155

122 -1.67651

123 -1.67135

124 -1.73256

125 -1.76674

126 -1.70659

127 -1.7075

128 -1.808

129 -1.98758

130 -1.86246

131 -1.76127

132 -1.71813

133 -1.6778

134 -1.60547

135 -1.59207

136 -1.55151

137 -1.5271

138 -1.49387

139 -1.52336

140 -1.74864

141 -1.81129

142 -2.09124

143 -2.10955

144 -2.18439

145 -2.23201

146 -2.24005

147 -2.315

148 -2.21597

149 -1.83008

150 -1.8365

151 -1.9587

152 -2.01268

153 -2.55416

154 -2.57158

155 -2.59979

156 -2.72376

157 -2.64693

158 -2.59421

159 -2.65536

160 -2.51662

161 -2.4827

162 -2.60743

163 -2.69594

164 -2.59288

165 -2.64417

166 -2.32081

167 -2.25285

