6 -0.027816

7 -0.0268863

8 -0.0122149

9 0.0710683

10 0.0999478

11 0.0966484

12 0.101946

13 0.130046

14 0.13121

15 0.0867463

16 -0.096587

17 -0.532204

18 -0.587941

19 -0.707309

20 -0.774204

21 -0.847535

22 -0.787742

23 -0.881216

24 -1.00741

25 -1.02003

26 -1.05545

27 -1.14508

28 -1.08602

29 -1.15111

30 -1.15668

31 -1.07741

32 -1.15804

33 -1.13948

34 -1.04266

35 -0.900258

36 -0.53501

37 -0.279317

38 -0.104812

39 -0.126105

40 -0.151671

41 -0.158522

42 -0.214459

43 -0.25422

44 -0.288377

45 -0.264323

46 -0.301593

47 -0.187348

48 -0.0523671

49 0.196181

50 0.168826

51 0.265012

52 0.497189

53 0.615017

54 0.440148

55 0.194582

56 0.00458865

57 -0.0492252

58 -0.134146

59 -0.168603

60 -0.228443

61 -0.256553

62 -0.160469

63 -0.204673

64 -0.172256

65 -0.144881

66 -0.20039

67 -0.445386

68 -0.505602

69 -0.635206

70 -0.660644

71 -0.588671

72 -0.745656

73 -0.80258

74 -0.801024

75 -0.859001

76 -0.749112

77 -0.830106

78 -0.998737

79 -0.973443

80 -0.965446

81 -1.13239

82 -1.00098

83 -0.939752

84 -0.86995

85 -0.890633

86 -0.819899

87 -1.02582

88 -1.30322

89 -1.39012

90 -1.57883

91 -1.57008

92 -1.51651

93 -1.57997

94 -1.4665

95 -1.34671

96 -1.29097

97 -1.35911

98 -1.31688

99 -1.26392

100 -1.31241

101 -1.20836

102 -1.32496

103 -1.52357

104 -1.59191

105 -1.74265

106 -1.83249

107 -1.87502

108 -1.81729

109 -1.82244

110 -1.73827

111 -1.74552

112 -1.92598

113 -1.81351

114 -1.73781

115 -1.64531

116 -1.67319

117 -1.72635

118 -1.52282

119 -1.50994

120 -1.43877

121 -1.43442

122 -1.54149

123 -1.55026

124 -1.6323

125 -1.713

126 -1.61315

127 -1.80556

128 -1.8082

129 -1.93277

130 -1.92096

131 -1.85192

132 -1.74488

133 -1.66693

134 -1.78292

135 -1.89548

136 -1.93288

137 -1.48528

138 -1.47728

139 -1.40068

140 -1.26596

141 -1.20575

