6 -0.049442

7 -0.0762233

8 -0.20601

9 -0.242315

10 -0.225341

11 -0.0644644

12 -0.0927544

13 0.017254

14 -0.0634818

15 0.106723

16 0.0591817

17 0.14245

18 0.679545

19 0.857422

20 0.870574

21 0.886127

22 0.84482

23 0.877111

24 0.980856

25 0.980858

26 0.929839

27 0.916401

28 0.81457

29 0.805522

30 0.747803

31 0.668508

32 0.660786

33 0.746575

34 0.595811

35 0.658186

36 0.583823

37 0.748181

38 0.680136

39 0.79446

40 0.549629

41 0.798169

42 0.997648

43 1.22384

44 1.26092

45 1.34973

46 1.31133

47 1.45512

48 1.76162

49 1.94204

50 2.2763

51 2.36192

52 2.23332

53 2.15503

54 1.83943

55 1.92299

56 1.93648

57 2.01821

58 2.1572

59 2.12027

60 2.13066

61 2.19208

62 2.1008

63 2.48987

64 2.89015

65 3.17478

66 3.02247

67 3.03529

68 2.99769

69 2.98238

70 3.05592

71 2.94354

72 2.994

73 2.92964

74 2.98794

75 2.96148

76 3.00709

77 2.90369

78 2.90422

79 2.87828

80 2.95811

81 3.04163

82 3.07791

83 2.86737

84 2.72658

85 2.69635

