6 -0.0287425

7 0.023093

8 -0.0847211

9 -0.0783424

10 -0.432164

11 -0.582065

12 -0.582736

13 -0.637024

14 -0.70801

15 -0.744253

16 -0.806961

17 -0.793929

18 -0.878412

19 -0.969952

20 -0.93803

21 -1.01183

22 -0.825784

23 -0.792074

24 -0.687549

25 -0.723006

26 -0.705284

27 -0.631792

28 -0.547233

29 -0.483954

30 -0.48349

31 -0.507823

32 -0.42893

33 -0.292786

34 -0.286036

35 -0.269678

36 -0.152342

37 -0.140684

38 -0.127876

39 -0.0195484

40 -0.0216414

41 0.0158174

42 0.00158141

43 0.0385541

44 -0.0025656

45 -0.0862221

46 -0.0371716

47 0.00674035

48 -0.0716917

49 0.0349089

50 0.181175

51 0.161685

52 -0.0788071

53 -0.0890858

54 0.106707

55 0.156784

56 0.260996

57 0.355626

58 0.525456

59 0.556268

60 0.333462

61 0.33429

62 0.410644

63 0.44154

64 0.425696

65 0.458357

66 0.350563

67 0.453568

68 0.421259

69 0.146916

70 0.169229

71 0.153641

72 0.143288

73 0.160347

74 0.116791

75 0.0155341

76 0.110672

77 0.14095

78 0.146708

79 0.102486

80 0.0704225

81 0.0444601

82 0.0870837

83 0.208943

84 0.264505

85 0.422306

86 0.422519

87 0.394994

88 0.425411

89 0.30391

90 0.311515

91 0.21796

92 0.159698

93 0.253162

94 0.367679

95 0.452064

96 0.438803

97 0.494686

98 0.46803

99 0.387543

100 0.325258

101 0.290822

102 0.201876

103 -0.0684557

104 -0.0846978

