6 0.145652

7 0.166207

8 0.17357

9 0.0248087

10 -0.0284266

11 -0.229489

12 -0.274694

13 -0.344515

14 -0.420351

15 -0.527369

16 -0.668078

17 -0.683691

18 -0.629981

19 -0.576505

20 -0.616631

21 -0.826721

22 -0.726988

23 -0.690473

24 -0.740195

25 -0.75472

26 -0.660678

27 -0.63235

28 -0.456597

29 -0.388279

30 -0.529583

31 -0.59854

32 -1.09078

33 -1.23949

34 -1.20714

35 -1.25324

36 -1.25626

37 -1.12353

38 -0.961709

39 -0.874711

40 -0.993555

41 -0.873057

42 -0.732189

43 -0.786526

44 -0.74033

45 -0.553131

46 -0.522614

47 -0.499426

48 -0.53597

49 -0.661062

50 -0.697948

51 -1.30497

52 -1.47089

53 -1.6636

54 -1.78076

55 -1.84625

56 -1.89657

57 -1.89928

58 -1.93544

59 -1.9623

60 -2.04598

61 -2.04422

62 -1.99985

63 -2.01304

64 -2.00158

65 -2.21912

66 -2.2701

67 -2.5555

68 -2.53822

69 -2.63201

70 -2.6007

71 -2.67218

72 -2.9036

73 -2.9272

74 -2.55751

75 -2.39073

76 -2.31247

77 -2.25215

78 -2.37103

79 -2.22721

80 -2.00357

81 -1.95243

82 -2.00791

83 -2.11369

84 -1.84888

85 -1.69138

86 -1.63802

87 -1.68974

88 -1.6415

89 -1.55964

