6 0.0682149

7 0.022182

8 -0.0243385

9 -0.0335093

10 -0.0671063

11 -0.0750607

12 -0.00884608

13 0.0800648

14 0.0279019

15 -0.110763

16 -0.410416

17 -0.411535

18 -0.585221

19 -0.756087

20 -0.582443

21 -0.579845

22 -0.523944

23 -0.544662

24 -0.564272

25 -0.547309

26 -0.592508

27 -0.601515

28 -0.586229

29 -0.578885

30 -0.561866

31 -0.518974

32 -0.499325

33 -0.495712

34 -0.506028

35 -0.467844

36 -0.487658

37 -0.473669

38 -0.472816

39 -0.416368

40 -0.495748

41 -0.482872

42 -0.381647

43 -0.377033

44 -0.345806

45 -0.339609

46 -0.313834

47 -0.315415

48 -0.255697

49 -0.29176

50 -0.405308

51 -0.4338

52 -0.460483

53 -0.483938

54 -0.374009

55 -0.568134

56 -0.535467

57 -0.591126

58 -0.802733

59 -0.797034

60 -0.830247

61 -0.851712

62 -0.750104

63 -0.659413

64 -0.937334

65 -0.648644

66 -0.833774

67 -0.488096

68 -0.0119793

69 0.0690857

70 0.0289694

71 0.0258918

72 -0.162726

73 -0.253769

74 -0.560929

75 -0.717561

76 -0.661401

77 -0.475763

78 -0.354722

79 -0.408216

80 -0.301312

81 -0.187403

82 -0.00491983

83 0.123523

84 0.0824301

85 0.189632

86 -0.0235378

87 0.053965

88 -0.0806677

89 0.162883

90 0.282253

91 0.419815

92 0.343224

93 0.392107

94 0.605949

95 0.669945

96 0.699573

97 0.657506

98 0.771082

99 0.787649

100 1.06067

101 1.96132

102 2.1765

103 1.98424

104 1.9375

105 1.88675

106 1.79904

107 1.7328

108 1.67017

109 1.7074

110 1.80743

111 1.80432

112 1.83715

113 1.93839

114 1.90851

115 2.08649

116 2.05959

117 2.29829

118 2.69632

119 2.67005

120 2.55007

121 2.38882

122 2.56859

123 2.71555

124 2.74467

125 2.67399

126 2.78803

127 2.64673

128 2.77972

129 2.98891

130 3.06535

131 3.04271

132 3.17388

133 3.19276

134 3.31728

135 3.34191

136 3.52015

137 3.51812

138 3.51228

139 3.41583

140 3.42934

141 3.4604

142 3.7505

143 3.88014

144 3.95456

145 3.86069

146 3.75336

147 3.71506

148 3.64415

149 3.58249

150 3.34654

151 3.44501

152 3.26424

153 3.37594

154 3.20943

155 3.62409

156 3.64457

157 3.89362

158 4.00867

159 4.10121

160 4.19494

161 4.28265

162 4.21785

163 4.37584

164 4.17605

165 4.23086

166 3.84695

167 3.78444

168 3.80517

169 3.77185

170 4.39145

171 4.20204

172 4.64679

173 4.92324

174 4.62484

175 4.72874

176 5.26399

177 4.45229

178 4.49868

179 4.34671

