6 -0.0631864

7 -0.0576728

8 -0.0519422

9 -0.0415235

10 -0.104173

11 -0.102572

12 -0.127392

13 -0.175408

14 -0.166391

15 -0.135252

16 -0.24695

17 -0.177247

18 0.0103039

19 0.17804

20 0.158781

21 0.418756

22 0.531503

23 0.555156

24 0.366665

25 0.38003

26 0.107818

27 -0.00290774

28 -0.256787

29 -0.288951

30 -0.315073

31 -0.281152

32 -0.306616

33 -0.342533

34 -0.396914

35 -0.355025

36 -0.416412

37 -0.49871

38 -0.828263

39 -0.906063

40 -0.920742

41 -1.01996

42 -1.19094

43 -1.38848

44 -1.41546

45 -1.4087

46 -1.41989

