6 -0.0207942

7 -0.0170433

8 -0.0251516

9 -0.0868005

10 -0.0527248

11 0.0486764

12 0.032644

13 -0.127259

14 -0.137261

15 0.0340401

16 0.0614647

17 0.0333877

18 0.145608

19 0.0562123

20 -0.353065

21 -0.462289

22 -0.492624

23 -0.52584

24 -0.450374

25 -0.170549

26 -0.225296

27 -0.200778

28 -0.208493

29 -0.0196624

30 0.107129

31 0.223202

32 0.230697

33 0.190459

34 0.653844

35 0.744497

36 0.732055

37 0.584274

38 0.632584

39 0.459628

40 0.510616

41 0.573035

42 0.626888

43 0.731275

44 0.759491

45 0.377943

46 0.312175

47 0.301991

48 0.310493

49 0.289331

50 -0.808436

