6 -0.042247

7 -0.0935851

8 -0.212238

9 -0.280544

10 -0.260215

11 -0.126686

12 -0.208699

13 -0.200562

14 -0.479223

15 -0.656369

16 -0.674619

17 -0.824453

18 -0.779038

19 -0.830552

20 -0.89844

21 -0.901545

22 -0.938664

23 -1.04127

24 -1.0265

25 -1.04752

26 -1.08103

27 -0.974451

28 -0.889366

29 -0.843799

30 -0.824754

31 -0.859436

32 -0.780604

33 -0.765527

34 -1.28343

35 -1.39037

36 -1.24035

37 -1.05606

38 -0.993037

39 -0.836045

40 -0.873882

41 -0.909408

42 -0.771594

43 -0.748838

44 -0.679634

45 -0.737714

46 -0.647266

47 -0.722978

48 -0.660152

49 -0.240196

50 -0.0901555

51 -0.000368557

52 -0.0559469

53 -0.228646

54 -0.429488

55 -0.922943

56 -1.07581

