5 -0.0723242

6 -0.0883799

7 0.0117001

8 0.151329

9 0.35739

10 0.321308

11 0.0745983

12 0.049628

13 0.000641036

14 0.105531

15 0.201511

16 0.0764478

17 0.0463378

18 0.0174815

19 -0.397054

20 -0.19053

21 -0.208139

22 -0.243401

23 0.423672

24 0.445601

25 0.452587

26 0.416248

27 0.43974

28 0.42364

29 0.452162

30 0.512825

31 0.526173

32 0.677463

33 0.770169

34 0.787314

35 0.551542

36 0.35262

37 0.484895

38 0.565129

39 1.42355

40 1.55729

41 1.62169

42 1.38254

43 1.56114

44 1.45102

