5 -0.0676339

8 -0.0681861

11 0.086139

14 -0.634722

17 -0.328849

20 -0.30096

23 -0.323469

26 -0.849873

29 -0.81021

32 -0.950871

35 -0.794167

38 -0.744257

41 -0.314029

44 -0.254105

47 -0.354954

50 -0.461405

53 -0.672501

56 -0.456022

59 -0.656672

62 -0.748209

65 -0.474228

68 -1.01301

71 -0.938674

74 -1.10913

77 -1.64374

80 -1.75101

83 -1.8904

86 -1.86952

89 -2.6341

92 -2.75074

95 -2.64833

98 -2.59431

101 -2.99314

104 -3.15921

107 -3.06743

110 -3.38933

113 -3.31922

116 -4.18035

119 -4.22399

122 -4.29664

125 -5.41976

128 -4.97829

131 -5.50852

134 -5.67912

137 -5.83022

140 -6.41351

143 -6.69654

146 -7.26722

149 -7.5051

152 -7.60941

155 -7.78435

158 -7.69299

161 -7.74696

164 -8.02129

167 -8.18112

170 -8.31775

173 -8.66348

176 -7.86595

179 -8.03748

182 -8.50814

185 -8.5181

