6 -0.209791

7 -0.307164

8 -0.384743

9 -0.480356

10 -0.52409

11 -0.567403

12 -0.626306

13 -0.628208

14 -0.764124

15 -0.768528

16 -0.784874

17 -0.82775

18 -0.858209

19 -0.898513

20 -1.0057

21 -0.978511

22 -0.774918

23 -0.764609

24 -0.84675

25 -0.722023

26 -0.747099

27 -0.837284

28 -0.955109

29 -1.08996

30 -0.994015

31 -0.972328

32 -0.948527

33 -0.825466

34 -0.639856

35 -0.673919

36 -0.555292

37 -0.485652

38 -0.469312

39 -0.477873

40 -0.641649

41 -0.653193

42 -0.636536

43 -0.698731

44 -0.724678

45 -0.598952

46 -0.836433

47 -0.842713

48 -1.24537

49 -1.309

50 -1.43388

51 -1.42629

52 -1.33834

53 -1.2241

54 -1.10199

55 -1.04279

56 -1.099

57 -1.0283

58 -1.06804

59 -0.965927

60 -0.943319

61 -0.944687

62 -0.985503

63 -1.00409

64 -1.0204

65 -0.696518

66 -0.445857

67 -0.383996

68 -0.475709

69 -0.3913

70 -0.335834

71 -0.374522

72 -0.254766

73 -0.0943251

74 -0.033555

75 -0.0871219

76 -0.138557

77 -0.172321

78 0.100389

79 0.0545856

80 0.290537

81 0.249872

82 0.429762

83 0.261916

84 0.396502

85 0.516045

86 0.428061

87 0.272547

88 0.233626

89 -0.46887

90 -0.56403

91 -0.42895

92 -0.396076

93 -0.330563

94 -0.3383

95 -0.324694

96 -0.381735

97 -0.442366

98 -0.457346

99 -0.28143

100 -0.0497962

101 0.00584738

102 -0.0395465

103 -0.0593888

104 -0.028302

105 -0.0508873

106 0.0288011

107 0.225307

108 0.314539

109 0.399561

110 0.490514

111 0.400833

112 0.159775

113 -0.0552097

114 -0.24195

115 -0.282653

116 -0.454936

117 -0.498563

118 -1.06136

119 -1.22491

120 -1.24116

