6 -0.0144587

7 -0.0387598

8 0.141925

9 -0.421057

10 -0.604938

11 -0.586608

12 -0.480757

13 -0.550967

14 -0.406105

15 -0.468052

16 -0.521349

17 -0.512288

18 -0.43451

19 -0.605185

20 -0.536393

21 -0.839103

22 -0.842906

23 -0.944034

24 -0.986428

25 -1.04531

26 -0.918112

27 -0.885566

28 -0.86148

29 -0.848031

30 -0.910098

31 -0.856616

32 -0.885471

33 -0.965503

34 -0.910303

35 -1.09751

36 -1.05286

37 -1.3147

38 -1.32249

39 -1.39618

40 -1.41892

41 -1.37845

42 -1.28423

43 -1.25868

44 -1.3247

45 -1.31983

46 -1.30256

47 -1.25312

48 -1.04238

49 -0.990612

50 -0.913618

51 -0.788941

52 -0.760158

53 -0.786404

54 -0.742884

55 -0.715732

56 -0.701056

57 -0.807155

