6 -0.0624193

7 -0.0238968

8 -0.0635904

9 -0.0583898

10 -0.0669363

11 -0.110299

12 -0.116347

13 -0.142915

14 -0.245776

15 -0.228456

16 -0.165806

17 -0.193656

18 -0.336816

19 -0.349694

20 -0.386143

21 -0.38446

22 -0.325573

23 -0.346944

24 -0.309173

25 -0.338764

26 -0.452386

27 -0.436988

28 -0.421361

29 -0.450159

30 -0.238499

31 -0.248218

32 -0.350457

33 -0.552186

34 -0.637961

35 -0.636499

36 -0.618235

37 -0.663491

38 -0.60105

39 -0.848319

40 -0.81145

41 -1.04358

42 -1.20247

43 -1.12207

44 -1.11058

45 -1.00729

46 -1.05211

47 -0.97489

48 -0.740517

49 -0.581749

50 -0.527681

51 -0.66165

52 -0.855762

53 -1.35681

54 -1.49357

55 -1.47074

56 -1.46916

57 -1.46006

58 -1.51079

59 -2.07144

60 -2.05876

61 -2.11234

62 -2.02669

63 -2.07274

64 -1.98215

65 -2.00607

66 -1.85402

67 -1.76796

68 -1.79478

69 -2.34866

70 -2.43356

71 -2.43345

72 -2.48533

73 -0.34672

