5 -0.273941

6 -0.233229

7 -0.287671

8 -0.300042

9 -0.402473

10 -0.395297

11 -0.279654

12 -0.200857

13 -0.094239

14 -0.0173495

15 -0.686265

16 -0.712863

17 -0.790823

18 -0.817553

19 -1.06396

20 -1.13759

21 -1.24999

22 -1.26553

23 -1.2361

24 -1.24804

25 -1.16631

26 -1.20142

27 -1.38149

28 -1.42581

29 -1.60212

30 -1.72994

31 -1.73793

32 -1.7637

33 -1.78189

34 -1.77338

35 -2.07528

36 -1.85731

37 -1.72988

38 -1.73993

39 -2.02192

40 -2.04011

41 -1.99494

42 -1.99167

43 -2.0662

44 -1.85941

45 -0.99936

46 -0.990213

47 -1.01132

48 -1.20627

49 -0.959803

50 -1.04551

