6 0.0145814

7 0.0192241

8 -0.024194

9 -0.0212826

10 0.0554068

11 0.143137

12 0.148614

13 0.0769578

14 0.121977

15 -0.106033

16 -0.18627

17 -0.514375

18 -0.653836

19 -0.803064

20 -0.841622

21 -0.940647

22 -0.949037

23 -0.838871

24 -0.526164

25 -0.150983

26 -0.0131785

27 0.1565

28 0.11753

29 0.24622

30 0.356426

31 0.394686

32 0.381759

33 0.180714

34 -0.0409438

35 -0.0509614

36 -0.187734

37 -0.140239

38 -0.0839625

39 -0.0802099

40 0.228546

41 0.239691

42 0.234049

43 0.212381

44 0.136622

45 0.126612

46 0.10447

47 0.196242

48 0.0819807

49 0.0864453

50 0.0527768

51 -0.20375

52 -0.175791

53 -0.182151

54 -0.17033

55 -0.100446

56 0.0308746

57 -0.16288

58 -0.184791

59 -0.428349

60 -0.442033

61 -0.536046

62 -0.468502

63 -0.269327

64 -0.0613451

65 -0.206107

66 -1.07013

67 -1.0672

68 -1.10113

69 -1.13278

70 -1.21368

71 -1.20728

72 -1.18978

73 -1.26159

74 -1.20418

75 -1.28304

76 -1.28541

77 -1.38039

78 -1.43726

79 -1.43355

80 -1.30053

81 -1.23354

82 -1.09836

83 -1.15521

84 -1.27511

85 -1.06735

86 -0.914595

87 -1.21102

