5 -0.000740824

6 0.138911

7 0.160699

8 0.246171

9 0.118745

10 -0.782849

11 -0.928464

12 -1.18828

13 -1.10027

14 -0.815719

15 -0.661409

16 -0.413474

17 -0.52548

18 0.125212

19 0.216177

20 0.226514

21 0.219854

22 0.215169

23 -0.141492

24 0.134985

25 0.411473

26 0.408538

27 0.417603

28 0.337651

29 0.480102

30 0.711217

31 1.01183

32 1.09805

33 1.18016

34 1.38744

35 1.37644

36 1.74284

37 1.76406

38 1.78486

39 1.78693

40 1.26818

41 1.0402

42 0.950244

43 0.449793

44 0.548992

