6 -0.0368539

7 -0.0842276

8 -0.143894

9 -0.181421

10 -0.150846

11 -0.138346

12 -0.22564

13 -0.210351

14 -0.159427

15 -0.272754

16 -0.199127

17 -0.326003

18 -0.916654

19 -1.02479

20 -1.055

21 -1.0869

22 -1.18482

23 -1.15793

24 -1.20535

25 -1.25322

26 -1.34644

27 -1.3495

28 -1.32596

29 -1.40607

30 -1.41285

31 -1.61638

32 -1.63544

33 -1.63715

34 -1.72699

35 -1.7103

36 -1.7102

37 -1.69937

38 -1.65718

39 -1.72934

40 -1.7922

41 -1.81448

42 -1.81694

43 -1.7935

44 -1.68814

45 -1.75617

46 -1.54448

47 -1.54183

48 -1.73627

49 -2.19735

50 -2.32301

51 -2.42347

52 -2.45281

53 -2.34085

54 -2.1466

55 -2.01922

56 -2.09724

57 -2.12595

58 -2.11518

59 -2.11517

60 -2.11762

61 -2.04642

62 -2.04569

63 -1.80646

64 -1.66385

