6 -0.0331686

7 -0.0200595

8 0.0290347

9 0.0959264

10 0.180836

11 0.180293

12 0.145522

13 0.142273

14 0.140754

15 0.0751246

16 0.0984311

17 0.0717287

18 0.0881498

19 -0.157245

20 -0.118278

21 -0.0387236

22 0.0440334

23 0.141443

24 0.217543

25 0.258158

26 0.309997

27 0.083031

28 0.0429043

29 0.177393

30 0.175868

31 0.337994

32 0.493689

33 0.492209

34 0.481123

35 0.465422

36 0.308787

37 0.215638

38 0.30037

39 0.335837

40 -0.0436959

41 -0.350779

42 -0.224762

43 -0.274553

44 -0.468952

45 -0.476986

46 -0.384649

47 -0.477681

48 -0.423223

49 -0.420935

50 -0.427788

51 -0.441238

52 -0.368825

53 -0.457348

54 -0.505151

55 -0.778466

56 -0.823388

57 -0.834358

58 -0.765585

59 -0.660865

60 -0.650776

61 -0.608441

62 -0.566986

63 -0.536463

64 -0.577273

65 -0.472349

66 -0.282646

67 -0.157904

68 0.213422

69 0.178078

70 0.2469

71 0.29698

72 0.310949

73 0.27332

74 0.315274

75 0.320478

76 0.0763012

77 -0.140327

78 -0.42472

79 -0.448836

80 -0.390755

81 -0.178181

82 -0.202197

83 -0.122407

84 -0.104554

85 -0.117054

86 -0.0525322

87 -0.110021

88 -0.117471

89 -0.116413

90 -0.438114

91 -0.519132

92 -0.564039

93 -0.470047

94 -0.382586

95 -0.299395

96 -0.353618

97 -0.495053

98 -0.381979

99 -0.34344

100 -0.173136

101 -0.208225

102 -0.139789

103 -0.13298

104 -0.119684

105 -0.123572

106 -0.0907081

107 -0.0457447

108 0.0704465

109 0.204306

110 0.219226

111 0.261487

112 0.301768

113 0.315844

114 0.167008

115 -0.0196412

116 -0.381997

117 -0.431649

118 -0.386238

119 -0.486877

120 -0.461896

121 -0.447662

122 -0.417153

123 -0.425062

124 -0.476387

125 -0.460573

126 -0.725314

127 -0.742476

128 -0.652383

129 -0.717256

130 -0.741905

131 -0.752836

132 -0.675146

133 -0.464027

134 -0.447837

135 -0.380695

136 -0.386474

137 -0.320049

138 -0.457293

139 -0.450211

140 -0.499849

141 -0.947186

142 -0.961723

143 -0.876033

144 -0.768793

145 -0.777094

146 -0.744443

147 -0.757667

148 -0.940544

149 -0.954876

150 -1.62779

151 -1.67265

