6 -0.0274485

7 -0.0826143

8 -0.0769769

9 -0.104918

10 -0.108075

11 -0.0866593

12 -0.0373376

13 0.00804048

14 -0.00096208

15 0.0266113

16 -0.0752848

17 -0.104909

18 -0.230451

19 -0.252188

20 -0.248956

21 -0.179502

22 -0.163724

23 -0.0877676

24 -0.166043

25 -0.0818024

26 -0.116284

27 -0.203795

28 -0.168291

29 -0.269131

30 -0.385491

31 -0.37785

32 -0.345234

33 -0.288128

34 -0.337031

35 -0.285602

36 -0.234565

37 -0.408226

38 -0.340549

39 -0.313505

40 -0.238888

41 -0.356342

42 -0.381684

43 -0.2818

44 -0.0195587

45 0.504235

46 0.546651

47 0.556202

48 0.550232

49 0.533014

50 0.502379

51 0.507635

52 0.637896

53 0.393337

54 0.295512

55 0.154894

56 0.104921

57 -0.0870351

58 -0.245899

59 -0.481087

60 -0.139167

61 0.346005

62 0.444309

63 0.534181

64 0.574004

65 0.491834

66 0.478977

67 0.735255

68 0.782972

69 0.726431

70 0.498883

71 0.151142

72 0.0637225

73 0.132735

74 0.232368

75 0.3259

76 0.211066

77 0.190422

78 0.0458697

79 -0.0501561

80 -0.0204353

81 -0.0247588

82 -0.0525998

83 -0.206255

84 -1.61172

85 -1.88564

86 -2.19687

87 -2.38844

88 -2.54264

89 -2.70479

90 -2.53461

91 -2.58598

92 -2.6192

93 -2.68657

94 -2.68093

95 -2.62543

96 -2.70221

97 -2.66954

98 -2.60363

99 -2.57201

100 -2.59366

101 -2.66608

102 -2.63689

103 -2.57002

104 -2.59034

105 -2.38393

106 -2.44107

107 -2.65966

108 -2.607

109 -2.18156

110 -2.40876

