5 -0.0607377

6 -0.0633761

7 -0.37152

8 -0.134076

9 -0.132096

10 0.0275901

11 -0.0704347

12 6.39689e-05

13 0.0940443

14 0.0732941

15 -0.187467

16 -0.199065

17 -0.226218

18 -0.0945827

19 0.0249191

20 -0.0537682

21 -0.246003

22 -0.254426

23 -0.280261

24 -0.286085

25 -0.651845

26 -0.46839

27 -0.427515

28 -0.568077

29 0.0497284

30 0.0677438

31 0.0696585

32 0.00567067

33 0.0164912

34 -0.00475849

35 0.0164945

36 0.0687018

37 0.082511

38 0.223147

39 0.326799

40 0.341294

41 0.0359768

42 -0.150463

43 -0.0566191

44 0.0462048

45 0.955073

46 1.09946

47 1.17316

48 0.960913

49 1.10066

50 0.928437

