5 -0.076959

6 -0.0935611

7 -0.323069

8 -0.0828447

9 -0.0787319

10 0.069256

11 -0.0265638

12 0.0412895

13 0.136167

14 0.114902

15 -0.149875

16 -0.156475

17 -0.175

18 -0.0653325

19 0.0815247

20 0.00142353

21 -0.181876

22 -0.186268

23 -0.203812

24 -0.20342

25 -0.55884

26 -0.36775

27 -0.350033

28 -0.456189

29 0.144781

30 0.170647

31 0.178108

32 0.143121

33 0.166267

34 0.150249

35 0.185354

36 0.227856

37 0.247869

38 0.366581

39 0.443171

40 0.457218

41 0.154553

42 -0.011385

43 0.144896

44 0.224522

45 1.08729

46 1.18275

47 1.23648

48 1.00889

49 1.18772

50 1.20697

51 1.37415

