6 -0.0106495

7 -0.0430373

8 -0.113407

9 -0.128992

10 -0.157509

11 -0.204944

12 -0.297931

13 -0.202902

14 -0.140555

15 -0.139984

16 -0.159075

17 -0.185698

18 -0.224122

19 -0.24712

20 -0.2893

21 -0.290227

22 -0.426085

23 -0.429099

24 -0.456638

25 -0.493241

26 -0.473363

27 -0.401562

28 -0.406192

29 -0.431087

30 -0.448785

31 -0.473651

32 -0.521137

33 -0.518991

34 -0.53983

35 -0.509837

36 -0.551789

37 -0.499614

38 -0.66682

39 -0.627933

40 -0.591147

41 -0.637132

42 -0.556142

43 -0.816248

44 -0.910637

45 -1.31653

46 -1.38076

47 -1.43936

48 -1.52553

49 -1.82398

50 -1.80379

51 -1.71374

52 -1.75501

53 -1.80153

54 -2.16986

55 -2.18619

56 -2.58705

57 -2.65432

58 -2.6723

59 -2.72862

60 -2.72487

61 -2.71591

62 -2.75046

63 -2.77111

64 -2.6255

65 -2.36452

66 -2.16195

67 -2.18135

68 -3.22106

69 -3.33975

70 -3.33139

71 -3.48997

72 -3.51018

73 -3.42961

74 -2.7791

75 -2.77277

76 -2.76228

77 -2.8917

78 -3.91272

79 -3.92947

80 -3.94024

81 -3.95941

82 -4.05672

83 -4.04252

84 -4.07349

85 -4.07792

86 -4.10479

87 -3.98461

88 -3.96533

89 -3.97411

90 -3.92232

91 -3.94985

92 -4.17381

93 -4.07505

94 -4.0375

95 -3.99616

96 -3.98963

97 -3.86765

98 -3.85862

99 -3.79604

100 -3.72238

101 -3.73083

102 -3.6787

103 -3.58775

