6 0.0399478

7 0.0265699

8 0.0280075

9 0.000711975

10 0.116506

11 0.333031

12 0.421383

13 0.490852

14 0.499441

15 0.506573

16 0.402469

17 -0.0457675

18 -0.124994

19 -0.321545

20 -0.30206

21 -0.26428

22 -0.221259

23 -0.191991

24 -0.195246

25 -0.124401

26 -0.0650571

27 -0.00275181

28 -0.00437584

29 0.0257761

30 0.0429775

31 0.0512745

32 0.0586332

33 0.0571873

34 0.108396

35 0.287062

36 0.602182

37 0.664217

38 0.66196

39 0.565569

40 0.618736

41 0.621386

42 0.559161

43 0.526733

44 0.565501

45 0.398198

46 0.0615073

47 -0.256733

48 -0.218913

49 -0.231619

50 -0.268416

51 -0.536134

52 -1.06845

53 -1.17118

54 -1.31921

55 -1.30039

56 -1.41273

57 -1.44618

58 -1.51116

59 -1.43098

60 -1.53617

61 -1.57575

62 -1.54716

63 -1.56617

64 -1.75067

65 -1.71949

66 -1.69157

