6 -0.107485

7 -0.144993

8 -0.193444

9 -0.167908

10 -0.120015

11 -0.112163

12 -0.110688

13 -0.0356526

14 0.0663431

15 0.0848131

16 0.131704

17 0.151921

18 0.123629

19 0.137028

20 0.171757

21 0.189855

22 0.217375

23 0.2654

24 0.211096

25 0.311661

26 0.510585

27 0.441996

28 0.660877

29 0.769949

30 0.716587

31 0.624726

32 0.636506

33 0.54147

34 0.6199

35 0.706339

36 0.821364

37 0.960221

38 0.901864

39 0.980912

40 0.935672

41 1.01287

42 0.97405

43 1.00776

44 1.07063

45 1.10059

46 1.23682

47 1.28687

48 1.37158

49 1.55387

50 2.1403

51 2.13938

52 2.09034

53 1.75981

54 1.55727

55 1.35188

56 1.30819

57 1.33909

58 1.23422

59 1.20172

60 1.16761

61 1.14092

62 1.07581

63 1.04414

64 1.09792

65 1.39345

66 1.3805

67 1.39036

68 1.50627

69 1.50422

70 1.52532

71 1.49383

