5 0.0117618

6 -0.00153192

7 0.0119743

8 -0.0282524

9 0.003944

10 0.00255892

11 -0.685372

12 -0.551954

13 -0.497701

14 -0.499591

15 -0.429881

16 -0.433252

17 -0.425296

18 -0.776586

19 -0.812706

20 -0.876474

21 -0.887022

22 -0.851782

23 -0.991414

24 -0.0125489

25 0.0690902

26 0.177514

27 0.197082

28 0.0799728

29 0.34868

30 -0.171505

31 -0.297257

32 -0.395606

33 -0.0608923

34 0.584074

35 0.423843

36 -0.993777

37 -1.35984

38 -1.41838

39 -1.31164

40 -1.65915

41 -1.69383

42 -1.73187

43 -1.97911

44 -2.17222

45 -1.77637

46 -1.69004

47 -1.35257

48 -1.23797

49 -1.26483

50 -1.59669

51 -1.52885

52 -1.50608

53 -1.57561

54 -1.97831

55 -1.9268

56 -1.89747

57 -2.11988

58 -1.28733

59 -1.37461

60 -2.66128

61 -3.39267

62 -2.77556

63 -2.22658

64 -2.11938

65 -2.04216

