5 0.0058368

6 0.00409159

7 0.0853877

8 0.0843947

9 0.966417

10 1.01967

11 1.07981

12 1.10822

13 1.0726

14 1.09483

15 1.42997

16 1.15482

17 1.10233

18 0.712177

19 0.702288

20 0.804787

21 0.843444

22 0.524905

23 0.517885

24 0.653695

25 1.70649

26 2.08126

27 2.08466

28 2.17611

29 2.46089

30 2.70511

31 2.70493

32 2.68099

33 3.65205

34 3.81079

35 3.69323

36 3.14544

37 1.96105

38 1.95821

39 1.86438

40 2.04395

41 1.08746

42 1.41868

43 1.55407

44 1.37448

45 0.362622

46 0.631783

47 1.58353

48 1.45241

49 0.764968

50 0.893827

