5 0.0235646

6 0.0285895

7 0.065278

8 0.0971251

9 0.278243

10 0.391183

11 0.915956

12 0.966221

13 0.77422

14 1.28646

15 1.62628

16 1.48476

17 1.38033

18 1.58528

19 1.61003

20 2.02618

21 2.04428

22 2.40164

23 1.89301

24 2.114

25 2.12362

26 2.12039

27 2.47594

28 2.55726

29 2.86548

30 2.88312

31 2.83296

32 3.41241

33 3.69025

34 3.61005

35 3.65874

36 3.66803

37 3.44811

38 3.77699

39 4.35373

40 4.53517

41 4.60163

42 4.61601

43 4.07678

44 3.60441

45 3.8562

46 3.8864

47 3.80812

48 3.68887

49 4.12574

50 4.38331

51 3.34065

