6 -0.125674

7 -0.180296

8 -0.189753

9 -0.10996

10 -0.135153

11 -0.142381

12 -0.167734

13 -0.212465

14 -0.068429

15 0.00327584

16 -0.0341424

17 -0.0536465

18 -0.638085

19 -0.624006

20 -0.654658

21 -0.718966

22 -0.748287

23 -0.731766

24 -0.643814

25 -0.653156

26 -0.398193

27 -0.255385

28 -0.267193

29 -0.605561

30 -0.67405

31 -0.724544

32 -0.775418

33 -0.90269

34 -0.8216

35 -0.8789

36 -0.947137

37 -0.790318

38 -0.62794

39 -0.521424

40 -0.722983

41 -0.827302

42 -0.928074

43 -0.883943

44 -0.81261

45 -0.822272

46 -0.821151

47 -0.817673

48 -0.791833

49 -0.813869

50 -0.716249

51 -0.472824

52 -0.373749

53 -0.412177

54 -0.505143

55 -0.724947

56 -0.856895

57 -0.966359

58 -1.00455

59 -1.02566

60 -1.00897

61 -0.88039

62 -0.836202

63 -0.801054

64 -0.668689

65 -0.653443

66 -0.65645

67 -0.727901

68 -0.579656

69 -0.400769

70 -0.291727

71 -0.794828

72 -0.891217

73 -0.817456

74 -0.950959

75 -1.01637

76 -1.05845

77 -0.965054

78 -0.812437

79 -0.811758

80 -0.800709

81 -0.656261

82 -0.574998

83 -0.5917

84 -0.497822

85 -0.861379

86 -0.772392

87 -0.824111

88 -0.802164

89 -0.875315

