6 -0.0177686

7 -0.0135112

8 -0.0342458

9 -0.0588305

10 -0.0299758

11 0.0886483

12 0.16278

13 0.198664

14 0.274929

15 0.524726

16 0.510514

17 0.653139

18 0.469508

19 0.618605

20 1.06981

21 1.17377

22 1.20562

23 1.1814

24 1.18774

25 1.21715

26 1.34431

27 1.41587

28 1.43205

29 1.44147

30 0.815773

31 0.85542

32 1.26343

33 1.41674

34 1.60264

35 1.68336

36 1.74931

37 1.74975

38 1.75435

39 1.74402

40 1.86299

41 1.97186

42 1.96882

43 2.01734

44 2.1542

45 2.03466

46 2.23678

47 2.20691

48 2.25979

49 2.39335

50 2.4119

51 1.36797

52 1.4364

53 1.45784

54 1.72884

55 1.83305

56 2.08198

57 2.01835

58 1.91988

59 1.94952

60 1.91491

61 1.9396

62 1.96818

63 1.81771

64 1.9717

65 2.0493

66 2.50362

67 2.79208

68 2.66772

69 2.53269

70 2.41159

