5 -0.0438208

6 0.227223

7 0.68529

8 0.709452

9 0.625104

10 0.722889

11 0.574906

12 0.720732

13 1.49438

14 1.54016

15 1.60404

16 1.63057

17 1.50756

18 1.70019

19 1.72462

20 1.80495

21 2.03365

22 1.29432

23 1.14124

24 0.676803

25 0.966903

26 1.92463

27 1.89641

28 1.93049

29 1.95289

30 1.27101

31 1.46242

32 2.21632

33 2.17281

34 2.15112

35 2.14531

36 3.45244

37 3.5508

38 3.59919

39 3.59484

40 3.24833

41 3.25252

42 3.09965

43 3.32209

44 4.14956

45 4.24916

46 3.49165

47 3.80034

48 4.61241

49 4.54127

50 4.46838

