5 -0.235832

6 -0.235534

7 -0.135632

8 -0.0256685

9 -0.000892412

10 0.080347

11 0.0766212

12 -0.431867

13 -0.573497

14 -0.61021

15 -0.609432

16 -0.858113

17 -0.89142

18 -0.873159

19 -0.802828

20 -1.36554

21 -1.31644

22 -1.78752

23 -1.59014

24 -1.70964

25 -1.83978

26 -1.87103

27 -1.86474

28 -1.87416

29 -1.85095

30 -2.01617

31 -1.95797

32 -1.78803

33 -1.71332

34 -1.78551

35 -1.82012

36 -2.72638

37 -2.63386

38 -2.11561

39 -2.04211

40 -2.07786

41 -2.21703

42 -2.37874

43 -2.52169

44 -2.68467

45 -2.68561

46 -2.53754

47 -2.4988

48 -3.91232

49 -3.83036

50 -3.44655

51 -3.55914

52 -4.39536

53 -4.40469

