5 -0.0898762

6 -0.197522

7 -0.272532

8 -0.313851

9 -0.726584

10 -0.431685

11 -0.450337

12 -0.449365

13 -0.894228

14 -0.978132

15 -0.925152

16 -0.959266

17 -0.979073

18 -1.05764

19 -0.965962

20 -1.11148

21 -0.0940761

22 -0.0297382

23 0.0546174

24 1.38065

25 1.31259

26 1.36624

27 1.24363

28 0.799396

29 0.908437

30 1.10466

31 1.06406

32 1.33919

33 1.43296

34 1.46214

35 1.46359

36 1.39431

37 1.37894

38 0.975956

39 1.15592

40 1.10766

41 1.25888

42 0.298122

43 0.475263

44 0.703226

45 0.724679

46 0.631504

47 0.658376

48 0.218103

49 0.578795

50 0.667949

51 0.534435

52 -0.0494653

53 -0.276412

