6 0.0115626

7 0.0444484

8 0.0572957

9 0.0623563

10 -0.00741135

11 -0.024947

12 0.0409017

13 0.0502055

14 -0.175489

15 -0.212976

16 -0.0646249

17 -0.0474724

18 -0.0057103

19 0.019618

20 0.0789802

21 -0.0155514

22 -0.0155395

23 -0.00086805

24 0.00939969

25 0.0493219

26 0.0460173

27 0.0212408

28 -0.274575

29 -0.588468

30 -0.516877

31 -0.585661

32 -0.591136

33 -0.561893

34 -0.70922

35 -0.678891

36 -0.673133

37 -0.680434

38 -0.675336

39 -0.679108

40 -0.81281

41 -0.833814

42 -0.66676

43 -0.575625

44 -0.68567

45 -0.754983

46 -1.08681

47 -1.11769

48 -1.12292

49 -1.20744

50 -1.14254

51 -1.11708

52 -1.18038

53 -1.09516

54 -1.0646

55 -1.41414

56 -1.45404

57 -1.54928

58 -1.52917

59 -1.47708

60 -1.59703

61 -1.72286

62 -1.72133

63 -1.79534

64 -1.74281

65 -1.87759

66 -1.91674

67 -2.02958

68 -1.91858

69 -1.99346

70 -2.00284

71 -1.90488

72 -1.8893

73 -1.76368

74 -1.88544

75 -1.97498

76 -1.71682

77 -1.60553

78 -1.5667

79 -1.62519

80 -1.5909

81 -1.34963

82 -1.25811

