6 0.0260029

7 0.0637822

8 0.0742048

9 0.0661394

10 0.0780188

11 0.0727552

12 0.0127884

13 -0.00198802

14 0.0841197

15 0.0892799

16 -0.123834

17 -0.0510282

18 0.0741208

19 0.138268

20 0.113229

21 0.0533835

22 0.119241

23 0.197651

24 0.187325

25 0.184485

26 0.197562

27 0.206548

28 0.159746

29 0.0760043

30 0.115481

31 0.0954507

32 -0.361146

33 -0.28975

34 -0.345493

35 -0.317161

36 -0.323318

37 -0.237841

38 -0.409774

39 -0.409861

40 -0.408061

41 -0.410594

42 -0.423297

43 -0.461969

44 -0.394352

45 -0.180713

46 -0.122992

47 -0.184805

48 -0.116214

49 0.14345

50 0.182341

51 0.226867

52 0.248073

53 0.348935

54 0.165797

55 -0.274411

56 -0.316431

57 -0.328511

58 -0.416913

59 -0.339608

60 -0.295721

61 -0.343953

62 -0.257426

63 -0.248507

64 -0.645514

65 -0.698318

66 -0.71751

67 -0.82996

68 -1.20356

69 -1.13947

70 -0.99752

71 -1.13337

72 -1.17652

73 -1.11428

74 -0.852603

75 -0.740521

76 -0.72979

77 -0.746853

78 -0.805968

79 -0.80096

80 -0.850399

81 -0.882198

82 -0.906811

83 -0.898142

84 -0.912093

85 -0.93838

86 -0.932599

87 -0.953939

88 -0.769905

89 -0.580253

90 -0.522255

91 -0.486166

92 -0.464919

93 -0.583066

94 -1.07734

95 -0.984274

96 -0.970747

97 -0.956429

98 -0.952014

99 -0.894658

100 -0.876034

101 -0.836646

102 -0.911614

103 -0.974075

104 -0.945531

105 -0.839814

106 -0.850465

107 -0.833748

108 -0.803932

109 -0.741613

110 -0.700153

111 -0.708032

112 -0.773026

113 -0.814519

114 -0.845356

115 -0.905916

116 -0.974831

117 -1.00992

118 -0.845151

119 -0.97291

120 -0.973942

121 0.072893

122 -0.0488379

123 -0.0717557

124 0.00350033

125 0.0575704

126 0.0323845

127 0.121811

128 0.275215

129 0.266346

130 0.275548

131 0.105741

132 0.089371

133 0.199795

134 0.334784

135 0.159304

136 0.0537923

137 -0.127649

138 0.00724466

139 0.0485975

