6 -0.0604805

7 -0.047241

8 -0.0670584

9 -0.0393632

10 -0.309698

11 -0.308795

12 -0.16887

13 -0.199944

14 -0.0862665

15 0.211223

16 0.208648

17 0.264762

18 0.300259

19 0.33269

20 0.240091

21 -0.901599

22 -1.06982

23 -1.15097

24 -1.215

25 -1.27476

26 -1.22193

27 -1.28654

28 -1.11036

29 -0.692086

30 -0.52452

31 -0.425885

32 -0.279174

33 -0.16287

34 -0.129499

35 0.000887354

36 0.213898

37 0.296566

38 0.364775

39 0.238551

40 0.40576

41 0.416745

42 0.431174

43 0.582333

44 0.700109

45 0.670088

46 0.644921

47 0.678676

48 0.479338

49 0.466146

50 0.593926

51 0.587458

52 0.712548

53 0.724212

54 0.8013

55 0.948955

56 0.986673

57 0.960185

58 0.993273

59 1.00943

60 1.13436

61 1.08278

62 0.0723186

63 0.0433205

64 -0.045517

65 -0.109114

66 -0.0074434

67 -0.308506

68 -0.120679

69 0.226459

70 0.336384

