6 -0.0169832

7 0.0796872

8 0.00062246

9 -0.238856

10 -0.243458

11 -0.0705872

12 -0.909299

13 -0.957927

14 -1.02206

15 -1.04375

16 -1.02485

17 -1.09153

18 -1.11165

19 -1.1456

20 -1.13767

21 -1.03499

22 -1.243

23 -1.33356

24 -1.38153

25 -1.32164

26 -1.37867

27 -1.40217

28 -1.4383

29 -1.46467

30 -1.35849

31 -1.50074

32 -1.54372

33 -4.0591

34 -4.1233

35 -4.1156

36 -4.09384

37 -4.51773

38 -4.52582

39 -4.48541

40 -4.44853

41 -4.33385

42 -4.19157

43 -4.13945

44 -4.13146

45 -4.04461

46 -3.98651

47 -4.02667

48 -4.23266

49 -4.17321

50 -4.25987

51 -4.48699

52 -4.47324

53 -4.26878

54 -4.27802

55 -4.21946

56 -4.65797

57 -5.03899

58 -4.8271

59 -4.83375

60 -4.67899

61 -4.72244

62 -4.65034

63 -4.76458

64 -4.7271

65 -4.73579

66 -4.67725

67 -4.66936

68 -4.66631

69 -4.67853

70 -4.62099

71 -4.62228

72 -4.62078

73 -4.64896

74 -4.59633

75 -4.86293

76 -4.95468

77 -5.12782

78 -5.19644

79 -5.28227

80 -5.29356

81 -5.26522

82 -5.2709

83 -6.19883

84 -6.23614

85 -6.44018

86 -6.42445

87 -6.31426

88 -6.07413

89 -6.03317

90 -6.03982

91 -6.03857

92 -6.00253

93 -6.17814

94 -6.36659

95 -6.4933

96 -6.53361

97 -6.45658

98 -6.48485

99 -6.49884

100 -6.5677

101 -6.55098

102 -6.43697

103 -6.35648

104 -6.40085

105 -6.46156

106 -7.37429

107 -7.55941

108 -7.52729

109 -7.39536

110 -7.41718

111 -7.26551

112 -7.17857

113 -7.26016

114 -7.23486

115 -7.22484

116 -7.08193

117 -7.17562

118 -7.02811

119 -7.04273

120 -6.96915

121 -6.94602

122 -6.93015

123 -6.87677

