6 -0.259609

7 -0.253245

8 -0.233571

9 -0.248507

10 -0.140742

11 -0.589294

12 -0.610732

13 -0.612177

14 -0.617216

15 -0.871439

16 -1.00418

17 -0.873698

18 -0.917085

19 -0.977903

20 -0.961044

21 -0.941597

22 -0.922555

23 -1.10036

24 -1.05517

25 -1.85919

26 -1.90629

27 -1.87669

28 -1.86031

29 -1.81952

30 -1.7114

31 -1.60688

32 -1.56543

33 -1.52965

34 -1.49598

35 -1.39445

36 -1.3753

37 -1.52776

38 -1.44529

39 -1.38431

40 -1.46131

41 -1.44227

42 -1.46585

43 -1.79585

44 -1.91169

