5 0.0303076

6 0.0183443

7 -0.165659

8 -0.139819

9 -0.223753

10 -0.383328

11 -0.322085

12 0.0612965

13 -0.55771

14 -0.686485

15 -0.628838

16 -0.787087

17 -0.92538

18 -0.899965

19 -0.978947

20 -0.675136

21 0.260905

22 0.112638

23 0.209238

24 0.161453

25 0.279698

26 0.190847

27 0.111452

28 0.135332

29 0.209288

30 0.30199

31 0.458167

32 0.515084

33 0.43115

34 0.308106

35 -0.363399

36 -0.130173

37 0.158172

38 0.135934

39 0.26891

40 0.280043

41 0.110585

42 0.20984

