5 0.0109097

6 0.00422835

7 -0.273081

8 -0.566407

9 -0.617931

10 -0.682893

11 -0.847767

12 -1.10451

13 -0.95056

14 -1.01815

15 -1.10385

16 -1.20803

17 -1.49005

18 -1.76146

19 -1.70755

20 -1.70111

21 -1.16751

22 -1.10192

23 -2.7386

24 -3.18948

25 -3.31485

26 -3.32127

27 -3.40124

28 -3.76383

29 -3.85764

30 -3.85433

31 -3.99996

32 -3.37069

33 -3.22153

34 -3.24227

35 -4.11853

36 -4.0909

37 -4.07335

38 -4.08213

39 -4.02541

40 -4.12668

41 -4.7046

42 -4.73543

43 -4.77057

44 -4.66108

45 -4.62748

