6 0.00417855

7 -0.0489831

8 -0.135054

9 -0.189699

10 -0.370823

11 -0.473321

12 -0.561558

13 -0.606462

14 -0.651229

15 -0.660168

16 -0.709264

17 -0.655632

18 -0.724402

19 -0.773709

20 -0.751754

21 -0.718729

22 -0.712239

23 -0.68227

24 -0.513272

25 -0.57798

26 -0.464379

27 -0.466253

28 -0.480795

29 -0.624166

30 -0.743382

31 -0.875528

32 -0.899578

33 -0.982036

34 -1.31083

35 -1.33972

36 -1.288

37 -1.39473

38 -1.3875

39 -1.51102

40 -1.52818

41 -1.54482

42 -1.65272

43 -1.49582

44 -1.3199

45 -1.4902

46 -1.49904

47 -1.47117

48 -1.57449

49 -1.49402

50 -1.43677

51 -1.4455

52 -1.49297

53 -1.532

54 -1.46811

55 -1.57824

56 -1.75974

57 -1.74063

58 -1.78757

59 -1.78394

60 -1.73899

61 -1.67647

62 -1.52674

63 -1.37445

64 -1.39634

65 -1.34828

66 -1.22582

67 -1.26506

68 -1.24138

69 -1.29483

70 -1.1672

71 -1.35527

72 -1.58524

73 -1.63044

74 -1.73779

75 -1.75139

76 -1.75593

77 -1.78766

78 -1.87514

79 -1.80624

80 -1.99816

81 -1.9673

82 -1.77234

83 -1.77404

84 -1.74373

85 -1.79177

86 -1.72441

87 -1.63929

88 -1.52157

89 -1.35563

90 -1.29843

91 -1.22884

