6 0.11081

7 0.0524433

8 0.00808996

9 0.0256178

10 0.043829

11 0.0599754

12 0.0721537

13 0.135052

14 0.231874

15 0.113404

16 0.220785

17 0.146107

18 0.216194

19 0.144788

20 0.865855

21 0.894572

22 1.05172

23 1.06094

24 1.12523

25 1.12288

26 1.00623

27 0.870273

28 0.870548

29 0.903629

30 0.895091

31 0.882982

32 0.888162

33 0.808109

34 0.851327

35 1.10653

36 0.826885

37 0.80057

38 0.780087

39 0.827558

40 0.828566

41 0.728835

42 0.722133

43 1.79707

44 1.78924

45 1.88483

46 1.76838

47 1.93542

48 1.90769

49 1.82773

50 1.57706

51 1.5293

52 1.60433

53 1.5987

54 1.20588

55 1.12032

56 1.12762

57 1.13019

