6 -0.0417593

7 0.047401

8 0.108631

9 0.130162

10 0.18455

11 0.0501456

12 0.0422304

13 0.102469

14 0.0649266

15 0.0807757

16 0.136222

17 0.0779215

18 0.109865

19 0.42837

20 0.607329

21 0.744464

22 0.712334

23 0.682583

24 0.711883

25 0.782281

26 0.845746

27 0.836375

28 0.951078

29 1.42205

30 1.44985

31 1.57059

32 1.67372

33 1.67158

34 1.73526

35 1.92012

36 1.95047

37 1.86792

38 1.88857

39 1.88692

40 1.80176

41 1.86623

42 2.11576

43 1.76

44 1.72079

45 1.69241

46 1.754

47 1.75841

48 1.63788

49 1.63017

50 2.76665

51 2.77549

52 2.82092

53 2.82367

54 2.84583

55 2.65641

56 2.7922

57 2.22584

58 2.11416

59 2.17228

60 2.00037

61 2.00751

62 1.92383

63 1.91085

64 1.79809

65 1.69944

66 1.58553

67 1.5661

