5 -0.0160342

6 -0.0223164

7 -0.247649

8 -0.123073

9 -0.150503

10 -0.088346

11 -0.0610725

12 -0.0710765

13 -0.542217

14 -0.521164

15 -0.529552

16 -0.542167

17 -0.593614

18 -0.711424

19 -0.452958

20 -0.563159

21 -0.657123

22 -1.06392

23 -1.1092

24 -1.14659

25 -1.19399

26 -1.5449

27 -1.49028

28 -1.86747

29 -1.85867

30 -1.42032

31 -1.295

32 -1.30284

33 -1.35746

34 -1.38131

35 -1.40359

36 -1.39715

37 -1.38031

38 -1.36447

39 -1.70659

40 -1.48014

41 -1.31777

42 -1.28077

43 -1.42532

44 -1.37936

45 -1.53346

46 -1.3516

47 -1.35818

48 -1.43188

49 -1.22894

50 -0.469332

51 -0.372706

52 -0.368553

53 -0.552888

54 -0.301597

55 -0.37113

56 -0.612028

