6 -0.0265109

7 -0.048347

8 -0.0922157

9 -0.117396

10 -0.117188

11 -0.11803

12 -0.180521

13 -0.202478

14 -0.149091

15 -0.119217

16 -0.171894

17 -0.0581671

18 -0.0794542

19 -0.109498

20 -0.130271

21 -0.185971

22 -0.221603

23 -0.212168

24 -0.158691

25 -0.190972

26 -0.229027

27 -0.247756

28 -0.228637

29 -0.214185

30 -0.249243

31 -0.30546

32 -0.246206

33 -0.293198

34 -0.575087

35 -0.726913

36 -0.77751

37 -0.968615

38 -1.01952

39 -1.03719

40 -0.988433

41 -1.04577

42 -1.0817

43 -1.10345

44 -1.09757

45 -1.0205

46 -0.983599

47 -1.08306

48 -1.06067

49 -0.65714

50 -0.649223

51 -0.800892

52 -0.880073

53 -1.27435

54 -1.264

55 -1.32669

56 -1.46477

57 -1.37029

58 -1.33344

59 -1.39253

60 -1.31643

61 -1.34194

62 -1.58143

63 -1.64586

64 -1.596

65 -1.69383

66 -1.83522

67 -2.03118

68 -1.90601

69 -2.05749

70 -2.27258

71 -1.84607

72 -1.66308

73 -1.60444

74 -1.56346

75 -1.57924

76 -1.64334

77 -1.63554

78 -1.66009

79 -1.69721

80 -1.69306

81 -1.68559

82 -1.69829

83 -1.75499

84 -1.7964

85 -1.82744

86 -1.84538

87 -1.74237

88 -1.82338

89 -2.06761

90 -1.87645

91 -1.851

92 -1.86205

93 -1.89101

94 -1.84483

95 -1.8264

96 -1.79051

97 -1.8116

98 -2.035

99 -2.05342

100 -2.29779

101 -2.30575

102 -2.34407

103 -2.43474

104 -2.37986

105 -2.22951

106 -2.25988

107 -2.30695

108 -2.38766

109 -2.51121

110 -2.61616

111 -2.69844

112 -2.65951

113 -2.46089

114 -2.50265

115 -2.47434

116 -3.42607

117 -3.54597

118 -3.51293

119 -3.51607

120 -3.44128

121 -3.37303

122 -3.43827

123 -3.6149

124 -3.62378

125 -3.62061

126 -3.5536

127 -3.39099

128 -3.22184

129 -3.26453

130 -3.37193

131 -3.59986

132 -3.63365

133 -3.70376

