6 0.180796

7 0.172746

8 0.183293

9 0.189792

10 0.192976

11 0.191036

12 0.0987323

13 -0.478245

14 -0.468156

15 -0.388115

16 -0.320205

17 -0.33635

18 -0.199253

19 -0.0447604

20 -0.0403064

21 -0.00780918

22 -0.0320332

23 -0.29024

24 -0.437504

25 -0.480574

26 -0.506295

27 -0.450201

28 -0.397155

29 -0.452217

30 -0.311868

31 -0.288428

32 -0.320126

33 -0.218689

34 -0.268777

35 -0.220269

36 -0.129394

37 -0.177954

38 -0.189925

39 -0.0872991

40 -0.0721366

41 -0.158536

42 -0.118497

43 -0.124743

44 -0.0387003

45 0.0504723

46 0.0476227

47 0.0110415

48 0.0243984

49 -0.538269

50 -0.576897

51 -0.637949

52 -0.645405

53 -0.536217

54 -0.443365

55 -0.439122

56 -0.477414

57 -0.40675

58 -0.556388

59 -0.620478

60 -0.6901

61 -0.682196

62 -0.697144

63 -0.903504

