6 -0.0321374

7 0.00144234

8 0.0786416

9 0.14053

10 0.0993431

11 0.159594

12 0.247186

13 0.266815

14 0.406886

15 0.703962

16 0.662497

17 0.763599

18 0.829748

19 0.920868

20 0.926539

21 0.982975

22 1.31183

23 1.33079

24 1.39344

25 1.38531

26 1.46776

27 1.45143

28 1.31315

29 1.21234

30 1.25726

31 1.13439

32 1.15036

33 1.9458

34 2.04016

35 2.14023

36 2.11337

37 2.12722

38 2.19828

39 2.22515

40 2.29996

41 2.31614

42 2.41298

43 2.50626

44 2.43166

45 2.48954

46 2.45588

47 1.45544

48 1.51674

49 1.55312

50 1.73279

51 1.84806

52 2.33198

53 2.2256

54 2.15252

55 2.03857

56 2.02812

57 1.94377

58 2.01645

59 1.98203

60 2.03539

61 1.95137

62 2.19365

63 2.28056

64 2.55119

65 2.59969

