6 -0.0994598

7 -0.104272

8 -0.0373497

9 0.0215495

10 0.0897335

11 0.0785471

12 0.00545576

13 0.00363755

14 -0.00836674

15 -0.485441

16 -0.444424

17 -0.470653

18 -0.459482

19 -0.343323

20 -0.0315889

21 0.102161

22 0.215333

23 0.282718

24 0.471574

25 0.520455

26 0.615153

27 0.552145

28 0.620781

29 0.879957

30 0.911728

31 0.839635

32 0.575903

33 0.242473

34 0.167785

35 0.220608

36 0.408337

37 0.387365

38 0.418702

39 0.413936

40 0.436167

41 0.462028

42 0.415858

43 0.395071

44 0.404405

45 0.373452

46 0.344713

47 0.333354

48 0.337818

49 0.267018

50 0.287399

51 0.354397

52 0.33568

53 0.381338

54 0.441247

55 0.440335

56 0.354075

57 0.34846

58 0.37617

59 0.434514

60 0.398097

61 0.483387

62 0.380873

63 0.335475

64 0.299161

65 0.244245

66 0.353587

67 0.391652

68 0.438883

69 0.620217

70 1.34416

71 1.49272

72 1.55388

