6 -0.0990787

7 -0.0193404

8 -0.0831548

9 0.00757145

10 0.0417729

11 0.077276

12 -0.0258331

13 -0.0538412

14 -0.26586

15 -0.268191

16 -0.402043

17 -0.438973

18 -0.472536

19 -0.48746

20 -0.536135

21 -0.574178

22 -0.557218

23 -0.560027

24 -0.746719

25 -0.588148

26 -0.570192

27 -0.557022

28 -0.457123

29 -0.423148

30 -0.393394

31 -0.536488

32 -0.399301

33 -0.511606

34 -0.473577

35 -0.401633

36 -0.349988

37 -0.288308

38 -0.20498

39 -0.156695

40 -0.451054

41 -0.447578

42 -0.96112

43 -1.00209

44 -0.971074

45 -0.950274

46 -0.927561

47 -0.959328

48 -0.869238

49 -0.852256

50 -0.808307

51 -0.664076

52 -0.884492

53 -1.12824

54 -1.4869

55 -1.53193

56 -1.45794

57 -1.4128

58 -1.29658

59 -1.26932

60 -1.35384

61 -1.29564

62 -1.34002

63 -1.5906

64 -1.55486

65 -1.6846

66 -1.52808

67 -1.56808

68 -1.45862

69 -1.28668

70 -0.863666

71 -0.83382

72 -0.704413

73 -0.648228

74 -0.508026

75 -0.58156

76 -0.658557

77 -0.854177

78 -0.9094

79 -0.170272

80 -0.136255

81 -0.191072

82 -0.274052

83 -0.322233

84 -0.325067

85 -0.339366

86 -0.288865

87 -0.540521

88 -0.638378

89 -0.803237

90 -0.728398

