6 -0.0175439

7 -0.055742

8 -0.0980027

9 -0.108758

10 -0.108865

11 -0.114316

12 -0.178499

13 -0.191462

14 -0.11

15 -0.0868793

16 -0.30789

17 -0.275744

18 -0.146495

19 -0.0877469

20 -0.122377

21 -0.209688

22 -0.16556

23 -0.0922559

24 -0.121018

25 -0.128371

26 -0.10795

27 -0.0913316

28 -0.132283

29 -0.201017

30 -0.130025

31 -0.122919

32 -0.354745

33 -0.613532

34 -0.575144

35 -0.735788

36 -0.617124

37 -0.539256

38 -0.452679

39 -0.587748

40 -0.566019

41 -0.569643

42 -0.573921

43 -0.563768

44 -0.588122

45 -0.528119

46 -0.325378

47 -0.22641

48 -0.204774

49 -0.178582

50 0.101709

51 0.119255

52 0.0660765

53 0.0614471

54 -0.139719

55 -0.675568

56 -0.728118

57 -0.745778

58 -0.85811

59 -0.777372

60 -0.734762

61 -0.80416

62 -0.71314

63 -0.696085

64 -0.947989

65 -1.10905

66 -1.17287

67 -1.18234

68 -1.23147

69 -1.34672

70 -1.54622

71 -1.5523

72 -1.4544

73 -1.49988

74 -1.35032

75 -1.49234

76 -1.67758

77 -1.50168

78 -1.25527

79 -1.17858

80 -1.17873

81 -1.14625

82 -1.1105

83 -1.13355

84 -1.08174

85 -1.07914

86 -1.08051

87 -1.03669

88 -1.03989

89 -1.28852

90 -1.27927

91 -1.17851

92 -1.1813

