6 -0.0616969

7 -0.055224

8 0.000560811

9 0.0981114

10 0.181347

11 0.187059

12 0.162239

13 0.204161

14 0.242568

15 0.243436

16 0.161174

17 0.115958

18 0.160357

19 0.18206

20 -0.0378775

21 -0.165788

22 -0.290196

23 -0.364968

24 -0.245495

25 -0.392564

26 -0.174446

27 0.020408

28 0.268714

29 0.320651

30 0.190071

31 0.161866

32 0.483805

33 0.519013

34 0.531268

35 0.579213

36 0.623299

37 0.795853

38 0.61551

39 -0.0518672

40 -0.148808

41 -0.177954

42 0.00876444

43 0.232444

44 0.220599

45 0.337891

46 0.449104

47 0.453054

48 0.466705

49 0.46625

50 0.512345

51 0.440698

52 0.4089

53 0.440154

54 0.538792

55 0.449116

56 0.471674

57 0.420595

58 0.422634

59 0.373679

60 0.37026

61 0.345756

62 0.340852

63 0.321248

64 0.414319

65 0.469508

66 0.446791

67 0.285241

68 0.23626

69 -0.0510851

70 -0.186368

71 -0.546535

72 -1.00061

73 -0.95123

74 -0.934135

75 -0.896863

76 -0.681661

77 -0.65962

78 -0.716761

79 -0.542399

80 -0.116052

81 -0.155717

82 -0.411293

83 0.115428

84 0.0696837

85 0.130794

86 -0.0707488

87 0.105834

88 -0.0435009

89 0.741887

90 0.821487

91 0.610246

92 0.702021

93 0.781411

94 0.690809

95 0.884314

96 0.986009

97 1.03989

98 0.738407

99 0.823578

100 0.750844

101 0.769658

102 1.68939

103 1.74949

104 1.72564

105 1.63048

106 1.66482

107 1.51979

108 1.7014

109 1.66289

110 1.67449

111 1.8384

112 1.82756

113 1.80489

114 1.85719

115 1.62284

116 1.64062

117 1.40067

118 1.17247

119 1.59474

120 1.77561

121 1.80842

122 2.49661

123 2.59702

124 2.73012

125 2.84154

126 2.88394

127 2.85941

128 2.76097

129 2.77146

130 2.6763

131 2.48162

132 2.34467

133 2.21539

134 2.27769

135 1.7219

136 1.64618

137 1.5611

138 1.38203

139 1.33956

140 1.41588

141 1.48714

142 1.53072

143 1.53802

144 1.42017

145 1.94719

146 1.99974

147 1.96524

148 2.01771

149 2.10409

150 2.09494

151 1.92369

152 1.8667

153 1.79756

154 2.00522

155 2.11158

156 1.97483

157 2.10078

158 2.24136

159 2.45615

160 2.4113

