5 -0.0644743

6 -0.0709605

7 -0.417796

8 -0.0166269

9 0.0752691

10 0.0547892

11 -0.129109

12 -0.187942

13 -0.234079

14 -0.119935

15 0.136954

16 -0.0322442

17 -0.274458

18 -0.286702

19 -0.326416

20 -0.324525

21 -0.944607

22 -0.534025

23 -0.561555

24 -0.768349

25 -0.223012

26 -0.140657

27 -0.132823

28 -0.180038

29 -0.164508

30 -0.18514

31 -0.16578

32 -0.142242

33 -0.0248042

34 0.0966575

35 0.182649

36 0.20031

37 -0.0701078

38 -0.268496

39 -0.136077

40 -0.034091

41 0.819762

42 0.917275

43 0.962249

44 0.768919

45 0.943575

46 0.994519

