6 -0.0550552

7 -0.0964764

8 -0.0855439

9 -0.0756405

10 -0.0463183

11 -0.06587

12 -0.132935

13 -0.16158

14 -0.185717

15 -0.265196

16 -0.217279

17 -0.062194

18 0.0142192

19 0.040437

20 0.0513817

21 0.0782677

22 0.0183678

23 0.0875016

24 0.263515

25 0.290201

26 0.25529

27 -0.0572356

28 -0.033918

29 -0.239357

30 -0.335688

31 -0.348527

32 -0.40177

33 -0.380267

34 -0.408605

35 -0.422018

36 -0.330725

37 -0.610633

38 -0.84145

39 -0.764516

40 -0.688179

41 -0.709362

42 -0.746887

43 -0.764876

44 -0.732113

45 -0.592511

46 0.0287517

47 0.0382435

48 0.118069

49 0.102181

50 -0.0489863

51 0.0272554

52 0.0922218

53 0.119179

54 0.0472947

55 0.0376856

56 0.0508773

57 -0.0554413

58 -0.0399716

59 -0.0155212

60 -0.0647526

61 -0.00802255

62 0.118393

63 0.294618

64 0.314997

65 0.168426

66 0.147252

67 0.00290209

68 -0.0509658

69 -0.13392

70 -0.164573

71 -0.109833

72 -0.101574

73 -0.317738

74 -0.234665

75 -0.210461

76 -0.252031

77 -0.205547

78 -0.0450987

79 0.219786

80 0.146219

81 0.30548

82 0.491561

83 0.605894

84 0.501358

85 0.424139

86 0.377024

87 0.403621

88 0.44721

89 0.563805

90 0.451149

91 0.319297

92 0.269445

93 0.313148

94 0.251499

95 0.249902

96 0.128622

97 0.173673

98 0.230713

99 0.210708

100 0.135103

101 0.162266

102 0.0665045

103 0.102353

104 0.118878

105 0.14195

106 -0.018152

107 0.0588367

108 0.0273153

109 -0.0799614

110 -1.01738

111 -1.14178

112 -1.01876

113 -0.895842

114 -0.730314

115 -0.755272

116 -0.480635

117 -0.523138

118 -0.566594

119 -0.71663

120 -1.37254

121 -1.3845

122 -1.45421

123 -1.55532

124 -1.4933

125 -1.43268

126 -1.44005

127 -1.40371

128 -1.5856

129 -2.05555

130 -2.09183

131 -1.92639

132 -1.8906

133 -1.7716

134 -1.84506

135 -1.75088

136 -2.76019

