6 0.0301094

7 0.0227694

8 0.0736412

9 0.163487

10 0.309797

11 0.311076

12 0.358792

13 0.42193

14 0.438799

15 0.409425

16 0.465307

17 0.567696

18 0.61439

19 0.517608

20 0.544196

21 0.276284

22 0.161308

23 0.0456099

24 -0.0648378

25 0.0517009

26 -0.0589468

27 0.122472

28 -0.0977123

29 -0.241955

30 -0.362828

31 -0.463683

32 -0.533909

33 -0.566512

34 -0.519932

35 -0.542806

36 -0.597433

37 -0.726834

38 -0.697613

39 -0.564677

40 -0.613787

41 -0.635205

42 -0.533533

43 -0.508728

44 -0.591326

45 -0.682777

46 -0.37668

47 -0.379953

48 -0.30861

49 -0.328503

50 -0.834392

51 -0.811762

52 -0.695199

53 -0.691902

54 -0.787441

55 -0.764035

56 -0.731951

57 -0.660597

58 -0.75403

59 -0.886703

60 -0.717655

61 -0.679889

62 -0.792168

