6 0.0121801

7 0.0210435

8 0.0374801

9 0.0654078

10 -0.00982185

11 0.0132223

12 -0.0722473

13 -0.0209158

14 -0.0134041

15 0.0850538

16 0.0943933

17 0.0680115

18 0.0809016

19 -0.265511

20 -0.417002

21 -0.522831

22 -0.395927

23 -0.398553

24 -0.507651

25 -0.530991

26 -0.739886

27 -0.710731

28 -0.771781

29 -0.841432

30 -0.838854

31 -0.757647

32 -0.787016

33 -0.811063

34 -0.816816

35 -0.892644

36 -0.909284

37 -1.60971

38 -1.68151

39 -1.65192

40 -1.74526

41 -1.14546

42 -1.05751

43 -1.13494

44 -1.2007

45 -1.07165

46 -0.824438

47 -0.798509

48 -0.791341

49 -0.937873

50 -2.13545

51 -2.26354

52 -2.38012

53 -2.4987

54 -2.53185

55 -2.69848

56 -2.87933

57 -3.38527

58 -3.46265

