6 -0.0313681

7 -0.0756446

8 -0.0981298

9 -0.0892815

10 -0.140981

11 -0.187423

12 -0.1409

13 -0.123085

14 -0.258406

15 -0.278092

16 -0.260215

17 -0.227829

18 -0.254323

19 -0.196711

20 -0.132976

21 -0.203881

22 -0.234156

23 -0.21242

24 -0.187243

25 -0.16729

26 -0.202053

27 -0.262868

28 -0.204783

29 -0.239864

30 -0.51227

31 -0.661634

32 -0.65052

33 -0.712178

34 -0.755139

35 -0.880222

36 -0.863516

37 -0.929553

38 -0.943264

39 -0.952474

40 -0.941553

41 -0.837274

42 -0.804666

43 -0.910842

44 -0.87025

45 -0.537475

46 -0.514045

47 -0.672034

48 -0.797259

49 -1.2585

50 -1.28373

51 -1.29829

52 -1.40663

53 -1.3304

54 -1.29189

55 -1.36344

56 -1.27818

57 -1.27948

58 -1.61855

59 -1.61288

60 -1.70687

61 -1.78176

62 -1.68685

63 -1.83691

64 -1.84067

65 -1.84551

66 -2.04632

67 -2.11277

68 -1.96392

69 -2.14947

70 -2.37119

71 -1.8592

72 -1.74904

73 -1.74184

74 -1.66814

75 -1.66649

76 -1.7181

77 -1.70979

78 -1.73141

79 -1.78623

80 -1.79435

81 -1.78788

82 -1.80174

83 -1.85548

84 -1.90054

85 -1.92844

86 -1.94674

87 -1.83581

88 -1.92885

89 -1.86642

90 -2.15364

91 -2.00622

92 -1.99281

93 -2.01507

94 -2.02452

95 -1.98388

96 -1.99053

97 -1.97807

98 -2.0276

99 -2.18415

100 -2.41846

101 -2.41945

102 -2.47316

103 -2.49128

104 -2.44014

105 -2.38494

106 -2.35841

107 -2.30807

108 -2.43486

109 -2.49412

110 -2.53755

111 -2.60624

112 -2.65084

113 -2.7416

114 -2.588

115 -2.72932

116 -2.775

117 -3.55291

118 -3.61395

119 -3.74209

120 -3.7464

121 -3.72184

122 -3.68268

123 -3.7464

124 -3.83145

125 -4.06025

126 -4.09223

127 -4.04985

128 -4.12836

129 -4.29937

130 -4.27137

131 -4.26203

