5 0.0259454

6 -0.458057

7 -0.45571

8 -0.819547

9 -0.814534

10 -0.820677

11 -0.941898

12 -0.991446

13 -0.431687

14 -0.249293

15 -0.503171

16 -0.153578

17 0.0652265

18 -0.714074

19 -0.736647

20 -0.728588

21 -0.735637

22 -1.3536

23 0.391464

24 0.384481

25 0.14495

26 0.148968

27 -0.290283

28 -0.295658

29 -0.604836

30 -0.434342

31 -0.406074

32 -0.461556

33 0.0916099

34 0.261084

35 0.290609

36 0.949371

37 1.01798

38 -0.532242

39 -0.281375

40 0.177963

41 0.298942

42 -0.861979

