6 0.00128192

7 0.0317608

8 0.0831051

9 0.0670979

10 -0.122645

11 -0.0982053

12 -0.0192812

13 0.045172

14 0.145241

15 -0.102732

16 -0.123507

17 -0.242297

18 -0.228608

19 -0.206788

20 -0.307462

21 -0.286503

22 -0.316938

23 -0.373232

24 -0.371328

25 0.0367089

26 -0.00504325

27 0.0687395

28 0.0776131

29 0.0218527

30 0.0302081

31 -0.271611

32 -0.335514

33 -0.432801

34 -0.399976

35 0.153732

36 0.211874

37 0.298853

38 0.292143

39 0.203345

40 0.288378

41 0.326578

42 0.357445

43 0.258107

44 0.316993

45 0.255265

46 0.361684

47 0.359473

48 0.296727

49 0.224179

50 0.256355

51 0.310981

52 0.26262

53 0.308944

54 0.247453

55 0.25669

56 0.16338

57 0.172914

58 0.155865

59 0.125631

60 0.100774

61 0.0629237

62 0.0621931

63 0.0220747

64 0.0041604

65 -0.0580073

66 0.0969732

67 0.197283

68 0.35008

69 0.360428

70 0.448685

71 0.537714

72 0.449656

73 0.590872

74 0.538754

75 0.63645

76 0.673799

77 0.6919

78 0.709084

79 0.640694

80 0.634414

81 0.461637

82 0.184694

83 0.211146

84 0.218176

85 0.795735

86 1.04922

