6 0.0175227

7 -0.0163471

8 -0.062233

9 -0.100876

10 -0.111829

11 -0.0392125

12 0.0497584

13 0.0661803

14 -0.509617

15 -0.478412

16 -0.571587

17 -0.418541

18 0.00674644

19 -0.0736655

20 -0.35721

21 -0.316797

22 -1.32535

23 -1.42135

24 -1.3414

25 -1.22507

26 -1.20936

27 -1.15047

28 -1.19691

29 -1.17246

30 -1.20209

31 -1.08068

32 -1.27627

33 -1.24295

34 -1.22805

35 -1.16704

36 -1.26539

37 -1.29429

38 -1.24409

39 -1.40355

40 -1.43351

41 -1.48735

42 -1.50223

43 -1.55998

44 -0.380471

45 -0.223602

46 -0.127112

47 -0.155117

48 0.15706

49 1.33848

50 1.43581

51 1.478

52 1.49733

53 1.50238

54 1.55306

55 1.62736

56 1.63278

57 1.49683

58 1.48174

59 1.44122

60 1.37867

61 1.33612

62 1.37786

63 1.4164

64 1.46245

65 1.52476

66 1.63242

67 1.98183

68 2.00658

69 2.01011

70 2.04917

71 2.04842

72 1.69456

73 1.44394

74 0.702523

