6 0.017831

7 0.0507194

8 0.0679583

9 0.073001

10 0.0116202

11 -0.00428383

12 0.0684911

13 0.071873

14 -0.0481115

15 0.0146147

16 -0.0355712

17 -0.0539599

18 -0.109917

19 -0.118713

20 -0.091102

21 -0.0505095

22 0.0418679

23 0.0569659

24 0.0695768

25 0.0887897

26 0.0522027

27 0.0359213

28 0.134426

29 0.127858

30 0.054663

31 -0.282542

32 -0.571568

33 -0.514829

34 -0.56523

35 -0.507742

36 -0.465809

37 -0.631586

38 -0.58906

39 -0.552147

40 -0.54721

41 -0.545926

42 -0.640989

43 -0.496817

44 -0.39441

45 -0.404562

46 -0.359295

47 -0.0675823

48 -0.00973282

49 -0.0438597

50 -0.00495408

51 -0.265539

52 -0.806204

53 -0.85151

54 -0.868381

55 -0.966928

56 -0.895182

57 -0.850878

58 -0.897602

59 -0.811134

60 -0.805961

61 -1.12131

62 -1.24216

63 -1.2832

64 -1.32055

65 -1.53928

66 -1.36895

67 -1.58934

68 -1.55484

69 -1.42875

70 -1.54899

71 -1.60791

72 -1.35628

