5 -0.0565885

6 -0.0679481

7 -0.154842

8 0.0361122

9 0.119422

10 0.0991104

11 -0.247632

12 -0.295527

13 -0.323419

14 -0.172219

15 -0.0694655

16 -0.251743

17 -0.501125

18 -0.54953

19 -0.590532

20 -0.605498

21 -1.05247

22 -1.09754

23 -1.1537

24 -1.38488

25 -1.34725

26 -1.46105

27 -0.92647

28 -0.912519

29 -0.905895

30 -0.951356

31 -0.972311

32 -0.987425

33 -0.97113

34 -0.985914

35 -1.18078

36 -0.960623

37 -0.695134

38 -0.6896

39 -0.994825

40 -1.1144

41 -0.990278

42 -0.989652

43 -1.04302

44 -0.824588

45 -0.158574

46 -0.00579889

47 -0.0283391

48 -0.309608

49 0.0599902

50 0.175934

51 -0.162354

52 -0.0682305

53 -0.104296

54 -0.313946

