6 -0.0923979

7 -0.108035

8 -0.126602

9 -0.0426888

10 -0.00254552

11 -0.00121371

12 -0.0327246

13 -0.0893177

14 -0.210209

15 -0.113548

16 -0.296722

17 -0.360405

18 -0.424767

19 -0.372341

20 -0.417717

21 -0.67575

22 -0.701241

23 -0.745553

24 -0.653156

25 -0.846201

26 -0.82627

27 -0.79602

28 -0.725187

29 -0.602581

30 -0.606771

31 -0.572736

32 -0.436775

33 -0.414319

34 -0.487885

35 -0.464183

36 -0.482974

37 -0.581275

38 -0.601568

39 -0.566764

40 -0.62648

41 -0.646102

42 -0.504113

43 -0.423318

44 -0.38757

45 -0.298568

46 -0.115357

47 -0.0681041

48 -0.0420198

49 -0.181661

50 -0.263651

51 -0.373944

52 -0.343261

53 -0.339495

54 -0.429858

55 -0.534747

56 -0.568887

57 -1.11524

58 -1.11812

59 -1.1096

60 -1.16134

61 -0.714509

62 -0.60048

63 -0.527064

64 -0.506983

65 -0.619702

66 -1.37685

67 -1.51016

68 -1.58682

69 -1.59438

70 -1.47471

71 -1.34131

72 -1.34488

73 -1.38258

74 -1.36893

75 -1.25773

