6 -0.0378972

7 -0.101809

8 -0.101358

9 -0.0505592

10 -0.139916

11 -0.151457

12 -0.436766

13 -0.449058

14 -0.322439

15 -0.278905

16 -0.268508

17 -0.261479

18 -0.291762

19 -0.308182

20 -0.261195

21 -0.111765

22 -0.27939

23 0.710854

24 0.681818

25 0.668695

26 0.588747

27 0.577185

28 0.639383

29 0.495269

30 0.541037

31 0.595978

32 0.362047

33 1.43302

34 1.49619

35 1.54752

36 1.56852

37 1.68069

38 1.53209

39 1.62183

40 1.54107

41 1.31946

42 0.74976

43 -0.182139

44 -0.43569

45 -0.518875

46 -0.323645

47 -0.629943

48 -0.769809

49 -0.863111

50 -0.9288

51 -0.906157

52 -0.878967

53 -0.898884

54 -0.926277

55 -0.945588

56 -1.04412

57 -0.903684

58 -0.874556

59 -0.848058

60 -0.880565

61 -0.8587

62 -0.736142

63 -0.384607

64 -0.364892

65 -0.394952

66 -0.391235

67 -0.344324

68 -0.228849

69 -0.305435

70 -0.350536

71 -0.370082

72 -0.521287

73 -0.609561

74 0.294958

75 0.307906

76 0.359136

77 0.309958

78 0.36006

79 -0.357393

80 -0.276331

81 -0.198913

82 -0.27142

83 -0.238701

84 -0.290447

85 -0.287441

86 -0.193563

87 -0.212206

88 -0.376758

89 -1.2712

90 -0.741075

91 -0.56464

92 -0.406852

93 -0.411036

94 -0.455727

95 -0.419073

96 -0.663528

97 -0.994837

98 -1.04894

99 -1.27976

100 -1.37035

