6 0.0843374

7 0.0564838

8 0.150008

9 0.26291

10 0.243142

11 0.284445

12 0.319825

13 0.261503

14 0.293486

15 0.266996

16 0.34524

17 0.407462

18 0.417263

19 0.552953

20 0.430109

21 0.555613

22 0.66308

23 0.742866

24 0.830031

25 0.964333

26 0.972165

27 1.06819

28 1.25788

29 1.26843

30 1.44795

31 1.54619

32 1.67583

33 1.8288

34 1.8868

35 1.87439

36 1.82443

37 1.98573

38 1.86112

39 2.0448

40 2.14686

41 2.20389

42 2.25248

43 2.36254

44 2.36342

45 2.51597

46 2.68532

47 2.68797

48 2.71467

49 2.9292

50 2.99955

51 3.01697

52 2.97964

53 3.11171

54 2.99543

55 3.22579

56 3.36311

57 3.37329

58 3.5456

59 3.6409

60 3.70493

61 3.67059

62 3.74086

63 3.88624

64 3.96805

65 4.07703

66 4.091

67 4.16263

68 4.29742

69 4.33688

70 4.38135

71 4.39873

72 4.20528

73 4.30413

74 4.38202

75 4.38039

76 4.51834

77 4.59432

78 4.63717

79 4.78295

80 4.76769

81 4.92672

82 5.11844

83 5.12396

84 5.11869

85 5.35915

86 5.44126

87 5.44457

88 5.39411

89 5.54761

90 5.40891

91 5.59961

92 5.87747

93 5.82396

94 5.89425

95 5.90135

96 6.05923

97 6.01511

98 6.24512

99 6.35716

100 6.45395

101 6.65646

102 6.73172

103 6.68113

104 6.67484

105 6.69888

106 6.88924

107 6.7093

108 6.81527

109 6.89242

110 7.01873

111 7.0713

112 7.06478

113 7.10411

114 7.19165

115 7.19163

116 7.33145

117 7.45984

118 7.46176

119 7.50631

120 7.69836

121 7.77177

122 7.73429

123 7.65165

124 7.83686

125 7.66463

126 7.9093

127 8.18955

128 8.14085

129 8.26537

130 8.36664

131 8.51689

132 8.47123

133 8.68133

134 8.75545

135 8.713

136 8.64336

137 8.79766

138 8.64473

139 8.90336

140 9.19508

141 9.19511

142 9.28739

143 9.2753

144 9.42136

145 9.50346

146 9.59949

147 9.76968

148 9.81321

149 9.74835

150 9.90507

151 10.0191

152 10.0142

153 10.142

154 9.92806

155 10.187

156 10.3199

157 10.3999

158 10.4485

159 10.5798

160 10.5852

161 10.7358

162 10.6981

163 10.8377

164 11.0819

