6 0.173421

7 0.174435

8 0.247915

9 0.326937

10 0.334037

11 0.34709

12 0.296425

13 0.259415

14 0.298026

15 0.276796

16 0.30571

17 0.213364

18 0.231977

19 0.278166

20 0.541707

21 0.592279

22 0.73146

23 0.704069

24 0.72322

25 0.767281

26 0.807836

27 0.720198

28 0.716848

29 0.659381

30 0.625883

31 0.610732

32 0.763131

33 0.777213

34 0.710401

35 0.834068

36 0.635654

37 -0.0575991

38 0.0887672

39 0.0893783

40 0.202999

41 0.163104

42 0.103502

43 0.153298

44 0.6811

45 0.60013

46 0.42341

47 0.163714

48 0.448988

49 0.573858

50 0.598799

51 0.602716

52 0.541696

53 0.674445

54 0.697175

55 0.763866

56 0.730253

57 0.696045

58 0.888908

59 1.0061

60 1.02223

61 0.864862

62 0.82245

63 0.865387

64 0.961724

65 0.976009

66 0.959452

67 1.04571

68 1.01652

69 1.05367

70 1.26217

71 1.11265

72 1.4453

73 1.55719

74 1.77547

75 1.88473

76 1.94564

77 1.99443

78 2.04654

79 2.05977

80 2.0067

81 1.97338

82 1.99857

83 1.87043

84 1.75698

85 1.8405

86 1.79187

87 1.87501

88 1.91072

89 1.89154

90 1.80828

91 1.76737

92 1.86458

93 1.77978

94 1.75907

95 1.80819

96 1.74586

97 1.69847

98 1.74572

99 1.64531

100 1.55694

101 1.4506

102 1.38413

103 2.59585

104 2.93051

105 2.99509

106 3.07184

107 3.1527

108 3.26591

109 3.21829

110 3.20066

111 2.93205

112 2.7262

113 2.60458

114 2.64929

115 2.61241

116 2.59755

117 2.59185

118 2.53787

119 2.57406

120 2.58325

121 2.59372

