5 -0.0109143

6 0.00168381

7 -0.188127

8 -0.0803687

9 -0.114766

10 0.0521876

11 0.0477655

12 -0.138759

13 -0.169952

14 -0.235928

15 -0.201453

16 -0.27276

17 -0.0245956

18 -0.117008

19 -0.193177

20 -0.589096

21 -0.642216

22 -0.662812

23 -0.671654

24 0.724267

25 1.087

26 1.1546

27 1.2036

28 1.44003

29 1.56964

30 1.56107

31 1.49532

32 1.46519

33 1.44555

34 1.46094

35 1.63464

36 1.73651

37 1.77918

38 1.6364

39 1.71442

40 1.58427

41 1.73177

42 1.71734

43 1.57566

44 1.7505

45 2.79198

46 2.82845

47 2.69829

48 2.89624

49 2.79892

50 2.74227

51 3.16715

