5 -0.0164499

6 0.0163614

7 -0.316214

8 -0.0146975

9 0.0236393

10 0.015155

11 -0.274255

12 -0.248616

13 -0.243172

14 -0.197705

15 -0.267887

16 -0.0121619

17 -0.118902

18 -0.560307

19 -0.609031

20 -0.628704

21 -0.637297

22 -1.11063

23 -0.847635

24 -0.775694

25 -0.719728

26 -0.461087

27 -0.33244

28 -0.340642

29 -0.401416

30 -0.419612

31 -0.432384

32 -0.444515

33 -0.236721

34 -0.117219

35 -0.0758079

36 -0.224637

37 -0.168359

38 -0.327504

39 -0.179908

40 -0.182851

41 -0.255103

42 -0.0125395

43 0.929452

44 0.934132

45 0.873123

46 0.690364

47 0.89401

48 0.826107

49 0.681957

