6 -0.022771

7 -0.0248798

8 -0.0819048

9 -0.12292

10 -0.120268

11 -0.130567

12 -0.194248

13 -0.208491

14 -0.141103

15 -0.0978375

16 -0.114121

17 -0.0904108

18 -0.0965652

19 -0.306714

20 -0.242177

21 -0.0693272

22 -0.0333612

23 -0.00350891

24 -0.0332944

25 -0.0867511

26 -0.0298148

27 -0.0979312

28 -0.372267

29 -0.53503

30 -0.559559

31 -0.76549

32 -0.79138

33 -0.811213

34 -0.760716

35 -0.829871

36 -0.856835

37 -0.862466

38 -0.859621

39 -0.778176

40 -0.74089

41 -0.840617

42 -0.82583

43 -0.954656

44 -0.851552

45 -0.865302

46 -0.974281

47 -0.879235

48 -0.845526

49 -0.916442

50 -0.839416

51 -0.820899

52 -0.863392

53 -1.20503

54 -1.27342

55 -1.31222

56 -1.25136

57 -1.09412

58 -1.06979

59 -1.17594

60 -1.16945

61 -1.30761

62 -1.15702

63 -1.34396

64 -1.59724

65 -1.09289

66 -0.944814

67 -0.927601

68 -0.897697

69 -0.92496

70 -1.01796

71 -1.01423

72 -1.06291

73 -1.11338

74 -1.13639

75 -1.12892

76 -1.14908

77 -1.2098

78 -1.25552

79 -1.30326

80 -1.25136

81 -1.32251

82 -1.51452

83 -1.32346

84 -1.36479

85 -1.36538

86 -1.43184

87 -1.35739

88 -1.31276

89 -1.27338

90 -1.29221

91 -1.50568

92 -1.52003

93 -1.77367

94 -1.79418

95 -1.85893

96 -1.95315

97 -1.8939

98 -1.80459

99 -1.83848

100 -1.8876

101 -1.9322

102 -2.04462

103 -2.16832

104 -2.21648

105 -2.13793

106 -1.91112

107 -1.97871

108 -1.97979

109 -2.88656

110 -2.97714

111 -2.96684

112 -2.9414

113 -2.88997

114 -2.96524

115 -3.15656

116 -3.14215

117 -3.08448

118 -3.02875

119 -2.87834

120 -2.70717

121 -2.76085

122 -2.8814

123 -3.11419

124 -3.15194

125 -3.22222

126 -3.09738

