6 -0.0512995

7 -0.0663243

8 -0.0669297

9 -0.0322895

10 -0.098464

11 -0.0742217

12 -0.0801818

13 0.0592655

14 0.272563

15 0.352175

16 0.402902

17 0.419271

18 0.445434

19 0.572539

20 0.551237

21 0.619591

22 0.232237

23 0.277133

24 0.310588

25 0.582979

26 0.770092

27 0.991078

28 1.13868

29 1.09624

30 1.11307

31 1.14193

32 1.09109

33 1.06612

34 1.12696

35 1.12763

36 0.705508

37 0.842632

38 0.895084

39 0.867134

40 0.948765

41 0.866258

42 1.15708

43 1.57314

44 1.54994

45 1.72576

46 1.68879

47 1.79053

48 1.60255

49 1.5885

50 1.38511

51 1.70091

52 1.8659

53 2.29661

54 2.51739

55 2.52989

56 2.56834

57 2.37897

58 2.37722

59 2.40097

60 2.47078

61 2.62762

62 2.54214

63 2.55866

64 2.45576

65 2.63118

66 2.44504

67 2.66332

68 3.41611

69 3.55399

70 3.61774

71 3.67986

72 3.71991

73 3.68918

74 3.58044

75 3.58489

76 3.58192

77 3.58948

78 3.67375

79 3.63812

80 2.5499

81 2.61596

82 2.48894

83 2.76602

84 2.87691

85 2.57208

86 2.67055

87 3.37018

88 3.47287

89 3.57898

90 3.65588

91 3.74482

92 3.69901

93 3.61184

94 3.78159

95 4.01015

96 4.07774

97 3.92505

98 3.8366

99 3.89932

100 3.75445

101 3.71013

102 3.63281

103 3.75879

104 3.54729

105 3.83339

106 3.9215

107 4.43675

108 4.67769

109 4.77746

110 5.02817

111 5.09682

112 4.98502

113 5.00139

114 5.13637

115 5.24528

116 5.31915

117 5.31159

118 5.33903

119 5.24339

120 5.26176

121 5.23612

122 5.1722

123 4.22037

124 4.16221

125 4.043

126 4.2541

127 4.51841

128 5.32623

129 5.6162

130 5.61598

131 5.84522

132 5.18955

