6 -0.103928

7 -0.0470412

8 -0.0162773

9 0.103416

10 0.09933

11 0.0877557

12 0.169202

13 0.0158491

14 0.110035

15 -0.252485

16 -0.259527

17 -0.485083

18 -0.573514

19 -0.938873

20 -0.968004

21 -0.940361

22 -0.860177

23 -0.991096

24 -0.913156

25 -1.39409

26 -1.35684

27 -1.3567

28 -1.34389

29 -1.29304

30 -1.39608

31 -1.3978

32 -1.37566

33 -1.62172

34 -1.84341

35 -1.9134

36 -1.86503

37 -1.78925

38 -1.8853

39 -1.77267

40 -2.53151

41 -2.5807

42 -2.6953

43 -2.75199

44 -2.76731

45 -2.82814

46 -2.77356

47 -2.68721

48 -2.74324

49 -2.68642

50 -3.31461

51 -3.38757

52 -3.40323

