6 0.014648

7 0.0493444

8 0.0611698

9 0.0662893

10 -0.00103353

11 -0.0201419

12 0.0534141

13 0.066592

14 -0.0782271

15 -0.0982634

16 0.0707663

17 0.125252

18 0.132957

19 0.180901

20 0.126868

21 0.0985729

22 0.12475

23 0.139452

24 0.152343

25 0.0988607

26 0.0268823

27 0.0677941

28 0.0418824

29 -0.220275

30 -0.612717

31 -0.50753

32 -0.43672

33 -0.372829

34 -0.426268

35 -0.352277

36 -0.30076

37 -0.291401

38 -0.301761

39 -0.339467

40 -0.285765

41 -0.0853115

42 0.00536771

43 0.00146988

44 0.0397385

45 0.269644

46 0.297419

47 0.349764

48 0.364372

49 0.448724

50 0.279832

51 -0.198967

52 -0.238191

53 -0.245619

54 -0.327292

55 -0.256429

56 -0.213839

57 -0.259184

58 -0.162017

59 -0.13847

60 -0.414251

61 -0.467403

62 -0.621027

63 -0.590596

64 -0.733255

65 -0.75769

66 -0.832149

67 -0.799519

68 -0.913963

69 -0.898515

70 -0.742737

71 -0.72471

72 -0.648135

73 -0.633774

74 -0.516723

75 -0.643123

76 -0.722595

77 -0.44004

