6 -0.0335774

7 -0.103703

8 -0.104091

9 -0.0985026

10 -0.240203

11 -0.227674

12 -0.219534

13 -0.228939

14 -0.171467

15 -0.299702

16 -0.270798

17 -0.138286

18 -0.200462

19 -0.102068

20 -0.136886

21 -0.214577

22 -0.22877

23 -0.27206

24 -0.350501

25 -0.548405

26 -0.60411

27 -0.661747

28 -0.703267

29 -0.722806

30 -0.671214

31 -0.649107

32 -0.672998

33 -0.731861

34 -0.726676

35 -0.718018

36 -0.727269

37 -0.719483

38 -0.641192

39 -0.606237

40 -0.567618

41 -0.527203

42 -0.452274

43 -0.519492

44 -0.446668

45 -0.304399

46 -0.193072

47 -0.119963

48 0.158689

49 0.219354

50 0.142806

51 0.366497

52 0.347878

53 0.282344

54 0.19346

55 0.391527

56 0.429477

57 0.349031

58 0.542746

59 0.520744

60 0.692479

61 0.69235

62 0.700889

63 0.754817

64 0.697762

65 0.910735

66 0.994518

67 0.932174

68 1.22661

69 1.25808

70 1.16362

71 1.44844

72 1.42177

73 1.33863

74 1.24172

75 1.51831

76 1.59308

77 1.47771

78 1.7539

79 1.671

80 1.91147

81 1.92581

82 1.95433

83 2.01374

84 1.88521

85 2.13752

86 2.17227

87 2.07473

88 2.44557

89 2.4863

90 2.38122

91 2.70697

92 2.64927

93 2.58094

94 2.50763

95 2.82512

96 2.93265

97 2.79002

98 3.13546

99 3.053

100 3.23729

101 3.21553

102 3.17712

103 3.2716

104 3.22567

105 3.1396

106 3.48991

107 3.50846

108 3.44976

109 3.76795

110 3.73135

111 3.69772

112 3.63251

113 3.95833

114 4.06833

115 3.95358

116 4.23607

117 4.15965

118 4.4058

119 4.39246

120 4.34513

121 4.45238

122 4.45154

123 4.30491

124 4.66417

125 4.6852

126 4.61453

127 4.9528

128 4.9131

129 4.8448

130 4.75675

131 5.10797

132 5.22553

133 5.0912

134 5.4183

135 5.35538

136 5.6178

137 5.59157

138 5.54614

139 5.65953

140 5.46034

141 5.77314

142 5.82355

143 5.72738

144 6.07254

145 6.06891

146 5.99571

147 6.33008

148 6.3064

149 6.25566

150 6.19947

151 6.54246

152 6.63849

153 6.49995

154 6.84688

155 6.79365

156 7.06591

157 7.04593

158 6.99115

159 7.12438

160 6.90222

161 7.22898

162 7.286

163 7.18388

164 7.49824

165 7.4935

166 7.42274

167 7.74322

168 7.67416

169 7.64917

170 7.59945

171 7.9533

172 8.09087

173 7.96305

174 8.25792

175 8.35301

