6 0.0158569

7 0.00128013

8 -0.0290815

9 -0.0528519

10 -0.0144748

11 -0.027807

12 -0.0467759

13 -0.0224737

14 -0.0393074

15 -0.118162

16 -0.169895

17 -0.213242

18 -0.36233

19 -0.407494

20 -0.430522

21 -0.503962

22 -0.380062

23 -0.573411

24 -0.436819

25 -0.650293

26 -0.87601

27 -0.924033

28 -0.845561

29 -0.909482

30 -1.01493

31 -1.04138

32 -1.09641

33 -1.19972

34 -1.25374

35 -1.07449

36 -1.28382

37 -1.20548

38 -1.40596

39 -1.5275

40 -1.57276

41 -1.62288

42 -1.59036

43 -1.61321

44 -1.64379

45 -1.61964

46 -1.64882

47 -1.7428

48 -1.77776

49 -1.85705

50 -1.84208

51 -2.00927

52 -2.10777

53 -2.14542

54 -2.22035

55 -2.0415

56 -2.273

57 -2.11909

58 -2.31621

59 -2.54226

60 -2.57794

61 -2.51637

62 -2.58602

63 -2.68263

64 -2.7161

65 -2.7925

66 -2.91527

67 -2.99418

68 -3.00547

69 -3.0736

70 -2.92461

71 -3.10369

72 -3.23534

73 -3.28073

74 -3.32817

75 -3.27912

76 -3.29109

77 -3.34355

78 -3.33235

79 -3.35642

80 -3.471

81 -3.50848

82 -3.61795

83 -3.62002

84 -3.81903

85 -3.93125

86 -3.98712

87 -4.03804

88 -3.85993

89 -4.07165

90 -3.91299

91 -4.05522

92 -4.2754

93 -4.30101

94 -4.24938

95 -4.32379

96 -4.44681

97 -4.45701

98 -4.51719

99 -4.64168

100 -4.66756

101 -4.61048

102 -4.70553

103 -4.60816

104 -4.84322

105 -4.87232

106 -5.04769

107 -5.10355

108 -5.15255

109 -5.1013

110 -5.11351

111 -5.1597

112 -5.12803

113 -5.15179

114 -5.28703

115 -5.34989

116 -5.45805

117 -5.72866

118 -5.85855

119 -5.91369

120 -5.95725

121 -5.7573

122 -5.97216

123 -5.79962

124 -5.91777

125 -6.1292

126 -6.15279

127 -6.10671

128 -6.19

129 -6.33613

130 -6.38062

131 -6.45214

132 -6.55436

133 -6.58313

134 -6.54716

135 -6.617

136 -6.51267

137 -6.74296

138 -6.75542

139 -6.94004

140 -6.99138

141 -7.03897

142 -6.97563

143 -6.97255

144 -7.04583

145 -7.0086

146 -7.0393

147 -7.21103

148 -7.28218

149 -7.43731

150 -7.75066

151 -7.91647

152 -7.96313

153 -8.00395

154 -7.78916

155 -8.00899

156 -7.80518

157 -7.85985

158 -8.06354

159 -8.0368

160 -8.01597

161 -8.13562

162 -8.31038

163 -8.36841

164 -8.43231

165 -8.53035

166 -8.55176

167 -8.50606

168 -8.57529

169 -8.44424

170 -8.7204

171 -8.72603

172 -8.96465

173 -8.99187

174 -9.05949

175 -8.87743

176 -8.86142

177 -8.99689

178 -8.93661

179 -8.9874

180 -9.23892

181 -9.36084

182 -9.60249

183 -9.99952

184 -10.2111

185 -10.2112

186 -10.29

187 -10.0406

188 -10.3307

189 -10.0773

190 -9.92539

191 -10.1045

192 -9.95138

193 -10.075

194 -10.2632

195 -10.6991

196 -10.8273

