6 0.0225054

7 -0.0772576

8 0.022648

9 0.0341989

10 0.00969466

11 0.18191

12 0.176133

13 0.363283

14 0.38374

15 0.436347

16 0.496795

17 0.591336

18 0.639031

19 0.647085

20 0.612791

21 0.663121

22 0.422114

23 0.350192

24 0.168092

25 0.269222

26 0.278357

27 0.172232

28 0.284276

29 0.303992

30 0.256102

31 0.409188

32 0.359868

33 0.573104

34 0.621495

35 0.695777

36 0.69829

37 0.819892

38 0.858649

39 0.893864

40 0.906135

41 0.961789

42 0.722864

43 0.63334

44 0.468123

45 0.658155

46 0.677735

47 0.568931

48 0.689591

49 0.696806

50 0.617031

51 0.811872

52 0.718459

53 0.931079

54 0.984202

55 1.05212

56 1.02343

57 1.14262

58 1.18665

59 1.22818

60 1.24358

61 1.27693

62 1.0331

63 0.924672

64 0.745454

65 0.96189

66 0.986821

67 0.874536

68 0.99838

69 0.996855

70 0.921077

71 1.1155

72 1.0116

73 1.22588

74 1.30525

75 1.37973

76 1.37859

77 1.51582

78 1.55079

79 1.5786

80 1.60137

81 1.65647

82 1.42215

83 1.30783

84 1.12933

85 1.35828

86 1.37615

87 1.49361

88 1.38427

89 1.53362

90 1.63511

