6 -0.598867

7 -0.80325

8 -0.803523

9 -0.723716

10 -0.664154

11 -0.657025

12 -0.737134

13 -0.770125

14 -0.863306

15 -0.791577

16 -0.840943

17 -1.06407

18 -0.982591

19 -1.11225

20 -1.13606

21 -1.16629

22 -1.27329

23 -1.20466

24 -1.41219

25 -1.35897

26 -1.33172

27 -1.35268

28 -1.4276

29 -1.47588

30 -1.6751

31 -1.64816

32 -1.54725

33 -1.3553

34 -1.31094

35 -1.3574

36 -1.24793

37 -1.30191

38 -1.42198

39 -1.3184

40 -1.25813

41 -1.31742

42 -1.33137

43 -1.25528

44 -1.04819

45 -0.993568

46 -0.959307

47 -1.06987

48 -1.08669

49 -1.11756

50 -1.15702

51 -1.18114

52 -1.10717

53 -1.20664

54 -1.19926

55 -1.21503

56 -1.37199

57 -1.47059

58 -1.5422

59 -1.54319

60 -1.60849

61 -1.62079

62 -1.62958

63 -1.66585

64 -1.68051

65 -1.69661

66 -1.74538

67 -1.80758

68 -1.83619

69 -1.92729

