6 0.06976

7 0.00626681

8 -0.0718977

9 1.25004

10 1.22255

11 1.19887

12 1.19099

13 1.15007

14 1.16954

15 1.22305

16 1.25001

17 1.21167

18 1.26156

19 1.43745

20 1.36687

21 1.37532

22 1.17631

23 1.16797

24 0.908093

25 0.703936

26 0.725011

27 0.777377

28 0.768213

29 0.772116

30 0.745429

31 0.833044

32 0.82006

33 0.837218

34 0.727597

35 0.809105

36 0.678781

37 0.511519

38 0.311472

39 -2.0633

40 -2.14652

41 -2.08304

42 -1.98354

43 -2.02869

44 -1.98147

45 -2.06408

46 -0.401264

47 -0.390747

48 -0.280989

49 -0.242515

50 -0.271835

51 -0.154029

52 -0.151202

53 -0.0394347

54 -0.0876705

55 -0.0636915

56 -1.01135

57 -0.916003

58 -0.932988

59 -1.21061

