6 -0.288419

7 -1.19414

8 -1.32597

9 -1.31615

10 -0.919911

11 -0.823557

12 -0.681798

13 -0.637313

14 -0.735255

15 -0.398152

16 -0.227825

17 -0.179419

18 -0.151234

19 -0.13806

20 -0.141003

21 -0.172536

22 -0.411738

23 -0.369416

24 -0.703067

25 -0.726525

26 -1.24574

27 -1.01056

28 -1.1408

29 -1.07413

30 -1.1565

31 -1.13398

32 -1.13673

33 -1.15918

34 -1.19293

35 -1.21708

36 -1.07532

37 -0.897759

38 -0.916074

39 -0.944623

40 -0.944769

41 -0.476732

42 -0.413256

43 -0.236108

44 -0.63795

45 -0.667981

46 -0.600095

47 -0.544662

48 -0.439285

49 -0.300072

50 -0.175119

51 -0.0720444

52 0.045689

53 0.175993

54 0.196229

55 0.25643

56 0.289521

57 0.291172

58 0.589923

59 0.626709

60 0.676613

61 0.834645

62 1.00565

63 1.10468

64 1.22258

65 1.20823

66 1.36727

67 1.26964

68 1.36971

69 1.42175

70 1.69069

71 1.92839

72 2.00392

73 2.09173

74 1.94885

75 1.69603

76 1.66982

77 1.31184

78 1.25032

79 1.01339

80 0.971746

81 1.03055

82 1.22269

83 1.16116

84 1.2382

85 1.24575

86 1.1949

87 1.06051

88 0.95538

89 0.981021

90 0.75864

91 0.748033

92 0.776552

93 0.793106

94 0.642943

95 0.559493

96 0.631517

