6 -0.134113

7 -0.138351

8 -0.158745

9 -0.186088

10 -0.15016

11 -0.0687499

12 -0.0824299

13 -0.112978

14 0.116144

15 0.588026

16 0.60951

17 0.642675

18 0.619019

19 0.729772

20 0.471799

21 0.410736

22 0.0751306

23 -0.12262

24 -0.107523

25 -0.0166297

26 0.091626

27 -0.0285257

28 0.125099

29 0.319494

30 0.477133

31 0.574626

32 0.65933

33 0.397389

34 0.306236

35 0.441841

36 0.294888

37 0.652069

38 0.988347

39 1.1823

40 1.24853

41 1.51129

42 1.56916

43 1.56407

44 1.41177

45 1.43207

46 1.40996

47 1.34252

48 1.3394

49 1.33065

50 1.25098

51 1.25844

52 1.37452

53 1.60382

54 1.68698

55 1.85555

56 1.94539

57 1.94849

58 1.94095

59 2.02471

60 2.08993

61 2.10931

62 2.12515

63 2.15662

64 2.09865

65 2.02124

66 1.82226

67 1.76094

68 1.73119

69 1.74507

70 1.39066

71 1.12779

72 0.804301

73 0.464884

74 0.235169

75 0.0420815

76 -0.0101904

77 -0.0296089

78 0.0799306

79 0.264669

80 0.423279

