6 0.0312954

7 0.101747

8 0.0348325

9 0.185888

10 0.11381

11 0.175849

12 0.0951423

13 0.0181616

14 -0.057312

15 0.0986513

16 0.0536055

17 0.0521496

18 0.111312

19 0.169932

20 0.151551

21 0.197518

22 0.169543

23 0.10739

24 0.207419

25 0.373786

26 0.530399

27 0.678072

28 0.784175

29 0.927746

30 0.90648

31 0.708836

32 0.943754

33 1.30111

34 1.36629

35 1.36871

36 1.44995

37 1.03723

38 1.08614

39 0.940955

40 1.27522

41 1.60281

42 1.88478

43 1.91161

44 1.67502

45 1.5187

46 1.52251

47 1.57539

48 1.64406

49 1.75869

50 1.74546

51 1.75533

52 1.84073

53 1.7218

54 1.84893

55 2.06433

56 2.04758

57 1.83273

58 1.8178

