-13.201 -6.296 -53.957
-10.703 -3.406 -53.291
-9.54 -3.087 -49.639
-11.02 0.322 -48.639
-8.614 1.85 -46.053
-10.787 3.126 -43.162

-9.634 6.195 -41.181
-10.061 4.9 -37.589
-10.286 6.838 -34.306
-12.195 7.103 -30.979
-14.163 9.439 -28.711
-12.619 10.223 -25.263
-14.157 12.207 -22.344

-11.943 15.248 -21.466
-14.301 16.978 -18.949
-17.827 16.65 -17.399
-19.139 18.761 -20.353

-16.752 17.96 -23.312
-15.482 14.956 -25.281
-12.62 14.751 -27.824
-12.437 12.939 -31.204
-8.982 11.264 -31.393
-8.672 10.357 -35.1

-6.282 10.744 -38.079
-6.98 13.557 -40.6
-9.895 13.022 -43.051

-11.208 15.853 -45.293
-14.92 14.856 -45.011
-14.611 14.37 -41.226
-13.015 17.857 -40.827
-15.875 19.254 -42.999
-18.403 17.482 -40.669
-16.559 18.759 -37.515
-16.844 22.341 -38.957

-20.697 21.797 -39.029
-20.861 21.033 -35.24
-22.116 23.933 -33.104
-20.016 23.255 -29.939
-16.791 22.621 -31.971

-13.393 23.436 -30.391
-10.011 22.816 -32.063
-6.805 22.812 -29.99

-3.883 23.919 -32.209
-1.328 22.314 -29.773
-2.753 18.736 -29.691
-4.334 19.137 -33.217

-7.578 17.622 -31.79
-11.313 18.386 -31.995
-13.683 18.544 -28.991
-17.466 19.001 -28.65
-20.131 19.402 -25.91

-21.257 16.038 -24.476
-24.923 16.743 -25.497
-23.731 16.722 -29.178
-22.178 13.179 -28.839
-25.228 11.354 -30.322
-25.57 14.044 -33.093
-21.852 13.682 -34.021
-21.815 9.829 -34.037
-25.045 9.774 -36.128
-23.507 12.176 -38.75
-20.093 10.348 -38.803

-21.793 6.948 -39.527
-22.962 8.546 -42.834
-19.328 9.196 -43.991
-17.677 6.563 -46.261
-14.251 5.2 -45.121

-14.46 6.789 -41.562
-14.765 4.819 -38.279
-15.142 6.964 -35.114
-15.663 4.659 -32.101

-18.218 6.249 -29.657
-17.862 6.903 -25.912
-18.35 3.469 -24.195

-21.794 2.549 -22.772
-20.235 2.829 -19.255
-19.534 6.58 -19.812
-22.964 7.196 -21.431
-24.623 5.531 -18.378
-22.42 7.523 -15.909

-23.028 10.919 -17.654
-26.668 10.153 -18.714
-27.851 13.482 -17.123

-25.214 15.594 -18.963
-26 13.8 -22.296
-29.631 15.147 -21.909

-28.9897 18.8462 -21.2279
-29.0447 22.3011 -19.5825
-28.9198 25.9133 -18.2866
-30.6527 28.1338 -20.686
-34.0484 27.0014 -21.9076
-33.8934 26.9744 -18.0742
-34.8322 30.0654 -16.0431
-31.521 30.0151 -13.9924
-30.3636 27.9381 -11.0212
-26.6922 27.9832 -12.305
-24.7362 31.1055 -11.6249
-21.4592 32.4982 -10.4204
-22.999 32.735 -6.90835
-20.8211 32.7039 -3.87014
-18.3669 33.023 -6.85053
-19.5848 35.9329 -8.8089
-20.9962 37.5604 -5.75718
-23.6995 39.8391 -4.41395
-20.32 41.449 -3.45305

-17.2193 41.5069 -5.64975
-15.2943 39.3818 -3.1555
-18.1072 36.8304 -3.01128
-18.222 36.599 -6.80287
-14.4659 36.0484 -6.97971

-10.8019 34.8604 -7.33871
-10.7509 34.8624 -11.2047
-8.50885 37.6274 -12.6137

-10.1699 39.7324 -15.4367
-8.29485 37.8234 -18.2037
-9.12785 34.4424 -16.5337
-12.8599 35.4474 -16.5227
-12.6259 36.3584 -20.2527
-11.0069 32.8954 -20.8537
-13.8519 31.1154 -18.9557
-16.4269 33.1244 -21.0087
-14.6189 32.2054 -24.3037
-14.4939 28.4994 -23.3147
-18.2599 28.5314 -22.4717
-19.0879 30.3834 -25.7647

-17.0369 27.6854 -27.6717
-19.2779 25.0884 -25.8697
-16.5759 23.7404 -23.4697

-14.4159 22.3934 -26.3737
-11.0199 24.1584 -26.4367
-7.27285 24.0524 -25.9207
-6.35885 26.5814 -23.1787

-4.8791 27.8966 -19.8449
-2.59331 28.9618 -17.0589
-0.998293 26.3899 -14.6948
-1.6248 28.8882 -11.8753
-4.93542 30.4517 -12.7143
-6.19319 32.59 -15.6729
-9.52015 31.1181 -17.0118

-9.73284 29.6835 -13.499
-12.9094 31.6442 -12.7862
-14.5102 30.4073 -16.0034
-13.6535 26.8026 -15.1577
-15.1622 27.1564 -11.6877
-18.3683 28.6059 -13.1237
-18.6636 25.7449 -15.6077
-18.1968 23.1733 -12.8488
-20.8858 24.8192 -10.7267
-23.3228 24.8205 -13.6429
-22.685 21.1327 -14.3033
-23.2872 20.275 -10.6503
-26.5657 22.197 -10.6391
-27.7442 20.3956 -13.7711

-25.9082 18.2966 -16.4791
-23.4842 16.3846 -14.1311
-21.8392 13.8396 -13.3711

-18.6322 15.8046 -14.0531
-15.4092 14.1156 -15.2721
-12.0932 15.9246 -14.5441
-8.99022 14.5136 -16.3181
-5.68722 15.8956 -14.9381

-1.90822 15.2366 -14.5551
-1.27422 12.4326 -11.9741
0.285781 14.9476 -9.4481
-2.54722 17.6126 -9.3421

-5.61622 15.3846 -8.5381
-5.75322 16.4996 -4.8661
-5.01222 20.1506 -5.9111
-8.22322 19.9486 -8.0351
-10.2722 18.3556 -5.1661
-9.12622 21.1726 -2.8121
-9.96722 23.7286 -5.5721
-13.5802 22.3636 -5.7811
-13.9402 22.3926 -1.9301
-12.4542 25.9526 -1.8181
-14.6812 27.4476 -4.5631

-17.9792 25.4436 -4.3011
-18.7092 25.2026 -0.485097
-22.2462 24.0436 -1.5931
-20.6222 20.5516 -2.1351
-19.8882 17.9676 0.575903

-16.4902 16.1486 0.315903
-18.4962 12.9326 -0.461097
-19.6382 14.5856 -3.7501

-15.9492 14.4366 -4.9651
-14.3632 11.1286 -6.0531
-10.5392 11.2116 -6.4601

-9.03695 11.9875 -9.95447
-9.45292 11.4406 -13.7507
-9.13952 11.6051 -17.6164
-5.50156 11.9038 -16.5962
-4.8728 10.0094 -13.326
-1.79356 8.20341 -14.6746
0.849319 6.04679 -16.4285
3.14208 3.82848 -14.294
5.79463 6.40239 -13.5985
9.06844 5.84376 -11.7212
10.6392 5.83504 -15.107
12.0367 6.07195 -18.609

12.5402 3.24238 -20.9832
9.57898 1.21806 -22.2063
5.87509 2.08121 -21.6326
2.14037 3.07402 -21.8056
-0.763062 1.86915 -19.7451

0.107938 1.42415 -23.4591
2.00894 -1.84485 -22.6611
-1.06706 -3.38185 -20.9231
-3.53406 -2.60485 -23.8141

-0.699319 -2.31291 -26.3451
0.522769 -2.81459 -29.8804
1.783 -3.29353 -33.402
0.83251 0.309426 -33.9621
2.33747 2.61276 -31.4242
3.05275 2.67191 -27.7276
4.59428 3.75634 -24.4732
8.18114 3.8213 -25.8633
6.43929 7.08652 -27.0614
3.76461 8.77091 -25.1369
1.69776 11.7014 -23.9495
-1.98276 11.7373 -24.5336

-3.46171 13.9753 -27.2468
-4.49594 15.8352 -30.3943
-2.4486 16.086 -33.4786

1.0414 15.121 -34.7206
3.8964 16.994 -33.0216
7.2174 17.366 -34.9296

5.4924 15.879 -38.0496
8.7934 16.024 -40.0486
9.3064 12.489 -38.5366
6.7844 11.365 -41.2566

9.0004 12.795 -44.1346
9.6974 9.32196 -45.6916
6.6454 7.24796 -46.8166
8.5644 3.88296 -46.7186
9.1724 4.11496 -42.9196

7.0074 1.96196 -40.5886
5.9904 5.10896 -38.5676
4.7264 6.82196 -41.7736
2.9724 3.63796 -43.0866
1.0974 3.32596 -39.7286
0.245399 7.09396 -39.4126
-0.906601 7.87796 -43.0056
-4.1416 5.70796 -43.0836
-5.4026 7.44496 -39.8796
-4.4456 10.959 -41.1446
-6.3346 10.405 -44.4666

-9.5896 9.30396 -42.6566
-9.5136 11.587 -39.5456
-11.8136 14.689 -39.7846

-9.2676 17.115 -38.1846
-5.4606 16.884 -38.7096
-3.2106 19.308 -36.7906
0.413399 18.774 -37.9036
3.1314 20.71 -35.9926

6.8194 21.296 -36.8996
9.5604 23.943 -36.5076
11.2684 22.532 -39.6176
8.5564 21.009 -41.9126
11.2954 20.21 -44.4256
14.7144 19.275 -42.9576
16.7374 19.504 -46.2366
14.5984 19.046 -49.4446

11.0724 19.643 -50.9646
10.4134 15.835 -51.1816
10.1564 15.713 -47.3036
6.9394 17.861 -47.4596
4.9304 15.385 -49.6086
3.6544 13.205 -46.6946
2.5774 16.339 -44.7236
0.820399 17.825 -47.8386
-1.2006 14.593 -48.4566
-1.9866 14.305 -44.6946
-3.5456 17.848 -44.6766

-5.0486 17.577 -48.2526
-5.4336 13.861 -49.3376
-6.6136 14.98 -52.8606
-3.3766 16.941 -53.5886
-0.778601 14.995 -55.6726
-2.3416 11.446 -55.3096
0.982399 10.014 -56.6516

4.4574 11.212 -55.5096
5.8394 11.209 -59.1126
3.6924 14.264 -60.1106
4.9934 16.2 -57.0396
8.5934 15.032 -57.7486
8.5304 16.069 -61.4646
7.3204 19.597 -60.5106
9.1554 20.411 -57.2226

12.0484 17.88 -56.8446
13.7074 18.363 -60.3226
13.0594 14.654 -60.9386

15.6364 13.007 -63.2696
15.3874 9.65896 -65.1116

18.6674 7.81596 -64.3546
19.6634 4.33396 -65.7826
18.6134 2.76696 -62.3956

15.2574 4.65996 -61.9886
14.0934 8.14296 -60.8946
16.1834 10.568 -58.8126

14.1724 13.039 -56.6186
17.1034 14.655 -54.6596
16.7724 17.982 -56.5526
14.5534 21.069 -56.2066
12.4254 23.129 -58.6456
9.6704 25.824 -58.7236

10.1304 26.541 -54.9486
8.2994 29.939 -55.0476
5.1994 28.163 -56.5046
5.5244 25.449 -53.8006
5.7054 28.217 -51.1076
2.4974 29.855 -52.4766
0.664399 26.46 -52.5856
1.7764 25.637 -48.9986
0.717399 29.035 -47.5116
-2.6846 29.085 -49.3246
-3.8616 25.476 -48.7896
-1.6306 23.474 -46.3236

0.502399 25.532 -43.9396
0.444399 28.426 -41.4686
4.0474 29.668 -40.9356
5.3544 32.669 -38.9466
8.9294 33.504 -37.9726

10.4554 34.988 -34.7446
11.0664 38.192 -36.7666
7.3114 38.441 -37.6666
5.8714 38.071 -34.1066

8.6824 38.566 -31.4846
10.6434 41.801 -32.3156
12.0574 41.564 -28.7156
14.0624 38.296 -29.1316
17.8614 38.99 -29.1466
19.6144 38.256 -32.4706

21.2704 34.886 -33.2136
24.8864 35.734 -34.1916
26.4234 32.844 -36.1936
30.1024 32.346 -37.1406
32.4644 29.737 -38.5426
35.5054 29.042 -36.3016

38.3244 27.488 -38.3566
40.1044 25.287 -35.7656
43.8194 25.106 -36.5756

44.8034 21.875 -38.4986
48.4184 22.346 -37.1706

47.3804 20.154 -34.1486
46.3394 17.365 -36.6336
49.4774 15.184 -36.5676

50.9834 13.911 -39.8656
49.6714 10.293 -39.3246
46.0494 11.491 -38.7736
46.3264 13.821 -41.8346
47.7554 10.976 -43.9866
44.8174 8.75896 -42.8016
42.2714 11.494 -43.7996
44.0684 11.892 -47.1896
43.9814 8.06596 -47.6206
40.2084 7.75696 -46.8726
39.5204 10.809 -49.1406
41.4754 9.13296 -52.0276
39.7014 5.81996 -51.2366
36.2044 7.37196 -51.8206
37.2954 8.70296 -55.2916

38.7754 5.37296 -56.5436
36.9454 4.27496 -59.7486
37.0864 0.494956 -59.2136
35.2154 0.333956 -55.8286
31.6424 -0.894044 -55.3216

28.8464 1.49296 -54.1676
29.1654 -0.169044 -50.7046
32.9874 0.289956 -50.4156
32.4364 3.99196 -51.3866
29.8474 4.34496 -48.5116
32.2154 2.52496 -46.0746
35.1644 4.81696 -47.0316
32.8134 7.85496 -46.5756
31.7984 6.65296 -43.0516
35.5134 6.07196 -42.2446
36.4834 9.59296 -43.5166
33.6564 11.132 -41.4016
34.6114 9.18296 -38.2036
38.3444 10.1 -38.7706
37.2944 13.79 -39.1306
35.6434 13.601 -35.6706
38.8034 12.02 -34.1016
41.1034 14.581 -35.8296
39.1044 17.555 -34.3836
39.0514 16.359 -30.6856
42.3384 18.112 -29.5486
41.4014 21.545 -31.0206
37.7164 21.19 -29.9806
39.0574 20.642 -26.4096
41.5294 23.585 -26.7966
38.6024 25.836 -27.8796
36.2904 24.684 -24.9896
39.0954 25.452 -22.4786
39.7494 28.902 -24.1036
36.0004 29.699 -23.6276
36.1274 28.688 -19.9026
39.4524 30.553 -19.3126

37.7944 33.632 -20.9956
35.3144 33.617 -18.0216
32.1454 32.32 -19.8126
29.4514 31.367 -17.2846
27.1984 29.018 -19.4086

27.4174 27.423 -22.8896
26.2494 24.347 -24.8606
28.6194 21.985 -26.7356
27.0334 19.918 -29.5396

28.6544 16.763 -31.0106
27.2724 13.462 -32.4876
30.1504 10.918 -32.4326

30.2814 9.23396 -28.9796
34.1444 9.43596 -28.9216
33.9144 13.293 -29.1636
31.3114 13.478 -26.3196
33.4724 11.043 -24.2336
36.7374 13.025 -24.7876
35.0604 16.404 -23.9416
33.5074 14.975 -20.7026
36.8434 13.342 -19.6726
38.7854 16.645 -20.0926
36.0994 18.658 -18.1846
36.3174 16.067 -15.3196
40.1794 16.291 -15.4346

39.8914 20.146 -15.1786
37.2234 19.714 -12.3776
34.6454 21.674 -14.4796
31.0414 20.987 -13.4106

29.0384 19.996 -16.5216
25.9534 18.028 -17.6876
25.8754 15.311 -20.4036
22.8734 14.21 -22.5476

23.1394 11.488 -25.2456
21.3064 8.39196 -26.6596
21.8844 6.47496 -23.3506
20.4504 9.22396 -21.0346
16.9374 8.21896 -19.8456
13.7744 10.315 -20.5016
13.4014 11.423 -16.8136

17.1594 12.065 -16.2266
17.1504 14.29 -19.3936
14.5894 16.622 -17.7296
16.4384 16.567 -14.3456
19.8744 17.355 -15.9536
18.1334 20.124 -17.9766
16.7994 21.612 -14.6766
20.2764 21.229 -13.0236
21.9244 23.245 -15.8916
19.0764 25.845 -15.8416
19.0024 26.409 -12.0306

22.6354 25.746 -10.8966
25.2194 28.528 -11.5826
28.0224 25.9 -11.1326
27.2114 23.896 -14.3106
29.1804 25.877 -16.9316

29.0384 23.353 -19.8446
26.2784 21.182 -21.3236
27.7404 18.32 -23.4536
24.8844 17.41 -25.8266
24.3104 14.882 -28.6146

23.1536 12.459 -31.2566
24.4462 9.28926 -29.3892
21.3006 7.368 -28.7702
19.4542 7.30216 -32.0229
17.2526 9.92346 -30.4778
14.121 10.3363 -32.6095
15.4675 13.956 -32.9781
15.0911 17.4185 -31.5257
17.0276 20.088 -29.778
16.9575 22.3149 -32.7727
18.7744 24.4188 -35.4555
20.0147 27.5897 -33.7812
21.1299 30.9617 -32.2699
24.0555 29.3041 -34.1696

25.7998 27.4677 -36.9178
27.7822 25.7302 -39.6997
29.7337 24.0197 -42.4377
31.6913 24.0194 -45.6487

34.8513 21.8964 -45.2047
33.6423 19.8764 -48.2357
31.6313 20.6794 -51.3837
28.4383 18.7144 -52.1797
27.3523 18.1604 -55.8467
23.7063 19.1324 -55.1017

23.1663 22.9094 -54.4537
19.6933 22.3614 -52.8907
21.3943 20.4944 -49.9707
24.0133 23.2904 -49.5557
21.1763 25.9184 -49.4017
19.2963 23.6784 -46.8667
22.4743 23.6714 -44.6867
22.9483 27.5224 -44.9187

19.4693 27.4946 -43.584
17.3225 24.3708 -43.2014
17.038 21.1431 -41.284
19.8839 19.0967 -42.705
22.6727 16.879 -44.2649
23.106 19.5041 -46.9015
25.0461 22.7853 -47.5947
24.7712 26.4396 -48.2166
25.9573 27.2387 -51.7096
29.5809 26.2453 -51.4595
28.8301 23.4838 -49.002

28.376 20.2663 -47.1191
25.1927 18.8156 -45.9054
24.4827 15.8458 -43.781
22.2229 12.9922 -42.6371
19.957 10.1095 -41.438
18.0338 7.01611 -42.1558
15.9356 3.94269 -42.6963

19.3246 2.44269 -43.7183
21.0256 2.96169 -47.1473
22.1316 -0.403308 -48.6713
19.1086 -2.37831 -47.2533
15.4366 -3.37831 -47.8793

14.4246 0.205692 -46.8003
15.7436 1.54969 -50.1843
12.9636 -0.458308 -51.9943
10.2646 -0.381308 -49.2603
10.2286 3.43269 -48.8403
9.41764 4.27469 -52.5543
6.83264 1.38769 -52.5043
5.12364 2.82469 -49.3603
5.13664 6.33769 -50.9773
3.44364 5.25469 -54.2593
0.842642 3.32969 -52.1443
0.000642023 6.46469 -50.0253
-0.359358 8.45669 -53.2973
-2.83236 5.81169 -54.6623
-4.75436 6.07769 -51.3303
-4.73936 9.94169 -51.4943
-5.96636 10.0257 -55.1643

-8.58308 7.40851 -54.0033
-12.1072 7.83958 -52.779
-14.2926 10.7468 -54.1373
-13.0474 10.7816 -57.6395
-15.1455 9.30864 -60.5131
-17.3353 12.4139 -60.8508
-16.4344 15.4878 -58.9565
-18.2907 18.3422 -57.1512
-16.1688 21.3887 -57.3686

-15.8537 22.3709 -61.0263
-14.3564 25.737 -60.0936
-11.812 24.0808 -57.8077
-10.7862 21.6545 -60.547

-9.52121 22.6135 -57.017
-7.03621 19.6405 -56.594

End chain 1
