5 0.00434665

8 0.163161

11 1.08598

14 1.18305

17 1.67653

20 1.90305

23 2.15591

26 2.96947

29 3.99892

32 5.51415

35 6.23678

38 7.3456

41 8.33327

44 8.92098

47 9.63602

50 11.9935

53 12.9641

56 15.2761

59 17.8161

62 18.7096

65 22.0589

68 23.1759

71 23.9284

74 24.4774

77 24.8629

80 25.7337

83 26.8324

86 28.4801

89 29.0523

92 29.6208

95 30.2202

98 31.8267

101 33.179

104 36.2343

107 37.5298

110 38.6807

113 39.9356

116 41.2295

119 43.9659

122 45.5066

125 47.5864

128 49.9497

131 52.3689

134 54.0601

137 56.7192

140 58.6854

143 60.9079

146 62.7105

149 66.2665

