5 0.000383554

8 0.720755

11 1.00203

14 1.44322

17 1.63833

20 2.1691

23 2.58504

26 3.52879

29 5.55979

32 5.93047

35 6.31632

38 6.97269

41 9.89394

44 11.2056

47 12.2284

50 13.2779

53 15.7139

56 16.4843

59 17.3352

62 19.5785

65 20.8039

68 24.1152

71 24.7799

74 25.9284

77 28.2221

80 28.8564

83 29.3074

86 30.2349

89 30.8275

92 31.3799

95 32.029

98 32.8338

101 33.2737

104 35.9113

107 37.4357

110 39.9767

113 40.623

116 41.5738

119 43.5314

122 44.8116

125 46.3887

128 48.5646

131 52.3787

134 56.9589

137 58.7082

140 60.5494

143 62.9466

146 67.8087

149 69.4707

152 74.0638

155 80.1754

158 81.7989

161 83.4332

164 88.9104

167 93.7377

