5 0.031228

8 0.0825806

11 0.191564

14 0.421329

17 0.566448

20 0.843193

23 1.77392

26 3.04579

29 3.53499

32 4.28738

35 6.14137

38 6.44196

41 6.91633

44 7.24937

47 7.72033

50 8.82633

53 10.1435

56 11.7873

59 13.6701

62 14.462

65 15.2437

68 17.0345

71 18.4071

74 20.9785

77 21.4935

80 22.0563

83 24.586

86 25.5878

89 26.8895

92 29.8403

95 31.1963

98 32.0366

101 32.9743

104 36.2599

107 37.7482

110 40.6996

113 42.6297

116 43.913

119 45.188

122 46.8302

125 48.1562

128 50.814

131 54.6986

134 56.5053

137 59.0503

