5 0.00461941

8 0.264817

11 0.705883

14 0.83458

17 1.09859

20 1.3172

23 1.775

26 2.48088

29 3.07001

32 3.94731

35 4.82051

38 5.47327

41 6.65471

44 8.13357

47 8.65434

50 9.28149

53 9.71108

56 10.2811

59 11.2016

62 11.9156

65 13.2415

68 14.8569

71 17.0412

74 17.6674

77 20.1566

80 21.5405

83 24.0685

86 25.3598

89 26.2956

92 27.1428

95 27.9949

98 31.162

101 33.8662

104 35.0292

107 36.0004

110 38.2983

113 39.8226

116 43.3676

119 44.6768

122 45.5555

125 48.2828

128 49.972

131 53.7221

134 55.7619

137 57.2137

