5 0.0378896

8 0.154909

11 0.313053

14 0.509726

17 0.863991

20 1.3135

23 2.06973

26 2.90892

29 3.47761

32 3.87383

35 4.39557

38 5.04486

41 6.68734

44 7.99707

47 9.5991

50 10.3542

53 10.9377

56 12.6444

59 14.24

62 16.075

65 16.7854

68 17.2106

71 17.9361

74 18.7524

77 19.8207

80 22.0206

83 22.9384

86 24.2572

89 27.4423

92 29.6176

95 31.1437

98 33.8607

101 34.7261

104 36.5626

107 37.644

110 40.8968

113 42.1974

116 43.2253

119 44.6315

122 45.767

125 47.6681

128 50.0077

131 54.0506

134 56.2531

137 56.861

140 57.8314

143 58.9144

146 60.0475

