5 0.048001

8 0.195066

11 0.483919

14 0.740154

17 1.11821

20 1.725

23 2.83182

26 3.40602

29 3.71128

32 4.19177

35 4.83051

38 6.23131

41 7.09753

44 9.16203

47 9.9473

50 10.729

53 12.2803

56 13.6737

59 15.8022

62 16.565

65 17.2061

68 17.6355

71 18.0191

74 18.5399

77 19.5021

80 21.6645

83 22.4907

86 23.8265

89 26.9099

92 27.9851

95 29.4035

98 31.5059

101 32.8155

104 35.6554

107 37.1595

110 38.0256

113 40.2107

116 41.26

119 43.0872

122 45.7342

125 47.2556

128 48.558

131 50.3535

134 51.9028

137 55.8624

140 57.813

143 59.4427

146 60.1221

149 61.0689

152 62.1058

155 63.334

158 64.3838

161 65.2143

