5 0.0106481

8 0.047758

11 0.194766

14 0.671724

17 1.53094

20 2.98555

23 3.19917

26 3.62084

29 4.05105

32 4.93826

35 5.38268

38 5.87587

41 6.34016

44 6.80286

47 7.29479

50 8.66247

53 9.72908

56 10.7819

59 13.5453

62 14.465

65 14.8447

68 15.6449

71 16.5145

74 17.9014

77 20.8395

80 21.7883

83 22.5718

86 23.5351

89 25.0518

92 26.2749

95 27.5694

98 28.7885

101 29.6599

104 31.0799

107 32.9811

110 35.6013

113 36.9227

116 38.3765

119 41.1752

122 42.4303

125 44.0307

