5 0.00394764

8 0.0568289

11 0.323916

14 0.833362

17 1.24351

20 1.71649

23 2.09763

26 3.61674

29 4.15926

32 6.92545

35 7.68551

38 12.0029

41 12.783

44 13.2062

47 13.5611

50 13.8757

53 14.0763

56 14.5193

59 15.3031

62 16.6499

65 17.0866

68 17.8189

71 18.6092

74 20.1503

77 21.2412

80 22.321

83 23.4889

86 24.5816

89 25.9392

92 26.7609

95 27.5031

98 28.8132

101 29.3822

104 30.0805

107 31.0714

110 31.9955

113 33.4267

116 36.2868

119 37.5562

122 38.8264

125 41.2762

128 44.6633

131 45.6398

134 46.7508

137 50.1462

