5 0.0325303

8 0.151576

11 1.03235

14 1.58395

17 1.8671

20 2.6767

23 3.1179

26 3.77456

29 6.73939

32 7.40067

35 8.05741

38 8.59434

41 10.1418

44 11.5348

47 13.011

50 14.3911

53 16.0117

56 17.4474

59 18.2477

62 18.9815

65 21.5595

68 22.5128

71 23.4115

74 24.531

77 25.2532

80 27.6875

83 29.4344

86 30.8514

89 32.6185

92 33.9571

95 34.8435

98 35.8439

101 37.4602

104 38.9701

107 40.1163

110 41.0435

113 42.4997

116 43.3115

119 45.8612

122 47.309

125 49.0837

128 50.8275

131 52.8796

134 54.2182

137 55.6093

140 56.7085

143 58.3427

146 61.9039

149 63.6816

152 64.465

155 66.4008

158 67.8522

161 69.9053

164 71.9278

167 74.1426

170 75.679

173 77.3183

176 79.2235

