5 0.00335729

8 0.131534

11 0.484819

14 0.708366

17 1.10648

20 1.66123

23 1.98908

26 2.68843

29 3.45323

32 4.62371

35 5.12821

38 8.03422

41 8.71722

44 10.3874

47 11.5213

50 12.958

53 15.3324

56 16.9957

59 18.4665

62 19.4999

65 21.4464

68 21.9985

71 22.7085

74 24.5978

77 26.043

80 27.5028

83 29.6693

86 30.5088

89 31.2813

92 32.6633

95 33.855

98 34.8409

101 35.5512

104 36.7881

107 37.5192

110 39.4669

113 40.9559

116 42.0399

119 42.8292

122 43.7207

125 44.8421

128 45.7927

131 46.9877

134 49.1298

137 50.5132

140 52.8441

143 54.8419

146 56.5654

149 58.6105

152 61.1107

155 62.8417

