5 0.0402234

8 0.0772677

11 0.339664

14 0.974433

17 1.43785

20 2.21338

23 3.02097

26 3.40099

29 4.43118

32 6.69061

35 7.24389

38 7.75851

41 8.252

44 8.87427

47 10.2315

50 12.1463

53 13.0998

56 13.7906

59 14.5274

62 15.6886

65 16.9801

68 17.9314

71 19.1327

74 21.6829

77 22.7343

80 25.2629

83 26.6414

86 27.7279

89 28.9682

92 30.2071

95 31.4905

98 32.9928

101 34.1854

104 36.0048

107 40.0202

110 40.5454

113 41.2615

116 42.3055

119 43.3378

122 45.7554

125 46.9527

128 51.3738

131 52.4732

134 53.5594

137 56.5761

140 58.3528

143 63.801

146 64.9931

149 66.7049

152 68.644

155 69.9376

158 72.3264

161 73.7172

