5 0.0132914

8 0.0832836

11 0.265495

14 0.586346

17 1.00731

20 1.42631

23 1.83912

26 2.28672

29 3.14714

32 3.66481

35 4.07523

38 5.1102

41 7.14856

44 7.44415

47 8.04107

50 9.06368

53 9.67689

56 10.1598

59 11.0396

62 12.3277

65 15.0052

68 16.2754

71 18.2061

74 19.1048

77 23.5713

80 25.0082

83 26.5254

86 28.0087

89 30.4759

92 34.8502

95 35.8527

98 37.2748

101 39.9287

104 41.5252

107 43.9941

110 45.3145

113 48.2188

116 50.046

119 53.7082

122 55.1636

125 56.6006

128 57.8715

131 59.7563

