5 0.0313189

8 0.100466

11 0.161978

14 0.320075

17 0.573666

20 0.852332

23 1.05047

26 1.1194

29 1.29963

32 1.66223

35 1.9604

38 2.11244

41 2.31475

44 2.64662

47 3.13246

50 3.52105

53 3.91219

56 4.34196

59 4.99793

62 5.68964

65 6.40563

68 6.99226

71 7.3841

74 7.83147

77 8.36745

80 8.9502

83 9.52325

86 10.1596

89 10.6518

92 11.1951

95 11.7351

98 12.9411

101 13.6947

104 15.6723

107 16.7399

110 17.7701

113 18.3857

116 18.8793

119 19.4461

122 20.0125

125 20.5415

128 21.0148

131 22.0251

134 22.9887

