5 0.026438

8 0.133565

11 0.533991

14 0.878479

17 1.36604

20 1.82516

23 2.30504

26 2.50897

29 2.76671

32 4.06399

35 4.38314

38 4.62973

41 5.51841

44 6.0331

47 6.94667

50 7.61659

53 8.81969

56 9.78861

59 10.6774

62 12.5322

65 13.5114

68 15.7257

71 17.3596

74 18.3367

77 23.4496

80 24.4417

83 25.3914

86 26.3119

89 30.1551

92 31.383

95 32.4851

98 33.9234

101 34.8791

104 35.398

107 36.1942

110 37.8054

113 38.6832

116 39.9055

119 40.8619

122 41.6208

125 44.3208

128 45.9665

131 49.0102

134 49.9927

137 52.1057

140 53.2134

143 54.7118

146 56.8449

149 60.5773

152 62.0021

155 66.0545

158 67.753

161 69.6835

164 74.9725

167 77.2146

170 79.5016

173 82.0629

176 84.4788

179 87.1493

