5 0.00266271

8 0.0642707

11 0.394815

14 0.774658

17 1.03704

20 1.66699

23 2.06388

26 2.59653

29 3.41767

32 3.81221

35 4.49658

38 5.45721

41 6.0477

44 6.83868

47 7.41657

50 9.17637

53 10.2792

56 12.5295

59 13.4777

62 14.8506

65 15.9546

68 18.4706

71 19.1035

74 20.0192

77 20.6923

80 21.1675

83 22.0753

86 23.4143

89 25.3757

92 26.3743

95 29.9832

98 30.7895

101 31.5466

104 35.0959

107 38.1804

110 40.1312

113 41.4393

116 43.7555

119 45.4591

122 46.3668

125 47.5982

128 48.7417

131 49.9099

134 51.2113

137 54.8446

140 56.7981

