5 0.00498317

8 0.360382

11 0.811241

14 1.08601

17 1.28379

20 1.63481

23 1.95276

26 2.36406

29 3.05147

32 3.21796

35 3.7087

38 4.2398

41 4.91801

44 5.60274

47 6.09834

50 6.75265

53 7.55504

56 8.57324

59 9.61944

62 10.8004

65 11.8843

68 12.847

71 14.706

74 16.2592

77 18.0618

80 19.6695

83 20.4918

86 21.0895

89 21.9678

92 23.6958

95 28.1564

98 29.1314

101 30.1559

104 32.944

107 34.4187

110 36.2422

113 38.2097

116 39.3587

119 41.0084

122 42.5395

125 44.2199

128 46.3133

