5 0.0126408

8 0.0284054

11 0.262509

14 0.849192

17 1.80096

20 2.35687

23 2.90574

26 3.15627

29 3.44735

32 3.81422

35 5.14341

38 5.83092

41 7.51288

44 8.49081

47 9.63985

50 11.194

53 12.1124

56 13.2621

59 15.1583

62 15.8755

65 16.9589

68 18.7503

71 19.9526

74 20.5175

77 21.3355

80 22.7113

83 24.6571

86 27.1264

89 27.8604

92 30.4516

95 32.1154

98 33.0414

101 33.8477

104 35.2526

107 36.0455

110 37.0991

113 38.9095

116 41.4462

119 43.1866

122 46.3135

125 48.4234

128 52.1247

131 56.3027

134 58.9522

137 61.0036

140 65.3081

143 66.5958

