5 0.0457404

8 0.354546

11 0.661422

14 0.97787

17 1.33336

20 1.84141

23 2.35554

26 2.90339

29 3.52156

32 4.04766

35 4.70014

38 5.24512

41 6.74573

44 7.44038

47 7.82596

50 8.49743

53 9.71885

56 11.3875

59 12.8528

62 13.5607

65 13.9795

68 14.5374

71 14.8547

74 15.2818

77 15.8566

80 16.4674

83 17.1378

86 18.1826

89 19.4265

92 20.9862

95 22.1887

98 23.829

101 24.8886

104 26.4801

107 28.0433

110 31.8293

113 32.6758

116 33.3634

119 34.5135

122 35.8546

125 36.8312

128 37.4785

131 38.2943

134 39.2176

137 41.3338

140 42.2071

143 43.467

146 47.3402

149 48.5941

152 50.0215

155 51.8643

158 53.7382

