5 0.0177811

8 0.0498741

11 0.16665

14 0.345809

17 0.932895

20 1.35878

23 1.7438

26 2.83348

29 3.11961

32 3.5712

35 4.73163

38 5.77451

41 6.39868

44 7.07368

47 7.87405

50 10.207

53 12.8986

56 14.1709

59 15.3575

62 19.0082

65 19.9421

68 21.0694

71 22.7755

74 25.5935

77 26.3693

80 26.8116

83 27.3598

86 27.5723

89 27.8551

92 28.3176

95 30.2391

98 31.2629

101 32.1518

104 33.1825

107 33.9347

110 35.9661

113 36.9926

116 38.0463

119 39.6848

122 43.5177

125 44.3826

128 46.7983

131 48.1213

134 49.1555

137 51.9412

