5 0.0358258

8 0.149534

11 0.436256

14 0.625817

17 0.995803

20 1.24244

23 1.46337

26 1.75625

29 1.90148

32 2.11692

35 2.31273

38 2.7388

41 3.9397

44 4.41873

47 4.98334

50 5.74441

53 7.67254

56 8.15367

59 9.36624

62 10.3759

65 12.4093

68 13.4471

71 14.2799

74 15.2778

77 17.5318

80 21.6486

83 23.4348

86 24.0907

89 26.2743

92 28.8279

95 31.1082

98 34.0375

101 35.2246

104 36.4129

107 37.7201

110 41.603

113 44.6581

116 46.346

119 47.7823

122 49.156

125 52.9462

128 55.9034

131 57.8539

