5 0.00140871

8 0.180783

11 1.25422

14 1.41904

17 1.63446

20 2.04663

23 2.79783

26 3.07192

29 3.6547

32 4.20879

35 4.84386

38 5.88157

41 7.02455

44 9.22056

47 9.94373

50 10.6135

53 13.0208

56 13.8571

59 14.7467

62 17.4889

65 19.8323

68 20.9259

71 23.0529

74 24.3716

77 25.1706

80 25.9574

83 26.5137

86 27.3316

89 27.9294

92 28.5955

95 29.5149

98 30.3989

101 32.0835

104 33.482

107 36.8886

110 38.4943

113 39.6544

116 40.7297

119 42.1569

122 43.8028

125 44.8304

128 46.0798

131 49.1393

134 50.0641

137 51.4798

140 53.2935

143 55.4258

146 57.1156

149 60.2238

152 61.6675

155 63.4565

158 65.0996

161 66.4025

