5 0.00225534

8 0.0453029

11 0.243681

14 0.676571

17 0.886788

20 1.85298

23 3.28874

26 3.78679

29 4.26605

32 4.55736

35 4.98797

38 5.5232

41 5.80155

44 6.98741

47 7.59366

50 8.45431

53 9.53469

56 10.6748

59 14.3281

62 15.1716

65 16.3263

68 19.0254

71 22.2336

74 24.2252

77 25.8874

80 26.8074

83 27.0199

86 27.6621

89 28.1184

92 29.4578

95 30.1274

98 30.8358

101 32.5905

104 33.7656

107 34.483

110 35.3343

113 36.2498

116 40.4846

119 41.7347

122 46.8824

125 47.7429

128 52.0743

131 53.6158

