5 0.0116043

8 0.0463781

11 0.149556

14 0.341358

17 1.10797

20 1.45185

23 1.80921

26 2.24269

29 3.37807

32 3.8337

35 5.37194

38 6.07071

41 6.91434

44 7.83479

47 9.63835

50 11.0355

53 13.5902

56 14.7388

59 16.036

62 20.3177

65 23.0541

68 24.5166

71 26.9959

74 27.5635

77 28.0004

80 28.3819

83 28.6312

86 30.2747

89 30.9523

92 31.8788

95 32.7764

98 33.5777

101 34.6269

104 36.0962

107 37.1413

110 41.3122

113 42.3073

116 43.3041

119 45.5683

122 47.1035

125 49.9999

128 51.3634

