5 0.0317615

8 0.140653

11 0.209973

14 0.393726

17 0.512719

20 0.716862

23 0.854585

26 1.21493

29 1.42853

32 3.14385

35 4.70573

38 5.60539

41 6.73986

44 7.96893

47 9.58461

50 11.5524

53 13.8318

56 14.5642

59 18.254

62 19.3007

65 20.4292

68 21.5534

71 22.1941

74 22.8213

77 23.3885

80 25.4385

83 26.7773

86 27.9771

89 32.2042

92 33.179

95 34.1089

98 35.2237

101 38.9549

104 40.5032

107 42.943

110 45.6203

113 47.6505

116 49.2884

119 55.6432

122 56.8538

125 58.8548

128 66.7374

131 68.2541

134 69.8024

137 71.67

140 73.7458

