5 0.00383041

8 0.239479

11 0.40964

14 0.730018

17 0.874973

20 2.18673

23 2.61969

26 3.69479

29 4.28145

32 5.67521

35 6.93006

38 7.8575

41 8.75203

44 10.4878

47 11.0561

50 11.4103

53 12.1045

56 13.0275

59 13.9136

62 14.9295

65 16.6291

68 20.2181

71 21.5057

74 22.4924

77 23.5479

80 24.9189

83 25.4005

86 26.2962

89 27.0905

92 28.2827

95 28.9804

98 29.8634

101 31.0439

104 32.2721

107 35.5357

110 37.2317

113 38.6434

116 40.7129

119 41.7821

122 44.1506

125 46.5886

128 48.3118

131 50.49

134 53.4655

137 56.1895

