5 0.00322038

8 0.0259311

11 0.133239

14 0.325299

17 1.20581

20 1.55567

23 1.95905

26 2.49431

29 3.41998

32 3.96998

35 5.7847

38 6.59673

41 7.29046

44 7.88202

47 8.87245

50 10.7731

53 11.9997

56 14.7002

59 15.824

62 17.1551

65 21.1083

68 24.0393

71 25.5612

74 28.3647

77 29.2488

80 29.7984

83 30.4544

86 30.6248

89 31.0068

92 33.02

95 33.9716

98 35.0498

101 36.0588

104 36.8623

107 38.0463

110 39.5463

113 40.5198

116 44.7951

119 45.8217

122 46.8837

125 49.2993

128 51.0725

131 54.1786

