5 0.0592414

8 0.121957

11 0.228197

14 0.672752

17 1.09986

20 1.35498

23 1.61401

26 1.91072

29 3.21052

32 4.06503

35 4.48981

38 5.31214

41 7.12113

44 7.85268

47 8.6782

50 9.90594

53 11.194

56 13.9878

59 14.9072

62 19.2347

65 20.4826

68 21.1248

71 21.7103

74 22.3811

77 22.792

80 23.49

83 24.0568

86 25.8219

89 26.8264

92 28.698

95 30.4635

98 31.5929

101 33.6974

104 34.591

107 35.3721

110 36.1889

113 38.8553

116 40.1135

119 41.0619

122 43.0918

125 46.6429

128 47.0631

131 47.8924

134 48.7878

137 50.0927

140 51.6477

143 52.7307

146 53.9155

149 54.9869

152 57.1391

155 59.4605

158 60.1764

161 66.0563

