5 0.021498

8 0.14801

11 0.319951

14 0.471157

17 0.678336

20 0.857854

23 1.14879

26 1.66837

29 1.99721

32 2.54455

35 3.21917

38 4.01693

41 5.20004

44 5.62043

47 7.42657

50 8.45853

53 9.50092

56 10.8815

59 12.8664

62 14.0677

65 15.2579

68 16.0788

71 18.9183

74 20.0782

77 20.8998

80 21.7778

83 23.3012

86 24.4336

89 25.123

92 26.0518

95 28.8227

98 30.2426

101 35.6819

104 36.982

107 38.576

110 39.8539

113 41.2156

116 46.6428

119 48.0015

122 55.2771

125 56.6498

