5 0.0102096

8 0.0918017

11 0.413999

14 0.759111

17 1.23417

20 2.17811

23 2.74922

26 3.15726

29 3.5023

32 3.98917

35 4.30799

38 4.73064

41 5.43631

44 6.30907

47 7.45739

50 7.86896

53 8.96075

56 9.91711

59 11.7264

62 13.0963

65 14.7384

68 16.5091

71 19.3317

74 20.4782

77 21.636

80 23.7038

83 24.453

86 25.5103

89 27.9955

92 28.7035

95 29.3347

98 30.6357

101 33.4173

104 34.5192

107 35.3478

110 36.4839

113 37.9355

116 39.8483

119 41.2245

122 44.7117

125 45.8242

128 47.2904

131 48.6915

134 50.7979

137 52.4067

140 56.1287

143 58.216

146 61.6972

149 63.3384

152 67.4832

155 73.5091

158 75.0991

161 76.9524

164 79.7167

167 81.448

170 82.9844

173 84.846

176 86.3309

179 88.4397

182 91.5348

185 94.0152

