5 0.000527041

8 0.0442671

11 0.389352

14 0.94132

17 1.60328

20 2.86481

23 3.3384

26 3.95536

29 4.7652

32 5.41193

35 5.9867

38 8.60462

41 8.98173

44 9.51962

47 10.409

50 12.6363

53 13.0642

56 15.2991

59 16.6716

62 18.8718

65 19.8195

68 20.9167

71 21.7824

74 23.8295

77 25.719

80 28.7707

83 29.3114

86 30.0648

89 30.2354

92 31.9969

95 33.2374

98 34.3436

101 35.0196

104 35.9123

107 36.8584

110 37.8977

113 39.0449

116 40.373

119 41.8063

122 46.5705

125 47.5754

128 50.1628

131 51.4815

134 52.6334

137 54.4753

