5 0.015876

8 0.109795

11 0.462637

14 0.962805

17 1.61267

20 1.72071

23 1.89851

26 2.77118

29 3.66432

32 4.73797

35 5.42573

38 7.10271

41 8.14584

44 9.80419

47 10.3069

50 11.3961

53 12.6612

56 14.5269

59 15.4177

62 16.2791

65 17.5831

68 18.5224

71 20.9174

74 21.8604

77 22.6152

80 25.2752

83 26.2661

86 27.575

89 30.944

92 31.928

95 32.458

98 33.2835

101 34.5383

104 36.6403

107 38.4767

110 41.712

113 43.3861

116 45.0226

119 47.3574

122 48.6211

125 51.2541

128 53.3887

131 58.1755

134 59.2449

137 60.4351

140 62.1003

143 65.066

146 70.1613

149 71.1122

