5 0.0045798

8 0.380522

11 0.509633

14 1.09618

17 1.60946

20 2.18821

23 2.54198

26 2.90648

29 3.26994

32 3.84174

35 4.06362

38 4.30919

41 4.68557

44 5.21434

47 5.90588

50 6.7

53 8.03373

56 9.7948

59 11.9364

62 13.4111

65 14.0559

68 14.9485

71 16.1511

74 17.224

77 18.4303

80 19.3587

83 20.2229

86 21.7068

89 23.5401

92 25.9231

95 26.9083

98 28.01

101 30.0658

104 31.1421

107 32.1822

110 33.4281

113 34.2419

116 38.7926

119 40.1647

122 44.9812

125 45.9551

128 47.4759

131 52.1468

134 53.478

137 54.9518

140 59.6053

