5 0.030924

8 0.0930744

11 0.374597

14 0.553422

17 0.726092

20 0.965854

23 1.81127

26 3.12917

29 5.03848

32 5.61494

35 6.35241

38 6.98574

41 7.44445

44 9.34824

47 9.79569

50 10.9149

53 11.8139

56 13.4869

59 15.089

62 16.3885

65 17.4949

68 18.8249

71 20.4405

74 21.6653

77 22.4392

80 23.5323

83 24.1794

86 25.0442

89 27.8748

92 28.7518

95 29.5574

98 33.9939

101 35.6938

104 36.5299

107 37.4273

110 38.9767

113 44.3542

116 45.3407

119 46.6645

122 48.2195

125 50.5199

128 52.4384

