5 0.00772076

8 0.151886

11 0.345089

14 0.685363

17 0.878674

20 1.31598

23 1.99427

26 2.28124

29 2.71942

32 3.26352

35 3.67453

38 4.25645

41 4.68962

44 5.16745

47 5.75257

50 6.52392

53 7.07256

56 8.05943

59 9.61243

62 11.2138

65 12.1759

68 13.3993

71 14.4767

74 15.4353

77 16.7806

80 18.6089

83 19.9085

86 20.8457

89 22.2308

92 25.9001

95 26.8322

98 28.9627

101 29.7507

104 30.8438

107 31.9272

110 34.0561

113 34.987

116 39.2679

119 40.3507

122 41.0885

125 41.8014

128 42.9094

131 45.0074

134 46.4186

137 50.1366

