5 0.00219788

8 0.0604257

11 0.134332

14 0.351988

17 1.10179

20 1.41851

23 1.7692

26 2.72943

29 3.13473

32 4.63985

35 5.21044

38 5.97972

41 6.56099

44 7.4975

47 9.50536

50 10.2836

53 12.9931

56 14.2082

59 15.373

62 20.0172

65 20.9407

68 21.8369

71 23.4344

74 25.0817

77 27.6826

80 30.5969

83 31.6785

86 32.3809

89 32.767

92 33.1721

95 33.4426

98 34.8831

101 35.9166

104 36.7879

107 37.6857

110 38.6523

113 39.8542

116 40.9796

119 41.8654

122 43.1022

125 47.3482

128 48.2875

131 48.9812

134 52.279

137 55.6867

140 56.9034

