5 0.0482965

8 0.252558

11 0.403882

14 0.622651

17 0.922069

20 1.14378

23 1.71638

26 2.17928

29 2.67485

32 3.26558

35 4.2687

38 4.67682

41 5.16311

44 7.04369

47 7.52955

50 10.5525

53 12.4708

56 13.4648

59 15.9614

62 17.9647

65 22.6146

68 23.1887

71 23.5752

74 23.8603

77 24.3128

80 25.7156

83 26.2974

86 27.0955

89 28.2146

92 29.6646

95 30.4731

98 31.4164

101 32.9074

104 35.8221

107 37.2053

110 38.7386

113 40.2171

116 40.9376

119 42.0204

122 43.2961

125 44.3863

128 45.9539

131 47.3298

134 48.6379

