5 0.000170952

8 0.159138

11 0.319946

14 0.618655

17 1.17847

20 1.53206

23 2.21383

26 3.0565

29 3.73204

32 4.1581

35 4.48708

38 5.08219

41 5.93986

44 7.0933

47 7.96024

50 8.29525

53 9.2528

56 10.6199

59 11.4731

62 12.2108

65 14.2436

68 15.1265

71 16.4851

74 17.0932

77 17.6906

80 18.4065

83 19.8904

86 21.0245

89 21.473

92 22.1266

95 23.2318

98 27.0539

101 27.833

104 32.2153

107 38.1526

110 39.5017

113 40.6005

116 41.808

119 44.6858

122 45.671

125 47.2892

128 51.352

131 53.9028

134 58.5695

137 59.2884

140 60.059

143 60.8937

146 64.7881

149 67.0581

152 68.5823

