5 0.0010904

8 0.188925

11 0.407425

14 0.544712

17 0.802779

20 1.04654

23 1.39512

26 1.724

29 2.13281

32 3.29323

35 4.48608

38 4.99101

41 5.60574

44 7.10325

47 7.80039

50 8.57291

53 9.77582

56 10.7729

59 12.0432

62 12.9179

65 13.7499

68 14.2465

71 14.8148

74 15.2973

77 15.8996

80 16.7092

83 17.5968

86 19.8608

89 20.823

92 22.5313

95 23.4122

98 24.2221

101 24.8947

104 25.7027

107 26.7763

110 28.121

113 30.8478

116 32.356

119 37.2004

122 38.1553

125 41.3844

128 43.0405

131 45.7106

134 47.7394

137 49.8427

140 56.055

