5 0.00260438

8 0.0759229

11 0.344049

14 0.827266

17 1.28923

20 1.55621

23 1.95652

26 2.41821

29 3.16419

32 4.40666

35 5.08446

38 7.47442

41 8.07816

44 8.71924

47 9.87653

50 10.378

53 10.8197

56 11.8275

59 13.9387

62 15.4903

65 18.7955

68 19.8249

71 20.6705

74 21.2552

77 21.7405

80 23.661

83 24.4162

86 25.401

89 26.2988

92 27.6358

95 29.8195

98 31.0405

101 34.189

104 36.6602

107 38.1791

110 39.5063

113 40.9628

116 42.0913

119 43.3289

122 44.5553

125 45.9679

128 49.2422

131 50.4929

134 52.0797

137 52.8095

140 54.1228

143 55.265

146 56.1884

149 58.7962

152 60.3229

155 61.8365

158 63.3433

161 66.054

164 67.1455

167 68.2588

170 70.1919

