5 0.0531455

8 0.168232

11 0.352449

14 0.668644

17 0.982351

20 1.26075

23 2.48332

26 3.05057

29 5.18518

32 6.30062

35 7.94692

38 8.44585

41 8.79646

44 9.41337

47 10.9865

50 11.4176

53 11.8622

56 12.1246

59 12.5099

62 13.6802

65 14.0993

68 14.9677

71 15.8181

74 16.8273

77 19.5598

80 20.4007

83 21.1629

86 22.5913

89 23.3516

92 25.2694

95 26.2512

98 27.3136

101 28.3382

104 29.4947

107 32.3898

110 33.6901

113 35.3237

116 37.4415

119 39.2262

122 41.037

125 42.5418

