5 0.00268067

8 0.0343666

11 0.149136

14 0.369327

17 0.94848

20 1.5462

23 2.14697

26 3.07796

29 3.36625

32 4.00796

35 5.53095

38 6.29968

41 7.14001

44 7.70547

47 8.43125

50 10.6081

53 13.5687

56 14.8299

59 15.9765

62 20.0279

65 20.5127

68 23.3744

71 26.7791

74 27.5287

77 27.9805

80 28.4335

83 28.6417

86 28.9327

89 29.4192

92 31.1587

95 32.6879

98 33.3243

101 34.378

104 35.3711

107 36.3451

110 38.1117

113 42.7687

116 43.9079

119 44.8571

122 47.646

125 51.5269

