5 0.0340365

8 0.102275

11 0.202868

14 0.386355

17 0.598747

20 1.43724

23 2.21911

26 2.82059

29 3.56603

32 4.9378

35 5.69634

38 6.6315

41 8.00778

44 11.8085

47 12.7934

50 14.0108

53 18.5559

56 19.5613

59 20.8883

62 25.6721

65 26.4449

68 27.2729

71 28.0232

74 29.0971

77 29.5552

80 30.0474

83 32.0264

86 33.5777

89 35.1741

92 36.5208

95 37.9928

98 39.1683

101 40.9645

104 42.8336

107 44.1043

110 45.3792

113 46.3116

116 50.062

119 51.4053

122 55.2604

125 56.8991

128 58.8093

131 61.2952

134 62.9825

