5 0.00326322

8 0.0673646

11 0.138944

14 0.380019

17 1.01281

20 1.30323

23 1.7964

26 2.71012

29 3.32839

32 5.24679

35 5.77716

38 6.82833

41 7.45631

44 8.39291

47 10.289

50 11.4758

53 14.0417

56 15.1515

59 16.4655

62 20.5842

65 22.235

68 25.6933

71 28.8542

74 29.7017

77 30.2347

80 30.8772

83 31.2302

86 32.7555

89 33.8678

92 34.7912

95 35.7401

98 36.7557

101 38.0114

104 39.0763

107 40.0573

110 44.4855

113 45.5194

116 46.549

119 47.5856

122 50.6455

125 53.5598

