5 0.0104311

8 0.179734

11 0.293509

14 0.535642

17 1.04829

20 1.54729

23 2.1298

26 3.13175

29 3.5394

32 3.96146

35 5.75938

38 6.21689

41 7.50136

44 8.10246

47 8.54861

50 9.54637

53 10.5018

56 12.1166

59 14.4331

62 15.1231

65 18.5834

68 19.3025

71 20.3235

74 21.6728

77 23.0274

80 24.6515

83 26.134

86 32.3715

89 33.2894

92 33.9925

95 35.0711

98 36.4537

101 37.2069

104 39.6474

107 40.6835

110 44.9744

113 46.2718

116 48.1003

119 49.5609

122 51.17

125 56.9997

128 58.2357

131 59.9418

134 63.5447

137 64.9998

140 69.3246

