5 0.0111124

8 0.122927

11 0.253156

14 0.488422

17 0.788959

20 1.25105

23 1.55764

26 1.99521

29 2.79298

32 3.1234

35 4.72065

38 5.14227

41 5.64174

44 6.48607

47 8.68139

50 9.38418

53 12.2881

56 13.4294

59 14.4734

62 18.0136

65 18.8539

68 19.8159

71 21.4586

74 23.0983

77 26.2651

80 26.9491

83 27.3227

86 27.5943

89 28.1265

92 28.547

95 29.8083

98 30.8442

101 31.9003

104 32.6086

107 33.0723

110 33.7091

113 34.671

116 35.8688

119 37.8094

122 42.0313

125 42.8856

128 43.8626

131 45.2661

134 46.9258

137 48.1803

