5 0.00954351

8 0.126965

11 0.365769

14 1.03113

17 1.19537

20 1.4384

23 2.81171

26 3.75468

29 5.366

32 6.09016

35 6.89475

38 7.92967

41 9.28738

44 10.6729

47 11.6438

50 12.6387

53 13.6559

56 14.6819

59 15.7122

62 18.1709

65 18.8437

68 22.9747

71 27.9562

74 29.0423

77 30.0197

80 31.6378

83 33.0524

86 34.124

89 35.3664

92 38.7219

95 40.1144

98 46.4886

101 47.5948

104 55.6745

107 57.0571

110 59.1172

113 60.7265

116 67.8742

119 68.8647

122 69.9265

125 79.1636

