5 0.0203868

8 0.049513

11 0.184761

14 0.367146

17 0.984497

20 1.39933

23 1.76333

26 2.05056

29 2.77693

32 3.71362

35 4.0613

38 4.76231

41 6.01345

44 6.84506

47 7.52301

50 8.32857

53 10.4461

56 11.4606

59 13.9737

62 15.2516

65 16.5829

68 20.1372

71 20.976

74 22.3873

77 24.1609

80 26.918

83 27.4085

86 27.8981

89 28.3342

92 28.5807

95 28.924

98 30.5686

101 31.8019

104 32.9395

107 33.5906

110 34.4792

113 35.3165

116 37.3151

119 38.5013

122 39.6449

125 43.9061

128 44.9942

131 47.4766

134 48.7242

137 49.8071

140 52.5272

