5 0.0194446

8 0.11569

11 0.223025

14 0.493498

17 0.877218

20 1.29814

23 1.9087

26 2.90628

29 3.44416

32 5.56235

35 6.43582

38 8.02489

41 8.74553

44 10.36

47 11.4104

50 12.8192

53 13.2913

56 14.6788

59 15.1503

62 16.5009

65 18.5729

68 19.3458

71 20.1903

74 20.6643

77 23.3271

80 24.6217

83 27.3955

86 28.6057

89 29.3753

92 30.2406

95 31.1483

98 33.9062

101 35.4885

104 38.9109

107 40.5659

110 41.4656

113 44.1741

116 45.7017

119 49.4682

122 51.1222

125 53.8578

128 54.8739

131 56.7265

134 57.6485

137 58.947

