5 0.00253424

8 0.0820765

11 0.180171

14 0.378392

17 0.896058

20 1.13728

23 1.4734

26 2.34612

29 2.59007

32 2.97983

35 3.92439

38 4.74565

41 5.32888

44 5.99838

47 6.75701

50 8.56209

53 10.951

56 12.1339

59 13.2817

62 16.6224

65 17.2521

68 17.9756

71 19.0714

74 21.1321

77 23.9992

80 24.6687

83 25.228

86 25.91

89 26.1672

92 26.5044

95 26.9746

98 29.3452

101 30.7214

104 31.9287

107 33.3449

110 34.2421

113 35.5391

116 36.9196

119 37.8925

122 39.4229

125 43.3528

128 44.4881

131 47.4621

134 49.1086

137 52.6591

