5 0.0318544

8 0.0892955

11 0.191988

14 0.427112

17 0.583739

20 0.875582

23 2.00529

26 3.15497

29 3.7607

32 5.28816

35 6.09036

38 6.35162

41 6.77294

44 7.15122

47 7.83024

50 9.26136

53 10.3108

56 12.7903

59 13.6056

62 14.263

65 15.0634

68 16.8771

71 18.2425

74 20.8212

77 21.5206

80 22.1163

83 24.0988

86 25.2639

89 26.8167

92 29.722

95 30.7262

98 31.4611

101 32.8542

104 36.3009

107 37.8013

110 40.391

113 42.2536

116 43.415

119 44.6721

122 46.3689

125 48.065

128 51.954

131 54.2063

134 55.644

137 57.9639

