5 0.0407357

8 0.0785439

11 0.199335

14 0.347571

17 0.6031

20 1.4126

23 1.83445

26 2.26751

29 2.83751

32 4.07855

35 5.03456

38 6.44477

41 7.25975

44 7.78766

47 8.61163

50 9.66065

53 10.3277

56 11.7427

59 12.9563

62 14.2745

65 15.2347

68 16.594

71 18.2115

74 19.5547

77 21.1703

80 22.5127

83 23.5361

86 25.8115

89 27.6671

92 28.713

95 29.6527

98 30.7661

101 32.2348

104 33.3052

107 34.3356

110 35.3577

113 36.5386

116 37.6493

119 39.0061

122 40.4127

125 42.4411

128 44.2749

131 45.7835

134 46.8833

137 48.2017

140 49.6999

143 51.9223

146 55.4193

