5 0.0597478

8 0.178913

11 0.499812

14 0.787329

17 1.07063

20 1.47538

23 2.20139

26 4.0054

29 4.50608

32 5.1359

35 5.69171

38 6.17281

41 7.46014

44 9.02874

47 9.64212

50 10.3058

53 11.1639

56 12.1027

59 13.114

62 14.4805

65 15.2777

68 17.3938

71 18.421

74 20.1291

77 20.9962

80 21.7145

83 22.4015

86 23.2817

89 24.3681

92 25.2448

95 26.7476

98 28.2706

101 31.4615

104 33.6537

107 34.2661

110 34.9269

113 36.4957

116 38.3846

119 42.6001

122 43.9297

125 45.8977

128 48.0924

131 53.0913

134 55.1044

