5 0.00123173

8 0.0683266

11 0.130167

14 0.300352

17 0.8993

20 1.21753

23 1.64546

26 2.54378

29 2.83261

32 3.33858

35 5.13766

38 5.68482

41 6.7215

44 7.52671

47 8.41176

50 10.518

53 13.3979

56 14.5561

59 15.6257

62 19.903

65 20.7566

68 22.0728

71 23.4591

74 26.1974

77 27.8846

80 30.4303

83 31.1129

86 31.6102

89 32.029

92 32.4065

95 33.8027

98 34.6837

101 35.5953

104 36.3052

107 37.3432

110 38.3936

113 39.4417

116 40.8293

119 45.0726

122 46.1084

125 47.0824

128 48.2041

131 50.6741

134 52.3831

137 55.2689

