5 0.0209155

8 0.221055

11 0.493486

14 0.822033

17 1.22632

20 1.56549

23 2.34456

26 3.06693

29 3.895

32 4.53078

35 5.22613

38 5.99574

41 6.74719

44 7.83771

47 9.09148

50 10.1496

53 11.0321

56 11.8048

59 12.3979

62 13.5668

65 14.721

68 15.4649

71 16.7161

74 17.6294

77 18.4439

80 19.252

83 20.3525

86 21.7928

89 22.598

92 23.8787

95 24.8512

98 25.9532

101 27.0958

104 28.4816

107 29.7592

110 30.6201

113 32.0795

116 33.1462

119 34.0752

122 35.0708

125 36.318

128 37.7827

131 38.5706

134 40.2267

137 41.0239

