5 0.0826845

8 0.278503

11 0.609721

14 1.12709

17 1.2946

20 1.66066

23 2.08906

26 2.58859

29 3.25782

32 3.67347

35 4.29777

38 5.25907

41 5.69168

44 7.43419

47 8.19677

50 9.0617

53 9.99901

56 11.956

59 13.7446

62 14.8365

65 15.5405

68 16.2275

71 18.5945

74 19.0194

77 19.1882

80 19.8166

83 20.2974

86 20.9301

89 22.5357

92 22.8873

95 25.1362

98 26.1779

101 29.1953

104 30.1316

107 32.9461

110 34.1823

113 35.2894

116 36.7083

119 38.0997

122 38.7445

125 39.495

128 40.6772

131 44.0711

134 45.1018

137 46.3528

140 50.2732

143 51.5833

