5 0.00541018

8 0.362153

11 0.763553

14 1.00624

17 1.34468

20 1.8206

23 1.93538

26 2.05151

29 2.36355

32 3.48527

35 4.9479

38 5.3568

41 5.76199

44 6.35929

47 7.24047

50 7.78602

53 8.43674

56 9.18252

59 10.1147

62 11.6724

65 13.9968

68 15.1759

71 16.2593

74 17.8049

77 19.1947

80 20.4662

83 22.2655

86 25.609

89 26.4685

92 27.2185

95 28.491

98 29.4429

101 34.9947

104 35.7953

107 36.9784

110 43.4143

113 45.6044

116 47.6369

119 49.1074

122 50.0617

125 50.5104

128 50.8535

131 51.3971

134 51.9979

137 53.6811

140 54.8711

143 57.4761

146 57.8146

149 58.3101

152 59.3962

155 60.5654

158 61.3414

161 61.9305

164 62.7041

167 65.1957

170 66.3994

173 67.9053

176 69.1936

179 71.9918

182 73.55

185 75.4891

188 79.9639

191 81.1176

194 82.2121

