5 0.0206459

8 0.140157

11 0.818746

14 1.14068

17 1.87592

20 2.40684

23 2.64407

26 3.52577

29 5.20308

32 6.1166

35 7.19851

38 8.07491

41 8.73845

44 9.27582

47 10.4578

50 10.9527

53 11.5519

56 12.752

59 14.2498

62 14.9833

65 15.8632

68 17.7449

71 19.2628

74 21.222

77 22.602

80 24.3011

83 25.8366

86 27.0665

89 28.0209

92 29.2333

95 30.9338

98 32.6126

101 34.5501

104 36.0064

107 37.9645

110 39.8225

113 41.7429

116 43.1314

119 45.929

122 46.8249

125 48.8998

128 49.6158

131 51.4506

