5 0.00455395

8 0.0786425

11 0.857986

14 1.21059

17 1.4173

20 2.01964

23 3.10651

26 5.05015

29 5.96108

32 7.45361

35 9.37482

38 10.0781

41 12.6405

44 13.6682

47 14.8908

50 17.2087

53 18.1852

56 20.6766

59 21.5074

62 22.5598

65 23.9616

68 24.9474

71 27.1461

74 27.9088

77 29.2438

80 29.9664

83 30.7443

86 33.0985

89 33.6464

92 36.4583

95 38.6921

98 39.1053

101 41.8998

104 43.2179

107 45.701

110 46.1855

113 46.9175

116 48.4716

119 49.4259

122 51.5131

125 54.8625

128 56.1055

131 57.6755

134 59.7973

137 60.9071

140 62.5275

143 63.3567

146 65.0043

149 66.5346

