5 0.0399797

8 0.0734336

11 0.439024

14 0.873217

17 1.0925

20 1.44646

23 1.92621

26 2.84084

29 3.65089

32 5.10817

35 5.77955

38 6.1661

41 7.86066

44 8.74765

47 10.2929

50 10.9867

53 11.9538

56 12.956

59 14.925

62 15.8435

65 16.5458

68 18.1224

71 21.362

74 21.6964

77 23.8381

80 25.1653

83 29.1035

86 30.569

89 34.0504

92 35.2324

95 36.1014

98 37.2906

101 39.8124

104 41.2194

107 44.5946

110 46.4662

113 48.8099

116 50.3256

119 54.2222

122 56.4304

125 58.1012

128 59.7091

131 62.0299

134 63.5398

137 64.9583

140 66.262

143 67.2604

146 68.0264

