5 0.00350639

8 0.0590869

11 0.137056

14 0.363574

17 1.18987

20 1.54171

23 2.0031

26 3.23523

29 5.39489

32 5.90146

35 6.64834

38 7.2076

41 8.07675

44 8.96765

47 11.0783

50 13.9896

53 15.1644

56 16.2472

59 21.1155

62 22.1592

65 22.9841

68 23.9843

71 25.1433

74 26.8403

77 28.465

80 31.2351

83 31.9901

86 32.5296

89 33.0217

92 33.2614

95 33.6909

98 35.7202

101 36.7209

104 37.8052

107 38.8344

110 39.6751

113 40.9403

116 42.1526

119 43.0737

122 44.5358

125 48.8755

128 49.6227

131 50.6506

134 53.6386

137 56.5953

