5 0.0271364

8 0.0503163

11 0.273956

14 0.724435

17 1.29171

20 2.47439

23 3.00636

26 3.66243

29 4.30241

32 4.863

35 5.80874

38 6.3867

41 8.93633

44 9.32112

47 10.1104

50 12.5939

53 13.0276

56 13.7135

59 16.2252

62 18.7874

65 19.6402

68 20.5607

71 21.5884

74 23.5983

77 27.7692

80 28.7796

83 29.6852

86 30.18

89 30.7233

92 31.0969

95 33.3947

98 34.5814

101 35.4304

104 36.5786

107 37.4425

110 38.6629

113 39.8097

116 41.1879

119 42.6868

122 47.5256

125 48.6226

128 51.3235

131 52.7715

134 53.9133

137 55.9011

