5 0.00154204

8 0.0733657

11 0.165758

14 0.416144

17 0.886036

20 1.28173

23 1.69998

26 2.46758

29 2.86888

32 3.78141

35 5.04702

38 5.51171

41 7.58672

44 8.28294

47 10.7373

50 11.7564

53 12.7395

56 15.9434

59 16.9774

62 17.7472

65 19.0944

68 23.5531

71 24.2976

74 24.7763

77 25.2037

80 25.595

83 27.0386

86 28.1536

89 28.837

92 30.0794

95 30.6682

98 31.7509

101 32.6289

104 33.4559

107 34.4549

110 35.0735

113 37.2294

116 38.7774

119 41.714

122 43.058

125 44.2849

128 47.8871

131 53.3222

