5 0.0129076

8 0.0568819

11 0.883125

14 2.00937

17 2.6413

20 3.22015

23 3.95539

26 4.55993

29 5.36897

32 6.04204

35 8.50076

38 8.83652

41 9.5251

44 10.2463

47 12.2081

50 12.8843

53 15.2206

56 17.788

59 18.5767

62 19.5446

65 20.6532

68 22.6581

71 26.5643

74 27.725

77 28.6721

80 29.201

83 29.8343

86 30.1093

89 32.1831

92 33.5847

95 34.5929

98 35.4522

101 36.3493

104 37.478

107 38.3221

110 39.8136

113 41.1494

116 42.9403

119 47.3677

122 48.7007

125 51.1239

128 52.5629

131 53.5975

