5 0.0175764

8 0.0562184

11 0.186118

14 0.365339

17 0.959073

20 1.37927

23 1.77937

26 2.86161

29 3.13947

32 3.60462

35 4.73852

38 5.72575

41 6.29354

44 6.95141

47 7.75767

50 10.0215

53 12.7022

56 13.8748

59 14.975

62 18.4996

65 19.4422

68 20.5769

71 22.2394

74 25.1324

77 25.9109

80 26.3327

83 26.8617

86 27.0736

89 27.3725

92 27.7999

95 29.6539

98 31.1883

101 31.792

104 32.634

107 33.3979

110 35.2424

113 36.6878

116 38.1451

119 42.3004

122 43.3059

125 44.2539

128 46.9713

131 48.2697

134 49.5617

