5 0.0332575

8 0.0568347

11 0.287698

14 0.741919

17 0.987602

20 1.45815

23 2.69111

26 3.13708

29 3.7732

32 4.82203

35 6.30904

38 7.16729

41 7.8975

44 9.68465

47 10.6429

50 12.2649

53 13.5312

56 14.307

59 15.4347

62 16.7709

65 17.4826

68 20.2043

71 20.7593

74 21.8499

77 22.6466

80 23.5097

83 24.9592

86 25.7325

89 26.7168

92 28.112

95 30.1446

98 33.0521

101 34.1787

104 35.1677

107 36.1885

110 37.3294

113 38.9243

116 40.7934

119 42.9507

122 49.3144

125 51.4933

128 53.9508

131 55.0637

134 57.7615

137 58.4964

140 60.3143

