5 0.016706

8 0.0873008

11 0.220755

14 0.459683

17 1.11339

20 1.4468

23 2.10801

26 3.04958

29 3.3586

32 4.06289

35 5.27191

38 6.09139

41 6.7682

44 7.53356

47 9.59599

50 10.6496

53 13.0652

56 14.3336

59 15.5556

62 19.3978

65 20.2627

68 22.3752

71 24.0027

74 26.4107

77 26.8285

80 27.3369

83 27.5423

86 27.7758

89 29.1933

92 30.2989

95 31.3983

98 32.0196

101 33.003

104 34.7622

107 35.8604

110 37.3833

113 39.0149

116 43.0451

119 43.9658

122 44.8963

125 47.3772

128 48.6647

131 49.99

134 52.3228

