5 0.0256719

8 0.217384

11 0.398341

14 0.547108

17 0.893366

20 1.9344

23 3.43389

26 3.98595

29 5.11504

32 6.87163

35 7.79395

38 8.34769

41 9.9512

44 11.209

47 12.6523

50 13.2325

53 13.552

56 13.8478

59 14.4548

62 16.8406

65 18.9413

68 19.6459

71 20.3256

74 21.1035

77 24.3064

80 27.6257

83 28.5776

86 29.6817

89 30.5574

92 31.1711

95 32.6342

98 33.4358

101 34.6244

104 36.1765

107 39.4626

110 40.6181

113 42.4354

116 45.2423

119 46.9889

122 48.2671

125 49.51

128 49.9676

