5 0.000278863

8 0.0637055

11 0.123833

14 0.29253

17 0.886855

20 1.19815

23 1.62644

26 2.50632

29 2.78811

32 3.24399

35 5.06937

38 5.62913

41 6.7108

44 7.32626

47 8.25205

50 10.112

53 11.2335

56 14.1757

59 15.4242

62 16.6378

65 20.606

68 21.5977

71 22.5095

74 23.6975

77 26.3429

80 28.0017

83 30.4612

86 31.1733

89 31.655

92 32.0863

95 32.4057

98 33.9248

101 34.8726

104 35.6924

107 36.5832

110 37.5421

113 38.6976

116 39.8209

119 40.7428

122 42.058

125 46.4021

128 47.4607

131 48.4012

134 51.1927

137 53.9065

