5 0.0547526

8 0.242752

11 0.427599

14 0.567236

17 0.78902

20 1.53717

23 2.34283

26 3.25132

29 3.63015

32 3.98049

35 4.52511

38 5.71772

41 6.46409

44 7.76688

47 8.55512

50 9.74509

53 11.6871

56 12.7713

59 14.9566

62 17.0748

65 18.2788

68 19.1809

71 21.0158

74 22.5674

77 24.157

80 25.1886

83 25.7912

86 26.9516

89 28.2156

92 29.8528

95 31.8246

98 33.0341

101 33.6045

104 35.7938

107 37.2511

110 39.9544

113 41.6633

116 42.9071

119 44.8694

122 46.4538

125 50.364

128 52.7963

131 53.7006

