5 0.0331687

8 0.118825

11 0.380415

14 0.531411

17 0.720507

20 1.15812

23 1.60503

26 2.04398

29 2.65793

32 3.42418

35 4.79577

38 5.95975

41 6.88605

44 9.33201

47 10.2112

50 10.6041

53 11.2147

56 12.344

59 12.8178

62 13.3959

65 14.0831

68 15.397

71 17.991

74 18.7264

77 19.6305

80 21.7319

83 23.2846

86 23.7198

89 24.2356

92 25.3116

95 26.3268

98 27.321

101 28.3914

104 29.2815

107 30.2855

110 31.3002

113 32.0272

116 32.9899

119 35.4256

122 36.4618

125 37.0014

128 38.7056

131 39.7051

134 41.5586

137 42.2327

140 43.0439

143 44.8838

146 46.2133

149 46.9674

