5 0.0301317

8 0.144219

11 0.314526

14 0.5616

17 0.825558

20 0.954221

23 1.37454

26 2.51806

29 2.9278

32 3.37718

35 4.01919

38 5.1806

41 6.30862

44 6.94075

47 7.6004

50 8.47457

53 9.6666

56 10.9457

59 12.2393

62 13.2867

65 14.1412

68 14.8364

71 16.1818

74 17.8835

77 18.5139

80 19.0432

83 19.9794

86 20.5413

89 21.5713

92 23.7285

95 25.1495

98 26.8223

101 27.7759

104 28.8154

107 30.2171

110 32.0703

113 33.0047

116 33.9373

119 35.1635

122 36.4317

125 37.8436

128 40.3917

131 41.6187

134 42.3201

137 43.3765

140 45.5165

143 47.5876

146 49.4652

149 51.626

152 53.8592

155 55.6994

158 57.8945

