5 0.0822885

8 0.28736

11 0.602625

14 0.958228

17 1.35407

20 1.71347

23 1.85684

26 2.24804

29 2.81748

32 3.43725

35 3.97071

38 4.50475

41 5.52054

44 6.45833

47 7.26919

50 7.60677

53 8.13578

56 9.9787

59 10.5008

62 11.1773

65 12.1664

68 13.3059

71 16.2082

74 17.7344

77 19.1573

80 20.3715

83 21.8118

86 22.7846

89 23.7648

92 28.643

95 29.8557

98 30.8558

101 31.5661

104 32.7703

107 34.0911

110 35.2618

113 36.6276

116 38.6502

119 41.1477

122 42.6118

125 44.507

128 50.4949

131 52.3226

134 53.7097

