5 0.0407624

8 0.325086

11 0.484984

14 0.591048

17 0.816271

20 1.74083

23 2.07466

26 2.60632

29 2.9033

32 3.78811

35 5.09919

38 5.41538

41 5.77289

44 7.27288

47 7.96034

50 8.96377

53 9.77023

56 13.2329

59 13.9468

62 18.6798

65 19.7192

68 24.721

71 25.2749

74 25.7068

77 26.0864

80 26.6755

83 27.1269

86 27.5445

89 28.6743

92 30.3646

95 31.61

98 33.5209

101 34.317

104 37.2754

107 38.2812

110 39.538

113 41.1276

116 42.8935

119 45.8949

122 47.5208

125 48.9586

128 50.1701

131 51.3281

134 56.6983

137 58.2709

140 60.0104

143 64.7454

146 65.7494

149 67.2509

152 72.3696

155 74.186

158 82.7861

