5 0.00293929

8 0.0707503

11 0.124939

14 0.319236

17 0.507396

20 1.03085

23 1.367

26 1.75822

29 2.66464

32 2.97743

35 4.64419

38 5.198

41 6.0095

44 6.96663

47 7.67586

50 8.52171

53 10.5537

56 11.8889

59 14.3826

62 15.6043

65 16.9936

68 21.092

71 21.5925

74 22.4786

77 26.7652

80 28.2664

83 30.8463

86 31.5152

89 31.998

92 32.4479

95 32.6571

98 33.245

101 33.6467

104 35.5912

107 36.4705

110 37.263

113 38.1572

116 39.0959

119 40.2391

122 41.4011

125 42.5701

128 44.1056

131 48.5323

134 49.636

137 50.5773

140 53.3055

143 55.944

146 57.5051

