5 0.00868488

8 0.132304

11 0.225945

14 0.677588

17 0.877307

20 1.22315

23 1.63248

26 2.26559

29 2.66638

32 3.38498

35 4.36835

38 5.05904

41 5.61126

44 6.41607

47 8.30093

50 9.06884

53 11.7073

56 12.8276

59 16.2698

62 16.9268

65 17.6776

68 19.1362

71 20.6713

74 23.6243

77 27.4265

80 28.5699

83 29.15

86 29.5308

89 30.1129

92 32.3877

95 33.2291

98 34.2776

101 37.5175

104 38.7861

107 42.9717

110 44.0093

113 45.1748

116 46.9377

119 48.4775

122 49.6912

125 52.6663

128 54.176

131 57.8425

134 59.4607

137 61.3052

140 68.23

143 70.2611

146 73.1753

149 78.1997

152 80.9007

