5 3.0997e-05

8 0.135381

11 0.303587

14 0.619957

17 1.12316

20 1.48033

23 1.70646

26 1.97689

29 2.21254

32 3.05418

35 3.42592

38 3.98215

41 4.82266

44 7.00585

47 7.48359

50 8.25035

53 8.89778

56 9.53093

59 10.2002

62 12.2351

65 18.2428

68 18.5949

71 23.7036

74 24.5756

77 28.136

80 28.8798

83 29.1584

86 29.576

89 30.1541

92 31.4898

95 32.7692

98 36.6393

101 37.9572

104 45.2855

107 46.2997

110 47.3205

113 48.9217

116 51.1882

119 53.2856

122 54.8131

125 57.1288

128 58.8835

131 61.2174

134 63.3126

137 65.1044

140 66.6281

