5 0.0320252

8 0.180814

11 0.43345

14 0.615858

17 0.73623

20 1.02595

23 1.37855

26 2.06601

29 2.53102

32 3.33327

35 3.82689

38 4.38265

41 5.62945

44 6.69024

47 8.97186

50 9.45608

53 10.4348

56 13.5749

59 18.575

62 19.2723

65 20.0398

68 20.7197

71 21.2648

74 21.6754

77 22.4337

80 23.2783

83 24.3592

86 24.9834

89 27.7559

92 28.9597

95 29.6027

98 30.5485

101 31.9248

104 34.7337

107 35.5199

110 36.2545

113 37.3545

116 42.0128

119 42.706

122 46.2685

125 48.0726

128 54.4525

131 55.9189

