5 0.0320979

8 0.215713

11 0.333259

14 0.572143

17 0.829541

20 1.13591

23 1.29574

26 1.73927

29 2.63613

32 3.40504

35 3.70738

38 4.93543

41 5.84583

44 6.23752

47 8.01715

50 8.5112

53 9.37972

56 10.0522

59 11.7558

62 12.6705

65 13.6323

68 14.6745

71 15.7639

74 17.1694

77 18.2835

80 21.2868

83 22.5522

86 24.1896

89 25.7731

92 27.0865

95 28.2999

98 29.4623

101 30.3556

104 31.5946

107 32.8066

110 34.2192

113 37.8331

116 39.1553

119 42.6784

122 47.2063

125 48.7603

128 50.2123

131 56.4379

134 58.501

