5 0.00587745

8 0.106327

11 0.246164

14 0.494118

17 1.08277

20 1.42462

23 2.32828

26 2.7946

29 4.55053

32 5.13649

35 5.84875

38 6.60915

41 7.33617

44 8.42522

47 9.28062

50 10.469

53 13.0437

56 14.2541

59 15.478

62 19.2714

65 20.3476

68 22.1008

71 23.7229

74 26.7891

77 27.6578

80 28.3768

83 28.9259

86 29.3655

89 29.605

92 30.1893

95 32.2257

98 34.1964

101 34.9161

104 36.2028

107 37.2335

110 38.3329

113 39.5502

116 40.5686

119 41.3927

122 42.7815

125 47.4144

128 48.4622

131 49.3505

134 52.5691

137 54.1314

140 55.2718

143 56.4212

146 57.2814

149 58.7522

152 60.9741

