5 0.00141697

8 0.0965055

11 0.128822

14 0.371479

17 0.912615

20 1.16137

23 1.62536

26 2.5074

29 2.871

32 4.52281

35 5.18817

38 5.95254

41 6.6716

44 7.54237

47 8.31374

50 10.1945

53 11.3344

56 13.9168

59 15.1007

62 16.4315

65 20.175

68 21.1221

71 24.0104

74 25.6511

77 28.0562

80 28.7123

83 29.1313

86 29.5215

89 29.7703

92 31.4556

95 32.1223

98 33.0207

101 33.9179

104 34.6685

107 35.7141

110 36.8252

113 37.8607

116 39.3894

119 43.0614

122 44.0961

125 45.0379

128 47.2766

131 48.8382

134 51.8074

