5 0.010188

8 0.056032

11 0.179083

14 0.373589

17 1.19706

20 1.55387

23 2.01956

26 3.06996

29 3.51785

32 4.9813

35 5.50201

38 6.26125

41 6.89782

44 7.70198

47 9.78115

50 10.8564

53 13.5516

56 14.6981

59 15.8889

62 20.3019

65 21.1356

68 22.2494

71 23.872

74 25.4875

77 28.2666

80 29.3985

83 30.0909

86 30.5467

89 31.018

92 31.4579

95 33.4841

98 34.457

101 35.5823

104 36.6223

107 37.4723

110 38.654

113 40.1467

116 41.1734

119 45.5177

122 46.5623

125 47.6192

128 50.0875

131 51.9288

134 55.105

