5 0.00482949

8 0.0284322

11 0.13965

14 0.334215

17 1.23317

20 1.55047

23 1.93186

26 3.03481

29 3.33126

32 3.83467

35 5.45649

38 6.1877

41 7.02758

44 7.52719

47 8.62617

50 10.5889

53 11.5761

56 14.4794

59 15.6188

62 16.7881

65 20.7188

68 21.9562

71 23.7166

74 25.3397

77 28.118

80 29.229

83 29.9345

86 30.3583

89 30.7888

92 31.0565

95 32.9627

98 33.9009

101 34.9354

104 35.9358

107 36.7429

110 37.9531

113 39.1317

116 40.0708

119 41.5267

122 45.7329

125 46.6888

128 47.6399

131 50.1798

134 52.0872

137 54.955

