5 0.0149909

8 0.155834

11 0.483174

14 0.603006

17 0.959226

20 2.26131

23 2.63493

26 3.16791

29 3.4045

32 4.3

35 4.96474

38 6.03944

41 6.34753

44 6.94362

47 8.74221

50 9.68349

53 10.6831

56 11.6354

59 14.7554

62 17.9984

65 19.1215

68 20.1308

71 21.5943

74 26.9347

77 27.5412

80 27.9638

83 28.4655

86 28.9036

89 29.18

92 29.6101

95 30.4581

98 31.6137

101 32.9538

104 34.0538

107 35.9906

110 39.1173

113 40.3365

116 41.7907

119 43.564

122 47.9149

125 49.0243

128 49.9894

131 51.2725

134 56.1375

137 57.8744

140 59.6224

143 64.8809

146 65.8893

149 67.025

152 68.4939

155 75.56

158 77.4934

161 85.9437

164 87.3211

